2014	11	17	198	12
	881	420	220.250000	15.000000	1.013197e+03
	883	422	220.750000	15.500000	1.013294e+03
	822	427	205.500000	16.750000	1.014807e+03
	827	430	206.750000	17.500000	1.015037e+03
	832	434	208.000000	18.500000	1.015232e+03
	836	437	209.000000	19.250000	1.015257e+03
	873	438	218.250000	19.500000	1.014094e+03
	815	439	203.750000	19.750000	1.015672e+03
	857	439	214.250000	19.750000	1.014789e+03
	820	441	205.000000	20.250000	1.017004e+03
	817	442	204.250000	20.500000	1.017082e+03
	878	442	219.500000	20.500000	1.014049e+03
	885	442	221.250000	20.500000	1.014774e+03
	891	443	222.750000	20.750000	1.014459e+03
	814	445	203.500000	21.250000	1.017252e+03
	861	446	215.250000	21.500000	1.014682e+03
	896	447	224.000000	21.750000	1.014954e+03
	863	448	215.750000	22.000000	1.014677e+03
	887	448	221.750000	22.000000	1.015317e+03
	898	450	224.500000	22.500000	1.015307e+03
	899	452	224.750000	23.000000	1.015422e+03
	865	453	216.250000	23.250000	1.014652e+03
	990	457	247.500000	24.250000	1.014942e+03
	990	458	247.500000	24.500000	1.014942e+03
	993	462	248.250000	25.500000	1.015177e+03
	687	469	171.750000	27.250000	1.018769e+03
	986	472	246.500000	28.000000	1.016669e+03
	693	473	173.250000	28.250000	1.018529e+03
	982	476	245.500000	29.000000	1.017219e+03
	998	477	249.500000	29.250000	1.015189e+03
	969	479	242.250000	29.750000	1.017964e+03
	708	481	177.000000	30.250000	1.017774e+03
	975	482	243.750000	30.500000	1.018417e+03
	722	483	180.500000	30.750000	1.018204e+03
	727	484	181.750000	31.000000	1.018009e+03
	718	487	179.500000	31.750000	1.018264e+03
	719	488	179.750000	32.000000	1.018264e+03
	722	490	180.500000	32.500000	1.018244e+03
	979	492	244.750000	33.000000	1.023314e+03
	969	493	242.250000	33.250000	1.019502e+03
	1000	493	250.000000	33.250000	1.024259e+03
	977	494	244.250000	33.500000	1.023097e+03
	990	496	247.500000	34.000000	1.021804e+03
	960	497	240.000000	34.250000	1.020377e+03
	773	499	193.250000	34.750000	1.014942e+03
	696	500	174.000000	35.000000	1.017302e+03
	776	500	194.000000	35.000000	1.014949e+03
	997	501	249.250000	35.250000	1.031879e+03
	965	502	241.250000	35.500000	1.022704e+03
	998	503	249.500000	35.750000	1.032059e+03
	876	504	219.000000	36.000000	9.926569e+02
	960	505	240.000000	36.250000	1.023199e+03
	965	505	241.250000	36.250000	1.022427e+03
	990	506	247.500000	36.500000	1.030249e+03
	708	507	177.000000	36.750000	1.015162e+03
	948	507	237.000000	36.750000	1.022139e+03
	1000	507	250.000000	36.750000	1.032887e+03
	964	508	241.000000	37.000000	1.022129e+03
	996	508	249.000000	37.000000	1.032802e+03
	989	510	247.250000	37.500000	1.028919e+03
	961	511	240.250000	37.750000	1.021987e+03
	984	512	246.000000	38.000000	1.036017e+03
	994	513	248.500000	38.250000	1.029552e+03
	971	515	242.750000	38.750000	1.029229e+03
	979	516	244.750000	39.000000	1.033192e+03
	996	517	249.000000	39.250000	1.034399e+03
	998	519	249.500000	39.750000	1.032774e+03
	946	520	236.500000	40.000000	1.023532e+03
	962	520	240.500000	40.000000	1.035892e+03
	989	521	247.250000	40.250000	1.039462e+03
	865	522	216.250000	40.500000	9.913918e+02
	953	522	238.250000	40.500000	1.023652e+03
	978	522	244.500000	40.500000	1.035017e+03
	1000	523	250.000000	40.750000	1.031722e+03
	981	524	245.250000	41.000000	1.037277e+03
	989	524	247.250000	41.000000	1.038799e+03
	947	525	236.750000	41.250000	1.023867e+03
	951	525	237.750000	41.250000	1.025032e+03
	958	525	239.500000	41.250000	1.031339e+03
	994	526	248.500000	41.500000	1.039184e+03
	977	527	244.250000	41.750000	1.032177e+03
	962	528	240.500000	42.000000	1.031299e+03
	970	528	242.500000	42.000000	1.033447e+03
	985	528	246.250000	42.000000	1.037544e+03
	999	529	249.750000	42.250000	1.034854e+03
	957	530	239.250000	42.500000	1.027709e+03
	966	531	241.500000	42.750000	1.033812e+03
	973	531	243.250000	42.750000	1.035684e+03
	993	532	248.250000	43.000000	1.042087e+03
	949	533	237.250000	43.250000	1.024904e+03
	996	535	249.000000	43.750000	1.041049e+03
	981	536	245.250000	44.000000	1.031864e+03
	964	537	241.000000	44.250000	1.033314e+03
	958	538	239.500000	44.500000	1.033889e+03
	988	538	247.000000	44.500000	1.035897e+03
	978	539	244.500000	44.750000	1.034737e+03
	991	539	247.750000	44.750000	1.035697e+03
	966	540	241.500000	45.000000	1.031919e+03
	970	542	242.500000	45.500000	1.033282e+03
	995	542	248.750000	45.500000	1.035099e+03
	977	543	244.250000	45.750000	1.035812e+03
	969	544	242.250000	46.000000	1.034992e+03
	950	545	237.500000	46.250000	1.027742e+03
	987	545	246.750000	46.250000	1.036269e+03
	992	545	248.000000	46.250000	1.035824e+03
	960	546	240.000000	46.500000	1.038272e+03
	978	546	244.500000	46.500000	1.037199e+03
	981	546	245.250000	46.500000	1.036399e+03
	952	547	238.000000	46.750000	1.026552e+03
	971	548	242.750000	47.000000	1.037072e+03
	707	549	176.750000	47.250000	9.949169e+02
	975	549	243.750000	47.250000	1.037167e+03
	999	549	249.750000	47.250000	1.032552e+03
	942	550	235.500000	47.500000	1.026509e+03
	945	551	236.250000	47.750000	1.025142e+03
	991	552	247.750000	48.000000	1.031639e+03
	974	553	243.500000	48.250000	1.037579e+03
	942	554	235.500000	48.500000	1.027127e+03
	965	554	241.250000	48.500000	1.037789e+03
	952	555	238.000000	48.750000	1.027292e+03
	995	555	248.750000	48.750000	1.033584e+03
	958	556	239.500000	49.000000	1.029722e+03
	989	556	247.250000	49.000000	1.030427e+03
	770	557	192.500000	49.250000	9.700244e+02
	705	558	176.250000	49.500000	9.935369e+02
	936	558	234.000000	49.500000	1.026444e+03
	948	558	237.000000	49.500000	1.027947e+03
	963	558	240.750000	49.500000	1.037059e+03
	1000	558	250.000000	49.500000	1.035077e+03
	722	559	180.500000	49.750000	9.940144e+02
	974	560	243.500000	50.000000	1.034712e+03
	660	561	165.000000	50.250000	9.878194e+02
	932	561	233.000000	50.250000	1.026654e+03
	951	561	237.750000	50.250000	1.031194e+03
	967	561	241.750000	50.250000	1.038414e+03
	982	563	245.500000	50.750000	1.027782e+03
	970	564	242.500000	51.000000	1.035717e+03
	709	565	177.250000	51.250000	9.936069e+02
	933	565	233.250000	51.250000	1.026624e+03
	946	565	236.500000	51.250000	1.025049e+03
	668	566	167.000000	51.500000	9.901569e+02
	942	566	235.500000	51.500000	1.026777e+03
	707	567	176.750000	51.750000	9.936219e+02
	935	568	233.750000	52.000000	1.026097e+03
	978	568	244.500000	52.000000	1.024964e+03
	941	571	235.250000	52.750000	1.028304e+03
	947	571	236.750000	52.750000	1.033754e+03
	925	572	231.250000	53.000000	1.027522e+03
	958	572	239.500000	53.000000	1.031244e+03
	972	572	243.000000	53.000000	1.023989e+03
	670	574	167.500000	53.500000	9.897094e+02
	934	574	233.500000	53.500000	1.033214e+03
	927	575	231.750000	53.750000	1.027069e+03
	967	575	241.750000	53.750000	1.024029e+03
	947	577	236.750000	54.250000	1.036664e+03
	917	578	229.250000	54.500000	1.027507e+03
	921	578	230.250000	54.500000	1.027467e+03
	964	578	241.000000	54.500000	1.025477e+03
	986	579	246.500000	54.750000	1.031702e+03
	1000	579	250.000000	54.750000	1.032389e+03
	978	580	244.500000	55.000000	1.026412e+03
	941	582	235.250000	55.500000	1.035592e+03
	960	582	240.000000	55.500000	1.026699e+03
	981	583	245.250000	55.750000	1.028264e+03
	914	584	228.500000	56.000000	1.028314e+03
	931	584	232.750000	56.000000	1.031194e+03
	976	585	244.000000	56.250000	1.028257e+03
	994	585	248.500000	56.250000	1.030554e+03
	936	587	234.000000	56.750000	1.027579e+03
	982	587	245.500000	56.750000	1.028342e+03
	965	588	241.250000	57.000000	1.024404e+03
	930	589	232.500000	57.250000	1.027932e+03
	939	589	234.750000	57.250000	1.031249e+03
	908	590	227.000000	57.500000	1.027859e+03
	924	590	231.000000	57.500000	1.026839e+03
	952	590	238.000000	57.500000	1.019224e+03
	968	590	242.000000	57.500000	1.023184e+03
	918	591	229.500000	57.750000	1.028557e+03
	962	591	240.500000	57.750000	1.021384e+03
	976	591	244.000000	57.750000	1.024924e+03
	910	592	227.500000	58.000000	1.027429e+03
	932	592	233.000000	58.000000	1.025719e+03
	990	592	247.500000	58.000000	1.025927e+03
	886	594	221.500000	58.500000	1.024877e+03
	923	594	230.750000	58.500000	1.027184e+03
	929	594	232.250000	58.500000	1.025377e+03
	944	594	236.000000	58.500000	1.018234e+03
	830	596	207.500000	59.000000	1.013897e+03
	928	596	232.000000	59.000000	1.024807e+03
	956	597	239.000000	59.250000	1.021444e+03
	825	598	206.250000	59.500000	1.014829e+03
	962	598	240.500000	59.500000	1.022927e+03
	980	598	245.000000	59.500000	1.022132e+03
	921	599	230.250000	59.750000	1.025189e+03
	941	599	235.250000	59.750000	1.021027e+03
	949	599	237.250000	59.750000	1.021442e+03
	691	600	172.750000	60.000000	9.934694e+02
	906	600	226.500000	60.000000	1.026797e+03
