2015	6	1	212	0
	762	420	190.500000	15.000000	1.011763e+03
	964	422	241.000000	15.500000	9.871025e+02
	996	422	249.000000	15.500000	1.008540e+03
	991	426	247.750000	16.500000	1.008622e+03
	1000	435	250.000000	18.750000	1.009427e+03
	820	436	205.000000	19.000000	1.013405e+03
	815	440	203.750000	20.000000	1.013505e+03
	820	441	205.000000	20.250000	1.014278e+03
	818	442	204.500000	20.500000	1.014432e+03
	800	448	200.000000	22.000000	1.014912e+03
	998	456	249.500000	24.000000	1.007470e+03
	995	459	248.750000	24.750000	1.006995e+03
	998	462	249.500000	25.500000	1.007157e+03
	991	464	247.750000	26.000000	1.007525e+03
	903	467	225.750000	26.750000	1.015253e+03
	988	468	247.000000	27.000000	1.007680e+03
	904	469	226.000000	27.250000	1.015250e+03
	924	472	231.000000	28.000000	1.015630e+03
	990	472	247.500000	28.000000	1.006927e+03
	686	473	171.500000	28.250000	1.020672e+03
	690	475	172.500000	28.750000	1.020638e+03
	986	477	246.500000	29.250000	1.007117e+03
	997	477	249.250000	29.250000	1.005560e+03
	918	478	229.500000	29.500000	1.015340e+03
	989	478	247.250000	29.500000	1.007008e+03
	681	479	170.250000	29.750000	1.020718e+03
	982	482	245.500000	30.500000	1.005797e+03
	994	482	248.500000	30.500000	1.006953e+03
	716	483	179.000000	30.750000	1.021818e+03
	973	483	243.250000	30.750000	1.013062e+03
	876	485	219.000000	31.250000	1.017570e+03
	876	487	219.000000	31.750000	1.017565e+03
	1000	487	250.000000	31.750000	1.008355e+03
	710	488	177.500000	32.000000	1.021278e+03
	713	489	178.250000	32.250000	1.021307e+03
	877	489	219.250000	32.250000	1.017555e+03
	974	489	243.500000	32.250000	1.012125e+03
	979	489	244.750000	32.250000	1.005318e+03
	995	489	248.750000	32.250000	1.005885e+03
	723	491	180.750000	32.750000	1.022485e+03
	977	492	244.250000	33.000000	1.005115e+03
	988	492	247.000000	33.000000	1.004880e+03
	724	493	181.000000	33.250000	1.022475e+03
	992	493	248.000000	33.250000	1.004997e+03
	881	494	220.250000	33.500000	1.017805e+03
	985	494	246.250000	33.500000	1.005960e+03
	983	496	245.750000	34.000000	1.004655e+03
	978	497	244.500000	34.250000	1.005472e+03
	883	498	220.750000	34.500000	1.017787e+03
	982	499	245.500000	34.750000	1.005010e+03
	990	499	247.500000	34.750000	1.009093e+03
	975	500	243.750000	35.000000	1.004365e+03
	1000	500	250.000000	35.000000	1.009282e+03
	963	501	240.750000	35.250000	1.006365e+03
	996	502	249.000000	35.500000	1.008210e+03
	974	503	243.500000	35.750000	1.003550e+03
	995	504	248.750000	36.000000	1.008010e+03
	962	505	240.500000	36.250000	1.006472e+03
	982	505	245.500000	36.250000	1.003500e+03
	972	506	243.000000	36.500000	1.002285e+03
	961	507	240.250000	36.750000	1.006468e+03
	977	507	244.250000	36.750000	1.004997e+03
	981	507	245.250000	36.750000	1.003905e+03
	988	507	247.000000	36.750000	1.006680e+03
	994	508	248.500000	37.000000	1.006672e+03
	1000	508	250.000000	37.000000	1.007990e+03
	997	510	249.250000	37.500000	1.006638e+03
	986	511	246.500000	37.750000	1.008040e+03
	913	513	228.250000	38.250000	1.008333e+03
	969	513	242.250000	38.250000	1.003920e+03
	977	514	244.250000	38.500000	1.005440e+03
	997	514	249.250000	38.500000	1.006690e+03
	1000	515	250.000000	38.750000	1.005768e+03
	967	516	241.750000	39.000000	1.003443e+03
	972	517	243.000000	39.250000	1.005055e+03
	989	517	247.250000	39.250000	1.005345e+03
	965	518	241.250000	39.500000	1.002170e+03
	986	518	246.500000	39.500000	1.005490e+03
	950	521	237.500000	40.250000	1.005950e+03
	962	521	240.500000	40.250000	1.004510e+03
	985	522	246.250000	40.500000	1.004110e+03
	966	523	241.500000	40.750000	1.003432e+03
	991	523	247.750000	40.750000	1.005920e+03
	955	524	238.750000	41.000000	1.007385e+03
	971	524	242.750000	41.000000	1.004110e+03
	978	524	244.500000	41.000000	1.005847e+03
	937	525	234.250000	41.250000	1.012500e+03
	981	525	245.250000	41.250000	1.006218e+03
	958	526	239.500000	41.500000	1.006872e+03
	949	527	237.250000	41.750000	1.005688e+03
	973	528	243.250000	42.000000	1.004855e+03
	954	529	238.500000	42.250000	1.006872e+03
	948	530	237.000000	42.500000	1.004855e+03
	928	531	232.000000	42.750000	1.012528e+03
	969	531	242.250000	42.750000	1.003490e+03
	981	531	245.250000	42.750000	1.003940e+03
	988	532	247.000000	43.000000	1.005660e+03
	965	533	241.250000	43.250000	1.005057e+03
	975	533	243.750000	43.250000	1.002648e+03
	954	534	238.500000	43.500000	1.005960e+03
	972	535	243.000000	43.750000	1.002045e+03
	957	537	239.250000	44.250000	1.004643e+03
	959	539	239.750000	44.750000	1.003540e+03
	984	539	246.000000	44.750000	1.007958e+03
	948	540	237.000000	45.000000	1.006020e+03
	980	541	245.000000	45.250000	1.007335e+03
	950	542	237.500000	45.500000	1.006270e+03
	956	543	239.000000	45.750000	1.004905e+03
	993	543	248.250000	45.750000	1.006852e+03
	962	544	240.500000	46.000000	1.003375e+03
	972	544	243.000000	46.000000	1.004977e+03
	953	546	238.250000	46.500000	1.007285e+03
	975	546	243.750000	46.500000	1.005165e+03
	984	547	246.000000	46.750000	1.008490e+03
	947	548	236.750000	47.000000	1.007958e+03
	980	548	245.000000	47.000000	1.007880e+03
	852	551	213.000000	47.750000	1.020213e+03
	944	551	236.000000	47.750000	1.008458e+03
	978	551	244.500000	47.750000	1.007025e+03
	946	553	236.500000	48.250000	1.009133e+03
	954	554	238.500000	48.500000	1.008710e+03
	982	554	245.500000	48.500000	1.005805e+03
	774	555	193.500000	48.750000	1.011247e+03
	974	555	243.500000	48.750000	1.007005e+03
	940	556	235.000000	49.000000	1.009008e+03
	945	556	236.250000	49.000000	1.009220e+03
	951	557	237.750000	49.250000	1.008768e+03
	960	557	240.000000	49.250000	1.007477e+03
	764	558	191.000000	49.500000	1.012740e+03
	938	558	234.500000	49.500000	1.009258e+03
	977	558	244.250000	49.500000	1.006265e+03
	761	560	190.250000	50.000000	1.012763e+03
	936	560	234.000000	50.000000	1.008943e+03
	961	560	240.250000	50.000000	1.007237e+03
	939	561	234.750000	50.250000	1.008785e+03
	949	561	237.250000	50.250000	1.008260e+03
	969	561	242.250000	50.250000	1.006900e+03
	750	562	187.500000	50.500000	1.013040e+03
	990	562	247.500000	50.500000	1.002102e+03
	955	563	238.750000	50.750000	1.006325e+03
	975	563	243.750000	50.750000	1.006263e+03
	961	564	240.250000	51.000000	1.006545e+03
	937	565	234.250000	51.250000	1.009542e+03
	972	566	243.000000	51.500000	1.007990e+03
	985	566	246.250000	51.500000	1.001860e+03
	999	566	249.750000	51.500000	1.002775e+03
	734	567	183.500000	51.750000	1.013805e+03
	934	567	233.500000	51.750000	1.008990e+03
	944	568	236.000000	52.000000	1.007815e+03
	949	568	237.250000	52.000000	1.007845e+03
	991	568	247.750000	52.000000	1.003227e+03
	940	569	235.000000	52.250000	1.008532e+03
	946	570	236.500000	52.500000	1.007963e+03
	976	570	244.000000	52.500000	1.005112e+03
	963	571	240.750000	52.750000	1.008258e+03
	912	572	228.000000	53.000000	1.013115e+03
	938	573	234.500000	53.250000	1.007693e+03
	974	573	243.500000	53.250000	1.005295e+03
	981	573	245.250000	53.250000	1.005263e+03
	911	574	227.750000	53.500000	1.013037e+03
	772	575	193.000000	53.750000	1.015720e+03
	812	575	203.000000	53.750000	1.015845e+03
	994	575	248.500000	53.750000	1.004700e+03
	777	576	194.250000	54.000000	1.016535e+03
	946	577	236.500000	54.250000	1.007110e+03
	993	577	248.250000	54.250000	1.004912e+03
	807	578	201.750000	54.500000	1.015688e+03
	937	578	234.250000	54.500000	1.007263e+03
	982	578	245.500000	54.500000	1.005438e+03
	784	579	196.000000	54.750000	1.015112e+03
	941	580	235.250000	55.000000	1.006588e+03
	994	580	248.500000	55.000000	1.004975e+03
	911	581	227.750000	55.250000	1.012040e+03
	929	581	232.250000	55.250000	1.008182e+03
	962	581	240.500000	55.250000	1.006622e+03
	977	581	244.250000	55.250000	1.006170e+03
	802	582	200.500000	55.500000	1.015600e+03
	939	582	234.750000	55.500000	1.006643e+03
	996	582	249.000000	55.500000	1.004805e+03
	795	583	198.750000	55.750000	1.014695e+03
	954	583	238.500000	55.750000	1.005693e+03
	986	583	246.500000	55.750000	1.005258e+03
	947	584	236.750000	56.000000	1.007230e+03
	962	585	240.500000	56.250000	1.006958e+03
	803	586	200.750000	56.500000	1.014535e+03
	964	586	241.000000	56.500000	1.006958e+03
	977	586	244.250000	56.500000	1.006208e+03
	927	587	231.750000	56.750000	1.008128e+03
	944	587	236.000000	56.750000	1.006900e+03
	991	587	247.750000	56.750000	1.004828e+03
	806	588	201.500000	57.000000	1.014523e+03
	908	588	227.000000	57.000000	1.011665e+03
	939	588	234.750000	57.000000	1.007013e+03
	922	589	230.500000	57.250000	1.008840e+03
	986	589	246.500000	57.250000	1.004470e+03
	812	590	203.000000	57.500000	1.013705e+03
	902	590	225.500000	57.500000	1.011157e+03
	936	590	234.000000	57.500000	1.006185e+03
	830	591	207.500000	57.750000	1.012643e+03
	914	591	228.500000	57.750000	1.009443e+03
	904	592	226.000000	58.000000	1.010995e+03
	918	592	229.500000	58.000000	1.008703e+03
	818	593	204.500000	58.250000	1.013190e+03
	926	593	231.500000	58.250000	1.007950e+03
	920	594	230.000000	58.500000	1.008153e+03
	912	596	228.000000	59.000000	1.009073e+03
	838	598	209.500000	59.500000	1.010073e+03
	892	598	223.000000	59.500000	1.010510e+03
	828	599	207.000000	59.750000	1.010495e+03
	874	599	218.500000	59.750000	1.013335e+03
	898	599	224.500000	59.750000	1.010407e+03
	990	600	247.500000	60.000000	1.002350e+03
