2015	4	5	188	0
	672	420	168.000000	15.000000	1.009534e+03
	697	432	174.250000	18.000000	1.010479e+03
	959	437	239.750000	19.250000	1.014119e+03
	788	438	197.000000	19.500000	1.015237e+03
	814	438	203.500000	19.500000	1.015332e+03
	706	439	176.500000	19.750000	1.010782e+03
	730	440	182.500000	20.000000	1.011929e+03
	815	440	203.750000	20.000000	1.015187e+03
	699	441	174.750000	20.250000	1.010822e+03
	708	441	177.000000	20.250000	1.010779e+03
	813	442	203.250000	20.500000	1.015557e+03
	702	444	175.500000	21.000000	1.010854e+03
	705	447	176.250000	21.750000	1.010774e+03
	800	448	200.000000	22.000000	1.016749e+03
	684	451	171.000000	22.750000	1.011622e+03
	712	457	178.000000	24.250000	1.009822e+03
	990	458	247.500000	24.500000	1.012122e+03
	996	458	249.000000	24.500000	1.011199e+03
	713	460	178.250000	25.000000	1.009712e+03
	993	467	248.250000	26.750000	1.010584e+03
	996	467	249.000000	26.750000	1.010392e+03
	711	469	177.750000	27.250000	1.010002e+03
	987	469	246.750000	27.250000	1.010402e+03
	1000	474	250.000000	28.500000	1.009254e+03
	987	476	246.750000	29.000000	1.010132e+03
	997	476	249.250000	29.000000	1.009037e+03
	985	478	246.250000	29.500000	1.009752e+03
	988	479	247.000000	29.750000	1.010024e+03
	703	482	175.750000	30.500000	1.008232e+03
	994	482	248.500000	30.500000	1.009004e+03
	989	484	247.250000	31.000000	1.009672e+03
	995	489	248.750000	32.250000	1.007727e+03
	978	491	244.500000	32.750000	1.007784e+03
	993	491	248.250000	32.750000	1.007322e+03
	988	492	247.000000	33.000000	1.007689e+03
	998	492	249.500000	33.000000	1.008139e+03
	975	494	243.750000	33.500000	1.008529e+03
	981	494	245.250000	33.500000	1.007962e+03
	983	497	245.750000	34.250000	1.007702e+03
	975	498	243.750000	34.500000	1.008039e+03
	992	498	248.000000	34.500000	1.009129e+03
	783	499	195.750000	34.750000	1.017237e+03
	963	500	240.750000	35.000000	1.011167e+03
	972	500	243.000000	35.000000	1.007977e+03
	975	500	243.750000	35.000000	1.007802e+03
	981	500	245.250000	35.000000	1.007684e+03
	990	500	247.500000	35.000000	1.009097e+03
	1000	501	250.000000	35.250000	1.007967e+03
	970	503	242.500000	35.750000	1.006799e+03
	973	503	243.250000	35.750000	1.006764e+03
	985	503	246.250000	35.750000	1.008022e+03
	960	504	240.000000	36.000000	1.010757e+03
	963	504	240.750000	36.000000	1.010507e+03
	980	504	245.000000	36.000000	1.006644e+03
	995	504	248.750000	36.000000	1.006447e+03
	989	505	247.250000	36.250000	1.007379e+03
	972	506	243.000000	36.500000	1.006289e+03
	988	507	247.000000	36.750000	1.007269e+03
	978	508	244.500000	37.000000	1.007487e+03
	1000	508	250.000000	37.000000	1.007444e+03
	997	509	249.250000	37.250000	1.007462e+03
	968	512	242.000000	38.000000	1.004722e+03
	996	514	249.000000	38.500000	1.006727e+03
	1000	514	250.000000	38.500000	1.007109e+03
	972	517	243.000000	39.250000	1.005922e+03
	989	517	247.250000	39.250000	1.005129e+03
	952	518	238.000000	39.500000	1.011537e+03
	976	518	244.000000	39.500000	1.004437e+03
	965	519	241.250000	39.750000	1.005787e+03
	951	520	237.750000	40.000000	1.011629e+03
	986	520	246.500000	40.000000	1.004422e+03
	992	520	248.000000	40.000000	1.006307e+03
	1000	520	250.000000	40.000000	1.007354e+03
	985	522	246.250000	40.500000	1.003994e+03
	991	522	247.750000	40.500000	1.005704e+03
	973	523	243.250000	40.750000	1.006414e+03
	951	525	237.750000	41.250000	1.010582e+03
	949	527	237.250000	41.750000	1.011469e+03
	958	527	239.500000	41.750000	1.009509e+03
	973	527	243.250000	41.750000	1.006639e+03
	986	527	246.500000	41.750000	1.005699e+03
	978	528	244.500000	42.000000	1.006954e+03
	947	530	236.750000	42.500000	1.013034e+03
	999	531	249.750000	42.750000	1.008109e+03
	963	532	240.750000	43.000000	1.009017e+03
	958	533	239.500000	43.250000	1.008914e+03
	973	533	243.250000	43.250000	1.010302e+03
	993	536	248.250000	44.000000	1.007437e+03
	947	539	236.750000	44.750000	1.015934e+03
	997	541	249.250000	45.250000	1.010032e+03
	990	542	247.500000	45.500000	1.010184e+03
	972	543	243.000000	45.750000	1.013244e+03
	995	543	248.750000	45.750000	1.010064e+03
	947	544	236.750000	46.000000	1.015842e+03
	958	545	239.500000	46.250000	1.013724e+03
	954	546	238.500000	46.500000	1.013652e+03
	962	546	240.500000	46.500000	1.013947e+03
	984	547	246.000000	46.750000	1.012922e+03
	963	548	240.750000	47.000000	1.013882e+03
	975	548	243.750000	47.000000	1.015034e+03
	957	549	239.250000	47.250000	1.013979e+03
	994	550	248.500000	47.500000	1.009712e+03
	984	551	246.000000	47.750000	1.013837e+03
	960	553	240.000000	48.250000	1.013442e+03
	968	553	242.000000	48.250000	1.013802e+03
	998	553	249.500000	48.250000	1.010427e+03
	947	554	236.750000	48.500000	1.016342e+03
	948	554	237.000000	48.500000	1.016342e+03
	973	554	243.250000	48.500000	1.013804e+03
	981	554	245.250000	48.500000	1.013692e+03
	957	555	239.250000	48.750000	1.014852e+03
	968	555	242.000000	48.750000	1.013742e+03
	1000	555	250.000000	48.750000	1.010209e+03
	948	556	237.000000	49.000000	1.016399e+03
	965	556	241.250000	49.000000	1.013407e+03
	985	557	246.250000	49.250000	1.012194e+03
	941	558	235.250000	49.500000	1.016404e+03
	963	558	240.750000	49.500000	1.013429e+03
	970	558	242.500000	49.500000	1.013182e+03
	977	558	244.250000	49.500000	1.012869e+03
	966	559	241.500000	49.750000	1.013809e+03
	989	559	247.250000	49.750000	1.013919e+03
	900	560	225.000000	50.000000	1.007347e+03
	960	562	240.000000	50.500000	1.013177e+03
	968	562	242.000000	50.500000	1.013547e+03
	978	562	244.500000	50.500000	1.014024e+03
	955	563	238.750000	50.750000	1.012909e+03
	952	566	238.000000	51.500000	1.012867e+03
	930	567	232.500000	51.750000	1.013664e+03
	948	567	237.000000	51.750000	1.012524e+03
	959	568	239.750000	52.000000	1.014617e+03
	695	569	173.750000	52.250000	9.885969e+02
	944	569	236.000000	52.250000	1.012509e+03
	937	570	234.250000	52.500000	1.013349e+03
	953	571	238.250000	52.750000	1.014657e+03
	968	571	242.000000	52.750000	1.016094e+03
	929	572	232.250000	53.000000	1.014094e+03
	938	572	234.500000	53.000000	1.013294e+03
	961	572	240.250000	53.000000	1.015252e+03
	926	574	231.500000	53.500000	1.013999e+03
	955	574	238.750000	53.500000	1.014342e+03
	920	576	230.000000	54.000000	1.013904e+03
	934	576	233.500000	54.000000	1.014314e+03
	951	577	237.750000	54.250000	1.013714e+03
	944	579	236.000000	54.750000	1.014069e+03
	785	580	196.250000	55.000000	1.020994e+03
	920	580	230.000000	55.000000	1.014434e+03
	926	580	231.500000	55.000000	1.014792e+03
	908	581	227.000000	55.250000	1.014547e+03
	909	581	227.250000	55.250000	1.014547e+03
	992	581	248.000000	55.250000	1.021904e+03
	937	582	234.250000	55.500000	1.015057e+03
	929	584	232.250000	56.000000	1.014247e+03
	973	584	243.250000	56.000000	1.020687e+03
	989	584	247.250000	56.000000	1.022419e+03
	806	585	201.500000	56.250000	1.017862e+03
	833	585	208.250000	56.250000	1.011377e+03
	916	586	229.000000	56.500000	1.015497e+03
	986	586	246.500000	56.500000	1.022334e+03
	907	587	226.750000	56.750000	1.014522e+03
	882	590	220.500000	57.500000	1.016094e+03
	904	590	226.000000	57.500000	1.014634e+03
	886	591	221.500000	57.750000	1.016119e+03
	898	591	224.500000	57.750000	1.015139e+03
	922	591	230.500000	57.750000	1.013882e+03
	822	592	205.500000	58.000000	1.012479e+03
	878	592	219.500000	58.000000	1.016224e+03
	918	593	229.500000	58.250000	1.013594e+03
	876	594	219.000000	58.500000	1.016262e+03
	877	594	219.250000	58.500000	1.016262e+03
	881	594	220.250000	58.500000	1.016177e+03
	886	594	221.500000	58.500000	1.016044e+03
	932	594	233.000000	58.500000	1.016672e+03
	978	595	244.500000	58.750000	1.024969e+03
	995	595	248.750000	58.750000	1.026309e+03
	884	596	221.000000	59.000000	1.016127e+03
	888	596	222.000000	59.000000	1.016294e+03
	892	596	223.000000	59.000000	1.016119e+03
	910	596	227.500000	59.000000	1.014167e+03
	875	597	218.750000	59.250000	1.016187e+03
	1000	597	250.000000	59.250000	1.026749e+03
	687	598	171.750000	59.500000	1.003649e+03
	843	598	210.750000	59.500000	1.012744e+03
	692	599	173.000000	59.750000	1.003574e+03
	696	599	174.000000	59.750000	1.003547e+03
	697	599	174.250000	59.750000	1.003547e+03
	876	599	219.000000	59.750000	1.016289e+03
	836	600	209.000000	60.000000	1.011829e+03
