2015	6	16	204	3
	974	433	243.500000	18.250000	1.011015e+03
	974	434	243.500000	18.500000	1.011015e+03
	814	438	203.500000	19.500000	1.011898e+03
	980	438	245.000000	19.500000	1.011170e+03
	812	439	203.000000	19.750000	1.012028e+03
	815	440	203.750000	20.000000	1.011753e+03
	820	441	205.000000	20.250000	1.012698e+03
	817	442	204.250000	20.500000	1.012545e+03
	813	443	203.250000	20.750000	1.012085e+03
	821	443	205.250000	20.750000	1.012840e+03
	962	443	240.500000	20.750000	1.011677e+03
	998	453	249.500000	23.250000	1.009465e+03
	665	458	166.250000	24.500000	1.013270e+03
	665	459	166.250000	24.750000	1.013270e+03
	664	460	166.000000	25.000000	1.013270e+03
	996	464	249.000000	26.000000	1.006690e+03
	990	465	247.500000	26.250000	1.009035e+03
	995	466	248.750000	26.500000	1.006785e+03
	987	468	246.750000	27.000000	1.008367e+03
	721	470	180.250000	27.500000	1.014657e+03
	995	470	248.750000	27.500000	1.006615e+03
	997	471	249.250000	27.750000	1.006432e+03
	979	472	244.750000	28.000000	1.010055e+03
	981	473	245.250000	28.250000	1.009968e+03
	999	474	249.750000	28.500000	1.006552e+03
	835	475	208.750000	28.750000	1.016583e+03
	988	475	247.000000	28.750000	1.005987e+03
	993	476	248.250000	29.000000	1.006398e+03
	997	477	249.250000	29.250000	1.006503e+03
	989	478	247.250000	29.500000	1.006042e+03
	756	479	189.000000	29.750000	1.014482e+03
	758	480	189.500000	30.000000	1.014518e+03
	984	480	246.000000	30.000000	1.004932e+03
	977	482	244.250000	30.500000	1.009333e+03
	992	482	248.000000	30.500000	1.006445e+03
	995	482	248.750000	30.500000	1.006440e+03
	1000	482	250.000000	30.500000	1.006542e+03
	834	484	208.500000	31.000000	1.016763e+03
	975	485	243.750000	31.250000	1.009523e+03
	980	487	245.000000	31.750000	1.003490e+03
	736	488	184.000000	32.000000	1.012920e+03
	739	488	184.750000	32.000000	1.012893e+03
	974	488	243.500000	32.000000	1.009878e+03
	746	489	186.500000	32.250000	1.012790e+03
	979	489	244.750000	32.250000	1.003047e+03
	995	489	248.750000	32.250000	1.004497e+03
	973	490	243.250000	32.500000	1.010162e+03
	968	491	242.000000	32.750000	1.010427e+03
	977	492	244.250000	33.000000	1.002403e+03
	703	493	175.750000	33.250000	1.011107e+03
	991	494	247.750000	33.500000	1.002850e+03
	971	495	242.750000	33.750000	1.009435e+03
	967	496	241.750000	34.000000	1.009732e+03
	962	497	240.500000	34.250000	1.009417e+03
	978	497	244.500000	34.250000	1.002843e+03
	983	497	245.750000	34.250000	1.002670e+03
	982	499	245.500000	34.750000	1.002732e+03
	976	500	244.000000	35.000000	1.002773e+03
	990	500	247.500000	35.000000	1.007753e+03
	1000	500	250.000000	35.000000	1.006153e+03
	996	502	249.000000	35.500000	1.006200e+03
	975	503	243.750000	35.750000	1.002280e+03
	963	504	240.750000	36.000000	1.006057e+03
	981	504	245.250000	36.000000	1.001765e+03
	990	504	247.500000	36.000000	1.007378e+03
	995	504	248.750000	36.000000	1.006150e+03
	960	505	240.000000	36.250000	1.006737e+03
	972	506	243.000000	36.500000	1.000513e+03
	982	506	245.500000	36.500000	1.001247e+03
	768	507	192.000000	36.750000	1.008328e+03
	994	508	248.500000	37.000000	1.004352e+03
	1000	508	250.000000	37.000000	1.007145e+03
	997	510	249.250000	37.500000	1.004830e+03
	980	511	245.000000	37.750000	1.004508e+03
	986	511	246.500000	37.750000	1.005792e+03
	970	512	242.500000	38.000000	1.003230e+03
	997	514	249.250000	38.500000	1.005278e+03
	977	515	244.250000	38.750000	1.003725e+03
	1000	515	250.000000	38.750000	1.004915e+03
	967	516	241.750000	39.000000	1.005273e+03
	989	517	247.250000	39.250000	1.002028e+03
	952	518	238.000000	39.500000	1.006672e+03
	980	518	245.000000	39.500000	1.004302e+03
	966	519	241.500000	39.750000	1.004393e+03
	754	521	188.500000	40.250000	1.010500e+03
	833	521	208.250000	40.250000	1.010695e+03
	951	521	237.750000	40.250000	1.006938e+03
	986	521	246.500000	40.250000	9.995225e+02
	796	523	199.000000	40.750000	1.014838e+03
	973	523	243.250000	40.750000	1.005347e+03
	964	524	241.000000	41.000000	1.004622e+03
	990	524	247.500000	41.000000	1.002520e+03
	956	526	239.000000	41.500000	1.008565e+03
	983	526	245.750000	41.500000	1.003602e+03
	988	526	247.000000	41.500000	1.002960e+03
	950	527	237.500000	41.750000	1.010540e+03
	973	528	243.250000	42.000000	1.004878e+03
	948	530	237.000000	42.500000	1.012695e+03
	981	531	245.250000	42.750000	1.002010e+03
	977	532	244.250000	43.000000	1.002472e+03
	960	533	240.000000	43.250000	1.007185e+03
	969	533	242.250000	43.250000	1.004510e+03
	972	536	243.000000	44.000000	1.002860e+03
	956	537	239.000000	44.250000	1.009140e+03
	984	537	246.000000	44.250000	1.007555e+03
	963	539	240.750000	44.750000	1.009388e+03
	996	539	249.000000	44.750000	1.013450e+03
	956	540	239.000000	45.000000	1.009182e+03
	980	541	245.000000	45.250000	1.009972e+03
	990	541	247.500000	45.250000	1.013227e+03
	950	542	237.500000	45.500000	1.011700e+03
	956	543	239.000000	45.750000	1.008880e+03
	964	545	241.000000	46.250000	1.007003e+03
	984	545	246.000000	46.250000	1.010812e+03
	988	545	247.000000	46.250000	1.013088e+03
	951	546	237.750000	46.500000	1.012675e+03
	972	546	243.000000	46.500000	1.008068e+03
	975	546	243.750000	46.500000	1.008070e+03
	968	547	242.000000	46.750000	1.007575e+03
	992	547	248.000000	46.750000	1.014745e+03
	703	549	175.750000	47.250000	1.007273e+03
	981	549	245.250000	47.250000	1.009948e+03
	950	550	237.500000	47.500000	1.011088e+03
	957	555	239.250000	48.750000	1.012448e+03
	947	556	236.750000	49.000000	1.010340e+03
	944	558	236.000000	49.500000	1.010960e+03
	987	558	246.750000	49.500000	1.016925e+03
	954	559	238.500000	49.750000	1.011742e+03
	940	560	235.000000	50.000000	1.010940e+03
	962	560	240.500000	50.000000	1.011062e+03
	948	561	237.000000	50.250000	1.012278e+03
	959	563	239.750000	50.750000	1.010547e+03
	963	563	240.750000	50.750000	1.010797e+03
	975	564	243.750000	51.000000	1.014740e+03
	972	566	243.000000	51.500000	1.014980e+03
	955	567	238.750000	51.750000	1.010922e+03
	885	568	221.250000	52.000000	1.015497e+03
	951	568	237.750000	52.000000	1.010362e+03
	981	568	245.250000	52.000000	1.015472e+03
	885	569	221.250000	52.250000	1.015497e+03
	946	569	236.500000	52.250000	1.011170e+03
	933	570	233.250000	52.500000	1.014568e+03
	915	572	228.750000	53.000000	1.016232e+03
	950	572	237.500000	53.000000	1.011157e+03
	967	573	241.750000	53.250000	1.013847e+03
	974	573	243.500000	53.250000	1.014732e+03
	772	574	193.000000	53.500000	1.026310e+03
	875	574	218.750000	53.500000	1.015417e+03
	913	575	228.250000	53.750000	1.016245e+03
	875	576	218.750000	54.000000	1.015420e+03
	948	576	237.000000	54.000000	1.011372e+03
	949	576	237.250000	54.000000	1.011372e+03
	961	576	240.250000	54.000000	1.012985e+03
	784	578	196.000000	54.500000	1.024348e+03
	925	578	231.250000	54.500000	1.013625e+03
	876	579	219.000000	54.750000	1.015427e+03
	990	580	247.500000	55.000000	1.014753e+03
	879	581	219.750000	55.250000	1.015378e+03
	983	581	245.750000	55.250000	1.014638e+03
	920	582	230.000000	55.500000	1.013872e+03
	935	582	233.750000	55.500000	1.012515e+03
	994	582	248.500000	55.500000	1.014802e+03
	802	583	200.500000	55.750000	1.021785e+03
	912	583	228.000000	55.750000	1.013468e+03
	929	583	232.250000	55.750000	1.012838e+03
	939	583	234.750000	55.750000	1.012383e+03
	987	583	246.750000	55.750000	1.014545e+03
	925	584	231.250000	56.000000	1.012615e+03
	943	584	235.750000	56.000000	1.012378e+03
	949	584	237.250000	56.000000	1.012650e+03
	929	585	232.250000	56.250000	1.012828e+03
	975	585	243.750000	56.250000	1.014115e+03
	811	586	202.750000	56.500000	1.021325e+03
	912	586	228.000000	56.500000	1.013215e+03
	918	587	229.500000	56.750000	1.013185e+03
	951	587	237.750000	56.750000	1.012703e+03
	906	588	226.500000	57.000000	1.012862e+03
	978	588	244.500000	57.000000	1.014240e+03
	823	589	205.750000	57.250000	1.019860e+03
	932	589	233.000000	57.250000	1.012893e+03
	938	589	234.500000	57.250000	1.012273e+03
	960	589	240.000000	57.250000	1.013352e+03
	830	590	207.500000	57.500000	1.019972e+03
	972	590	243.000000	57.500000	1.014268e+03
	973	590	243.250000	57.500000	1.014268e+03
	900	591	225.000000	57.750000	1.013710e+03
	954	592	238.500000	58.000000	1.014982e+03
	918	593	229.500000	58.250000	1.014528e+03
	984	593	246.000000	58.250000	1.013583e+03
	896	594	224.000000	58.500000	1.014075e+03
	897	594	224.250000	58.500000	1.014075e+03
	818	595	204.500000	58.750000	1.020622e+03
	908	595	227.000000	58.750000	1.015028e+03
	993	595	248.250000	58.750000	1.013180e+03
	812	596	203.000000	59.000000	1.020453e+03
	886	596	221.500000	59.000000	1.014790e+03
	920	596	230.000000	59.000000	1.015370e+03
	999	596	249.750000	59.000000	1.013247e+03
	828	598	207.000000	59.500000	1.019655e+03
	869	600	217.250000	60.000000	1.017270e+03
	905	600	226.250000	60.000000	1.015948e+03
	911	600	227.750000	60.000000	1.015395e+03
	925	600	231.250000	60.000000	1.013650e+03
	932	600	233.000000	60.000000	1.015495e+03
