2015	3	31	158	15
	981	429	245.250000	17.250000	1.015504e+03
	987	436	246.750000	19.000000	1.015649e+03
	815	440	203.750000	20.000000	1.016344e+03
	821	440	205.250000	20.000000	1.016941e+03
	991	440	247.750000	20.000000	1.015486e+03
	819	441	204.750000	20.250000	1.016704e+03
	817	444	204.250000	21.000000	1.016789e+03
	810	445	202.500000	21.250000	1.016349e+03
	814	445	203.500000	21.250000	1.016756e+03
	798	448	199.500000	22.000000	1.016029e+03
	995	450	248.750000	22.500000	1.015344e+03
	977	452	244.250000	23.000000	1.016359e+03
	995	453	248.750000	23.250000	1.015391e+03
	669	461	167.250000	25.250000	1.018956e+03
	671	463	167.750000	25.750000	1.018989e+03
	992	463	248.000000	25.750000	1.015396e+03
	695	464	173.750000	26.000000	1.019114e+03
	996	464	249.000000	26.000000	1.014269e+03
	989	465	247.250000	26.250000	1.015481e+03
	995	468	248.750000	27.000000	1.014074e+03
	686	471	171.500000	27.750000	1.018404e+03
	994	471	248.500000	27.750000	1.014104e+03
	990	472	247.500000	28.000000	1.013461e+03
	988	475	247.000000	28.750000	1.013376e+03
	989	478	247.250000	29.500000	1.013219e+03
	984	480	246.000000	30.000000	1.012229e+03
	983	482	245.750000	30.500000	1.011986e+03
	983	484	245.750000	31.000000	1.011991e+03
	975	485	243.750000	31.250000	1.014986e+03
	980	487	245.000000	31.750000	1.012441e+03
	974	488	243.500000	32.000000	1.014734e+03
	1000	488	250.000000	32.000000	1.015781e+03
	984	491	246.000000	32.750000	1.012851e+03
	988	491	247.000000	32.750000	1.012786e+03
	992	491	248.000000	32.750000	1.013309e+03
	964	492	241.000000	33.000000	1.015606e+03
	977	492	244.250000	33.000000	1.011956e+03
	1000	492	250.000000	33.000000	1.015264e+03
	969	493	242.250000	33.250000	1.015424e+03
	991	494	247.750000	33.500000	1.013441e+03
	979	496	244.750000	34.000000	1.011856e+03
	983	496	245.750000	34.000000	1.012169e+03
	962	497	240.500000	34.250000	1.015429e+03
	966	498	241.500000	34.500000	1.015286e+03
	999	498	249.750000	34.500000	1.016879e+03
	981	499	245.250000	34.750000	1.011974e+03
	976	500	244.000000	35.000000	1.012471e+03
	996	500	249.000000	35.000000	1.015994e+03
	964	502	241.000000	35.500000	1.017264e+03
	994	503	248.500000	35.750000	1.016081e+03
	960	505	240.000000	36.250000	1.017326e+03
	982	505	245.500000	36.250000	1.011786e+03
	963	506	240.750000	36.500000	1.016909e+03
	972	506	243.000000	36.500000	1.010706e+03
	952	508	238.000000	37.000000	1.020816e+03
	961	509	240.250000	37.250000	1.017156e+03
	992	509	248.000000	37.250000	1.015731e+03
	956	510	239.000000	37.500000	1.018654e+03
	995	510	248.750000	37.500000	1.015071e+03
	971	511	242.750000	37.750000	1.012499e+03
	976	512	244.000000	38.000000	1.013031e+03
	996	513	249.000000	38.250000	1.014911e+03
	1000	513	250.000000	38.250000	1.014604e+03
	977	514	244.250000	38.500000	1.013074e+03
	952	516	238.000000	39.000000	1.017511e+03
	967	516	241.750000	39.000000	1.012156e+03
	989	516	247.250000	39.000000	1.013124e+03
	996	516	249.000000	39.000000	1.014949e+03
	991	518	247.750000	39.500000	1.013414e+03
	676	520	169.000000	40.000000	1.001069e+03
	969	520	242.250000	40.000000	1.011241e+03
	998	520	249.500000	40.000000	1.014954e+03
	984	521	246.000000	40.250000	1.010234e+03
	951	523	237.750000	40.750000	1.018151e+03
	972	523	243.000000	40.750000	1.011039e+03
	977	523	244.250000	40.750000	1.011226e+03
	990	524	247.500000	41.000000	1.010369e+03
	1000	524	250.000000	41.000000	1.014404e+03
	968	525	242.000000	41.250000	1.011396e+03
	981	525	245.250000	41.250000	1.010629e+03
	973	527	243.250000	41.750000	1.011019e+03
	992	527	248.000000	41.750000	1.010904e+03
	947	530	236.750000	42.500000	1.021761e+03
	954	530	238.500000	42.500000	1.017229e+03
	985	530	246.250000	42.500000	1.008411e+03
	969	531	242.250000	42.750000	1.010924e+03
	990	532	247.500000	43.000000	1.009784e+03
	975	533	243.750000	43.250000	1.008994e+03
	973	535	243.250000	43.750000	1.009091e+03
	981	540	245.250000	45.000000	1.006771e+03
	983	542	245.750000	45.500000	1.007699e+03
	995	543	248.750000	45.750000	1.007604e+03
	987	545	246.750000	46.250000	1.004811e+03
	972	546	243.000000	46.500000	1.010931e+03
	990	546	247.500000	46.500000	1.005189e+03
	944	548	236.000000	47.000000	1.017321e+03
	983	548	245.750000	47.000000	1.006551e+03
	950	551	237.500000	47.750000	1.015934e+03
	996	551	249.000000	47.750000	1.003306e+03
	993	553	248.250000	48.250000	1.003166e+03
	938	556	234.500000	49.000000	1.015691e+03
	948	556	237.000000	49.000000	1.014331e+03
	965	556	241.250000	49.000000	1.005856e+03
	986	557	246.500000	49.250000	1.002291e+03
	946	558	236.500000	49.500000	1.014179e+03
	942	559	235.500000	49.750000	1.014421e+03
	1000	560	250.000000	50.000000	1.002096e+03
	970	562	242.500000	50.500000	1.003509e+03
	982	563	245.500000	50.750000	9.993738e+02
	973	564	243.250000	51.000000	1.002721e+03
	974	564	243.500000	51.000000	1.002721e+03
	945	565	236.250000	51.250000	1.009974e+03
	770	567	192.500000	51.750000	9.893212e+02
	960	567	240.000000	51.750000	1.001789e+03
	991	568	247.750000	52.000000	9.996788e+02
	960	572	240.000000	53.000000	1.000334e+03
	972	572	243.000000	53.000000	9.971863e+02
	979	572	244.750000	53.000000	9.973738e+02
	967	575	241.750000	53.750000	9.980762e+02
	972	576	243.000000	54.000000	9.975388e+02
	976	579	244.000000	54.750000	9.985812e+02
	984	580	246.000000	55.000000	1.001299e+03
	964	581	241.000000	55.250000	1.001844e+03
	868	582	217.000000	55.500000	9.996838e+02
	954	583	238.500000	55.750000	1.002224e+03
	808	584	202.000000	56.000000	1.003896e+03
	792	587	198.000000	56.750000	1.003381e+03
	828	588	207.000000	57.000000	1.001521e+03
	902	588	225.500000	57.000000	1.004574e+03
	938	588	234.500000	57.000000	1.004856e+03
	960	588	240.000000	57.000000	1.002539e+03
	996	589	249.000000	57.250000	1.004696e+03
	970	590	242.500000	57.500000	1.003131e+03
	936	591	234.000000	57.750000	1.004791e+03
	944	591	236.000000	57.750000	1.004181e+03
	976	591	244.000000	57.750000	1.002784e+03
	822	592	205.500000	58.000000	1.001646e+03
	878	592	219.500000	58.000000	1.001906e+03
	960	592	240.000000	58.000000	1.002634e+03
	990	592	247.500000	58.000000	1.003376e+03
	830	593	207.500000	58.250000	1.001546e+03
	890	594	222.500000	58.500000	1.002309e+03
	976	595	244.000000	58.750000	1.003461e+03
	884	596	221.000000	59.000000	1.001754e+03
	929	596	232.250000	59.000000	1.003276e+03
	924	597	231.000000	59.250000	1.003421e+03
	671	598	167.750000	59.500000	1.012689e+03
	864	598	216.000000	59.500000	1.000734e+03
	890	598	222.500000	59.500000	1.001991e+03
	896	598	224.000000	59.500000	1.002654e+03
	917	598	229.250000	59.500000	1.003456e+03
	841	599	210.250000	59.750000	1.000491e+03
	855	599	213.750000	59.750000	1.000434e+03
	868	599	217.000000	59.750000	1.000739e+03
	913	599	228.250000	59.750000	1.002981e+03
	683	600	170.750000	60.000000	1.012146e+03
	832	600	208.000000	60.000000	1.001254e+03
	892	600	223.000000	60.000000	1.001971e+03
