2014	12	20	140	6
	815	435	203.750000	18.750000	1.016046e+03
	814	438	203.500000	19.500000	1.016151e+03
	812	439	203.000000	19.750000	1.016123e+03
	815	440	203.750000	20.000000	1.015923e+03
	811	443	202.750000	20.750000	1.016203e+03
	817	444	204.250000	21.000000	1.017238e+03
	773	446	193.250000	21.500000	1.016046e+03
	699	448	174.750000	22.000000	1.016708e+03
	752	452	188.000000	23.000000	1.015623e+03
	991	461	247.750000	25.250000	1.017471e+03
	933	467	233.250000	26.750000	1.024553e+03
	935	468	233.750000	27.000000	1.024563e+03
	987	470	246.750000	27.500000	1.019243e+03
	986	472	246.500000	28.000000	1.019213e+03
	889	474	222.250000	28.500000	1.025761e+03
	894	475	223.500000	28.750000	1.025783e+03
	995	476	248.750000	29.000000	1.017358e+03
	897	477	224.250000	29.250000	1.025736e+03
	898	478	224.500000	29.500000	1.025736e+03
	757	479	189.250000	29.750000	1.010408e+03
	763	482	190.750000	30.500000	1.009426e+03
	978	482	244.500000	30.500000	1.020911e+03
	992	483	248.000000	30.750000	1.018491e+03
	995	483	248.750000	30.750000	1.018363e+03
	979	484	244.750000	31.000000	1.020691e+03
	973	486	243.250000	31.500000	1.021081e+03
	976	486	244.000000	31.500000	1.020908e+03
	774	489	193.500000	32.250000	1.007786e+03
	975	489	243.750000	32.250000	1.020733e+03
	996	490	249.000000	32.500000	1.020186e+03
	779	492	194.750000	33.000000	1.007018e+03
	977	492	244.250000	33.000000	1.021153e+03
	989	492	247.250000	33.000000	1.019503e+03
	967	493	241.750000	33.250000	1.021541e+03
	941	495	235.250000	33.750000	1.020808e+03
	980	495	245.000000	33.750000	1.021056e+03
	990	495	247.500000	33.750000	1.019548e+03
	784	496	196.000000	34.000000	1.006143e+03
	968	496	242.000000	34.000000	1.021553e+03
	937	497	234.250000	34.250000	1.020986e+03
	961	497	240.250000	34.250000	1.021751e+03
	983	497	245.750000	34.250000	1.020816e+03
	983	498	245.750000	34.500000	1.020816e+03
	967	499	241.750000	34.750000	1.022091e+03
	963	500	240.750000	35.000000	1.022118e+03
	985	501	246.250000	35.250000	1.021036e+03
	999	501	249.750000	35.250000	1.023848e+03
	987	503	246.750000	35.750000	1.021031e+03
	960	505	240.000000	36.250000	1.021741e+03
	989	506	247.250000	36.500000	1.021403e+03
	967	507	241.750000	36.750000	1.019928e+03
	995	507	248.750000	36.750000	1.023606e+03
	1000	507	250.000000	36.750000	1.023863e+03
	948	508	237.000000	37.000000	1.019908e+03
	957	508	239.250000	37.000000	1.021523e+03
	973	508	243.250000	37.000000	1.022928e+03
	978	508	244.500000	37.000000	1.022658e+03
	960	509	240.000000	37.250000	1.021708e+03
	966	509	241.500000	37.250000	1.020216e+03
	989	511	247.250000	37.750000	1.022171e+03
	965	512	241.250000	38.000000	1.020388e+03
	1000	512	250.000000	38.000000	1.024141e+03
	993	513	248.250000	38.250000	1.022051e+03
	977	514	244.250000	38.500000	1.022093e+03
	982	514	245.500000	38.500000	1.022593e+03
	963	515	240.750000	38.750000	1.020851e+03
	973	516	243.250000	39.000000	1.022018e+03
	969	517	242.250000	39.250000	1.021351e+03
	986	517	246.500000	39.250000	1.020091e+03
	991	517	247.750000	39.250000	1.020488e+03
	948	519	237.000000	39.750000	1.020568e+03
	968	520	242.000000	40.000000	1.021193e+03
	987	520	246.750000	40.000000	1.020401e+03
	962	521	240.500000	40.250000	1.019956e+03
	985	522	246.250000	40.500000	1.020398e+03
	947	523	236.750000	40.750000	1.020253e+03
	963	523	240.750000	40.750000	1.020111e+03
	977	523	244.250000	40.750000	1.021468e+03
	951	524	237.750000	41.000000	1.020273e+03
	955	524	238.750000	41.000000	1.019351e+03
	999	524	249.750000	41.000000	1.020013e+03
	982	526	245.500000	41.500000	1.021823e+03
	951	527	237.750000	41.750000	1.018698e+03
	992	527	248.000000	41.750000	1.022583e+03
	980	530	245.000000	42.500000	1.020213e+03
	1000	530	250.000000	42.500000	1.020221e+03
	955	533	238.750000	43.250000	1.017553e+03
	965	533	241.250000	43.250000	1.018621e+03
	973	533	243.250000	43.250000	1.019911e+03
	969	536	242.250000	44.000000	1.018873e+03
	998	539	249.500000	44.750000	1.018718e+03
	958	541	239.500000	45.250000	1.014653e+03
	962	542	240.500000	45.500000	1.014633e+03
	975	544	243.750000	46.000000	1.018736e+03
	959	545	239.750000	46.250000	1.014661e+03
	960	547	240.000000	46.750000	1.014523e+03
	958	550	239.500000	47.500000	1.014388e+03
	1000	550	250.000000	47.500000	1.010766e+03
	748	562	187.000000	50.500000	9.675156e+02
	984	563	246.000000	50.750000	1.005988e+03
	989	563	247.250000	50.750000	1.006021e+03
	998	563	249.500000	50.750000	1.006063e+03
	840	564	210.000000	51.000000	9.705457e+02
	972	565	243.000000	51.250000	1.013523e+03
	944	567	236.000000	51.750000	1.003991e+03
	979	569	244.750000	52.250000	1.006536e+03
	983	571	245.750000	52.750000	1.006383e+03
	975	572	243.750000	53.000000	1.006031e+03
	882	573	220.500000	53.250000	9.688981e+02
	972	573	243.000000	53.250000	1.006448e+03
	785	574	196.250000	53.500000	9.739481e+02
	974	577	243.500000	54.250000	1.005173e+03
	810	579	202.500000	54.750000	9.701306e+02
	968	579	242.000000	54.750000	1.003953e+03
	986	579	246.500000	54.750000	1.008811e+03
	978	580	244.500000	55.000000	1.004118e+03
	935	582	233.750000	55.500000	9.997831e+02
	970	582	242.500000	55.500000	1.003963e+03
	925	583	231.250000	55.750000	9.974631e+02
	953	583	238.250000	55.750000	1.001108e+03
	973	584	243.250000	56.000000	1.004606e+03
	845	585	211.250000	56.250000	9.729081e+02
	846	585	211.500000	56.250000	9.729081e+02
	943	587	235.750000	56.750000	1.002113e+03
	959	587	239.750000	56.750000	1.002306e+03
	917	590	229.250000	57.500000	9.953331e+02
	946	591	236.500000	57.750000	9.992756e+02
	964	591	241.000000	57.750000	1.002043e+03
	968	591	242.000000	57.750000	1.002086e+03
	976	592	244.000000	58.000000	1.002956e+03
	985	593	246.250000	58.250000	1.004063e+03
	914	594	228.500000	58.500000	9.961981e+02
	922	594	230.500000	58.500000	9.964906e+02
	936	596	234.000000	59.000000	9.978381e+02
	916	597	229.000000	59.250000	9.955106e+02
	907	598	226.750000	59.500000	9.953031e+02
	977	598	244.250000	59.500000	1.000936e+03
	894	599	223.500000	59.750000	9.906156e+02
	937	599	234.250000	59.750000	1.000446e+03
	950	599	237.500000	59.750000	1.004133e+03
