2015	1	25	168	6
	973	420	243.250000	15.000000	1.011407e+03
	968	425	242.000000	16.250000	1.011002e+03
	976	427	244.000000	16.750000	1.011487e+03
	978	428	244.500000	17.000000	1.011477e+03
	980	429	245.000000	17.250000	1.011452e+03
	973	433	243.250000	18.250000	1.011582e+03
	978	433	244.500000	18.250000	1.011919e+03
	820	436	205.000000	19.000000	1.015689e+03
	978	436	244.500000	19.000000	1.011967e+03
	832	437	208.000000	19.250000	1.015774e+03
	976	437	244.000000	19.250000	1.011972e+03
	989	437	247.250000	19.250000	1.012832e+03
	814	438	203.500000	19.500000	1.015934e+03
	820	441	205.000000	20.250000	1.016687e+03
	840	442	210.000000	20.500000	1.016164e+03
	869	448	217.250000	22.000000	1.017157e+03
	997	448	249.250000	22.000000	1.014327e+03
	837	451	209.250000	22.750000	1.016684e+03
	991	451	247.750000	22.750000	1.014214e+03
	840	453	210.000000	23.250000	1.016639e+03
	848	454	212.000000	23.500000	1.016769e+03
	986	454	246.500000	23.500000	1.014234e+03
	665	455	166.250000	23.750000	1.017729e+03
	843	455	210.750000	23.750000	1.016642e+03
	977	456	244.250000	24.000000	1.014277e+03
	847	457	211.750000	24.250000	1.016667e+03
	661	460	165.250000	25.000000	1.017464e+03
	853	460	213.250000	25.000000	1.016514e+03
	665	462	166.250000	25.500000	1.017309e+03
	879	462	219.750000	25.500000	1.017952e+03
	667	463	166.750000	25.750000	1.017277e+03
	669	464	167.250000	26.000000	1.017287e+03
	672	466	168.000000	26.500000	1.017287e+03
	858	466	214.500000	26.500000	1.016019e+03
	996	466	249.000000	26.500000	1.016322e+03
	801	467	200.250000	26.750000	1.021367e+03
	677	469	169.250000	27.250000	1.017224e+03
	981	469	245.250000	27.250000	1.014799e+03
	679	470	169.750000	27.500000	1.017169e+03
	986	470	246.500000	27.500000	1.014854e+03
	986	471	246.500000	27.750000	1.014854e+03
	682	472	170.500000	28.000000	1.017064e+03
	983	472	245.750000	28.000000	1.014799e+03
	684	473	171.000000	28.250000	1.016987e+03
	994	473	248.500000	28.250000	1.015189e+03
	688	476	172.000000	29.000000	1.016754e+03
	982	476	245.500000	29.000000	1.015062e+03
	775	477	193.750000	29.250000	1.022972e+03
	772	478	193.000000	29.500000	1.022964e+03
	770	479	192.500000	29.750000	1.022982e+03
	988	479	247.000000	29.750000	1.015922e+03
	693	480	173.250000	30.000000	1.016374e+03
	696	482	174.000000	30.500000	1.016229e+03
	992	482	248.000000	30.500000	1.015669e+03
	974	483	243.500000	30.750000	1.015782e+03
	887	484	221.750000	31.000000	1.018547e+03
	871	485	217.750000	31.250000	1.013589e+03
	987	485	246.750000	31.250000	1.014924e+03
	973	486	243.250000	31.500000	1.015789e+03
	872	488	218.000000	32.000000	1.013414e+03
	993	491	248.250000	32.750000	1.017487e+03
	970	492	242.500000	33.000000	1.016679e+03
	977	493	244.250000	33.250000	1.018407e+03
	958	497	239.500000	34.250000	1.017909e+03
	992	500	248.000000	35.000000	1.022587e+03
	876	501	219.000000	35.250000	1.011624e+03
	856	504	214.000000	36.000000	1.010602e+03
	877	504	219.250000	36.000000	1.011624e+03
	965	504	241.250000	36.000000	1.021304e+03
	960	505	240.000000	36.250000	1.021704e+03
	984	505	246.000000	36.250000	1.022247e+03
	999	505	249.750000	36.250000	1.024264e+03
	989	506	247.250000	36.500000	1.023764e+03
	878	507	219.500000	36.750000	1.011432e+03
	962	507	240.500000	36.750000	1.021389e+03
	863	508	215.750000	37.000000	1.010562e+03
	950	508	237.500000	37.000000	1.019577e+03
	859	509	214.750000	37.250000	1.010457e+03
	864	509	216.000000	37.250000	1.010562e+03
	879	509	219.750000	37.250000	1.011229e+03
	961	509	240.250000	37.250000	1.021324e+03
	1000	510	250.000000	37.500000	1.024667e+03
	880	511	220.000000	37.750000	1.011172e+03
	994	511	248.500000	37.750000	1.024829e+03
	958	513	239.500000	38.250000	1.020424e+03
	863	515	215.750000	38.750000	1.010892e+03
	956	516	239.000000	39.000000	1.020344e+03
	969	516	242.250000	39.000000	1.028782e+03
	946	517	236.500000	39.250000	1.019534e+03
	963	517	240.750000	39.250000	1.029397e+03
	1000	518	250.000000	39.500000	1.026974e+03
	886	519	221.500000	39.750000	1.012377e+03
	943	520	235.750000	40.000000	1.018937e+03
	989	520	247.250000	40.000000	1.032347e+03
	978	522	244.500000	40.500000	1.030144e+03
	1000	523	250.000000	40.750000	1.026932e+03
	866	524	216.500000	41.000000	1.011092e+03
	866	525	216.500000	41.250000	1.011092e+03
	957	525	239.250000	41.250000	1.027474e+03
	943	526	235.750000	41.500000	1.020822e+03
	976	526	244.000000	41.500000	1.029687e+03
	890	527	222.500000	41.750000	1.012902e+03
	869	528	217.250000	42.000000	1.011202e+03
	978	529	244.500000	42.250000	1.029324e+03
	871	530	217.750000	42.500000	1.011212e+03
	970	530	242.500000	42.500000	1.028582e+03
	891	531	222.750000	42.750000	1.012989e+03
	957	531	239.250000	42.750000	1.026074e+03
	873	532	218.250000	43.000000	1.011252e+03
	966	532	241.500000	43.000000	1.027409e+03
	972	532	243.000000	43.000000	1.028562e+03
	992	533	248.000000	43.250000	1.034114e+03
	996	535	249.000000	43.750000	1.033017e+03
	985	536	246.250000	44.000000	1.026834e+03
	949	539	237.250000	44.750000	1.023137e+03
	988	539	247.000000	44.750000	1.026369e+03
	955	541	238.750000	45.250000	1.023772e+03
	673	542	168.250000	45.500000	9.800944e+02
	876	543	219.000000	45.750000	1.010987e+03
	964	543	241.000000	45.750000	1.023337e+03
	996	543	249.000000	45.750000	1.022624e+03
	958	544	239.500000	46.000000	1.023052e+03
	969	546	242.250000	46.500000	1.023004e+03
	978	546	244.500000	46.500000	1.025317e+03
	955	547	238.750000	46.750000	1.022952e+03
	1000	549	250.000000	47.250000	1.018377e+03
	720	552	180.000000	48.000000	9.907394e+02
	947	552	236.750000	48.000000	1.021424e+03
	718	553	179.500000	48.250000	9.907394e+02
	976	553	244.000000	48.250000	1.023872e+03
	982	553	245.500000	48.250000	1.023234e+03
	990	553	247.500000	48.250000	1.016722e+03
	964	555	241.000000	48.750000	1.023319e+03
	945	556	236.250000	49.000000	1.021077e+03
	795	557	198.750000	49.250000	1.009882e+03
	999	559	249.750000	49.750000	1.017737e+03
	958	562	239.500000	50.500000	1.016342e+03
	976	562	244.000000	50.500000	1.020544e+03
	965	563	241.250000	50.750000	1.020152e+03
	982	563	245.500000	50.750000	1.013044e+03
	946	566	236.500000	51.500000	1.007129e+03
	970	566	242.500000	51.500000	1.020834e+03
	978	569	244.500000	52.250000	1.010927e+03
	972	572	243.000000	53.000000	1.009082e+03
	779	574	194.750000	53.500000	1.008499e+03
	804	580	201.000000	55.000000	1.006997e+03
	958	580	239.500000	55.000000	1.002237e+03
	951	584	237.750000	56.000000	1.000999e+03
	803	587	200.750000	56.750000	1.009492e+03
	894	588	223.500000	57.000000	9.815969e+02
	806	589	201.500000	57.250000	1.009534e+03
	901	589	225.250000	57.250000	9.833318e+02
	916	591	229.000000	57.750000	9.888219e+02
	977	592	244.250000	58.000000	1.005514e+03
	983	592	245.750000	58.000000	1.006127e+03
	984	592	246.000000	58.000000	1.006127e+03
	890	594	222.500000	58.500000	9.853419e+02
	920	594	230.000000	58.500000	9.887469e+02
	913	596	228.250000	59.000000	9.877544e+02
	940	596	235.000000	59.000000	9.933519e+02
	930	597	232.500000	59.250000	9.909244e+02
	976	598	244.000000	59.500000	1.004352e+03
	802	599	200.500000	59.750000	1.010934e+03
	868	599	217.000000	59.750000	9.875894e+02
	883	599	220.750000	59.750000	9.862544e+02
	832	600	208.000000	60.000000	9.972169e+02
	860	600	215.000000	60.000000	9.869844e+02
	873	600	218.250000	60.000000	9.872994e+02
