2015	1	28	157	3
	946	422	236.500000	15.500000	1.012591e+03
	939	429	234.750000	17.250000	1.013484e+03
	967	433	241.750000	18.250000	1.014956e+03
	814	438	203.500000	19.500000	1.011814e+03
	912	438	228.000000	19.500000	1.013364e+03
	936	438	234.000000	19.500000	1.014516e+03
	815	440	203.750000	20.000000	1.011664e+03
	821	440	205.250000	20.000000	1.012661e+03
	813	443	203.250000	20.750000	1.011851e+03
	804	444	201.000000	21.000000	1.012256e+03
	817	444	204.250000	21.000000	1.012659e+03
	807	445	201.750000	21.250000	1.012241e+03
	938	445	234.500000	21.250000	1.013676e+03
	918	446	229.500000	21.500000	1.013271e+03
	1000	451	250.000000	22.750000	1.015296e+03
	779	466	194.750000	26.500000	1.015684e+03
	781	467	195.250000	26.750000	1.015681e+03
	988	467	247.000000	26.750000	1.017984e+03
	789	470	197.250000	27.500000	1.015676e+03
	793	473	198.250000	28.250000	1.015749e+03
	806	473	201.500000	28.250000	1.016034e+03
	980	473	245.000000	28.250000	1.019276e+03
	795	474	198.750000	28.500000	1.015789e+03
	960	474	240.000000	28.500000	1.019534e+03
	797	475	199.250000	28.750000	1.015811e+03
	995	476	248.750000	29.000000	1.017501e+03
	997	477	249.250000	29.250000	1.017501e+03
	802	479	200.500000	29.750000	1.015859e+03
	995	482	248.750000	30.500000	1.019196e+03
	974	484	243.500000	31.000000	1.020799e+03
	987	485	246.750000	31.250000	1.020071e+03
	1000	487	250.000000	31.750000	1.019464e+03
	991	488	247.750000	32.000000	1.019991e+03
	995	489	248.750000	32.250000	1.019966e+03
	965	490	241.250000	32.500000	1.021266e+03
	969	490	242.250000	32.500000	1.021021e+03
	982	490	245.500000	32.500000	1.020544e+03
	970	492	242.500000	33.000000	1.021011e+03
	989	492	247.250000	33.000000	1.019569e+03
	992	493	248.000000	33.250000	1.019659e+03
	982	495	245.500000	33.750000	1.020949e+03
	970	496	242.500000	34.000000	1.021051e+03
	941	499	235.250000	34.750000	1.022219e+03
	991	499	247.750000	34.750000	1.021611e+03
	944	500	236.000000	35.000000	1.022191e+03
	952	500	238.000000	35.000000	1.022291e+03
	960	500	240.000000	35.000000	1.022166e+03
	964	500	241.000000	35.000000	1.022514e+03
	1000	500	250.000000	35.000000	1.021439e+03
	906	501	226.500000	35.250000	1.018874e+03
	969	501	242.250000	35.250000	1.021916e+03
	963	502	240.750000	35.500000	1.022114e+03
	996	502	249.000000	35.500000	1.020809e+03
	948	503	237.000000	35.750000	1.022471e+03
	985	503	246.250000	35.750000	1.022049e+03
	960	504	240.000000	36.000000	1.022359e+03
	980	504	245.000000	36.000000	1.021491e+03
	973	505	243.250000	36.250000	1.022311e+03
	988	506	247.000000	36.500000	1.022011e+03
	962	507	240.500000	36.750000	1.022679e+03
	958	508	239.500000	37.000000	1.022749e+03
	978	508	244.500000	37.000000	1.022304e+03
	987	508	246.750000	37.000000	1.022139e+03
	967	509	241.750000	37.250000	1.022334e+03
	998	509	249.500000	37.250000	1.022134e+03
	952	510	238.000000	37.500000	1.023331e+03
	959	510	239.750000	37.500000	1.022801e+03
	972	511	243.000000	37.750000	1.022596e+03
	986	511	246.500000	37.750000	1.022464e+03
	982	514	245.500000	38.500000	1.022581e+03
	997	514	249.250000	38.500000	1.021354e+03
	1000	514	250.000000	38.500000	1.021176e+03
	976	515	244.000000	38.750000	1.020861e+03
	952	518	238.000000	39.500000	1.023806e+03
	965	520	241.250000	40.000000	1.021479e+03
	987	520	246.750000	40.000000	1.018454e+03
	974	522	243.500000	40.500000	1.023174e+03
	983	522	245.750000	40.500000	1.019001e+03
	989	523	247.250000	40.750000	1.018894e+03
	946	524	236.500000	41.000000	1.022749e+03
	964	524	241.000000	41.000000	1.020546e+03
	982	524	245.500000	41.000000	1.018956e+03
	999	526	249.750000	41.500000	1.019231e+03
	920	527	230.000000	41.750000	1.020571e+03
	992	527	248.000000	41.750000	1.019516e+03
	985	529	246.250000	42.250000	1.019166e+03
	926	530	231.500000	42.500000	1.020726e+03
	948	530	237.000000	42.500000	1.022049e+03
	953	530	238.250000	42.500000	1.021261e+03
	967	530	241.750000	42.500000	1.019129e+03
	994	530	248.500000	42.500000	1.019914e+03
	981	531	245.250000	42.750000	1.019409e+03
	990	531	247.500000	42.750000	1.020099e+03
	999	531	249.750000	42.750000	1.018306e+03
	972	532	243.000000	43.000000	1.019644e+03
	976	532	244.000000	43.000000	1.019309e+03
	963	534	240.750000	43.500000	1.019274e+03
	993	534	248.250000	43.500000	1.019389e+03
	995	536	248.750000	44.000000	1.019504e+03
	966	537	241.500000	44.250000	1.019321e+03
	942	542	235.500000	45.500000	1.022276e+03
	982	542	245.500000	45.500000	1.015729e+03
	965	543	241.250000	45.750000	1.019036e+03
	944	544	236.000000	46.000000	1.022446e+03
	960	544	240.000000	46.000000	1.018849e+03
	972	545	243.000000	46.250000	1.017301e+03
	948	546	237.000000	46.500000	1.022079e+03
	957	546	239.250000	46.500000	1.018324e+03
	930	547	232.500000	46.750000	1.023551e+03
	959	549	239.750000	47.250000	1.018469e+03
	1000	549	250.000000	47.250000	1.008004e+03
	784	550	196.000000	47.500000	9.887963e+02
	950	551	237.500000	47.750000	1.021211e+03
	981	552	245.250000	48.000000	1.013826e+03
	960	555	240.000000	48.750000	1.017864e+03
	947	556	236.750000	49.000000	1.020399e+03
	935	558	233.750000	49.500000	1.021789e+03
	966	558	241.500000	49.500000	1.016774e+03
	994	559	248.500000	49.750000	1.007231e+03
	968	561	242.000000	50.250000	1.016421e+03
	954	562	238.500000	50.500000	1.017666e+03
	958	562	239.500000	50.500000	1.018126e+03
	977	562	244.250000	50.500000	1.011454e+03
	985	562	246.250000	50.500000	1.006649e+03
	675	564	168.750000	51.000000	1.035194e+03
	933	564	233.250000	51.000000	1.022619e+03
	950	565	237.500000	51.250000	1.017804e+03
	980	566	245.000000	51.500000	1.007836e+03
	994	567	248.500000	51.750000	1.010111e+03
	945	568	236.250000	52.000000	1.017996e+03
	978	568	244.500000	52.000000	1.008444e+03
	976	570	244.000000	52.500000	1.010229e+03
	808	571	202.000000	52.750000	9.830637e+02
	950	572	237.500000	53.000000	1.017336e+03
	972	572	243.000000	53.000000	1.010726e+03
	981	574	245.250000	53.500000	1.013754e+03
	923	575	230.750000	53.750000	1.022064e+03
	966	578	241.500000	54.500000	1.012866e+03
	961	580	240.250000	55.000000	1.012856e+03
	977	580	244.250000	55.000000	1.012724e+03
	934	581	233.500000	55.250000	1.017366e+03
	952	582	238.000000	55.500000	1.013586e+03
	928	590	232.000000	57.500000	1.016664e+03
	944	590	236.000000	57.500000	1.013124e+03
	984	590	246.000000	57.500000	1.021411e+03
	912	592	228.000000	58.000000	1.017666e+03
	932	592	233.000000	58.000000	1.016526e+03
	942	593	235.500000	58.250000	1.012201e+03
	929	594	232.250000	58.500000	1.017429e+03
	888	595	222.000000	58.750000	1.016566e+03
	936	595	234.000000	58.750000	1.016426e+03
	909	597	227.250000	59.250000	1.023319e+03
	954	597	238.500000	59.250000	1.023916e+03
	978	597	244.500000	59.250000	1.022644e+03
	798	599	199.500000	59.750000	1.010056e+03
	896	600	224.000000	60.000000	1.021539e+03
	937	600	234.250000	60.000000	1.020804e+03
