2015	9	19	135	15
	667	420	166.750000	15.000000	1.006327e+03
	862	420	215.500000	15.000000	1.008014e+03
	980	420	245.000000	15.000000	1.006462e+03
	861	422	215.250000	15.500000	1.008004e+03
	697	423	174.250000	15.750000	1.006019e+03
	694	424	173.500000	16.000000	1.006044e+03
	978	426	244.500000	16.500000	1.006232e+03
	737	430	184.250000	17.500000	1.001507e+03
	991	436	247.750000	19.000000	1.004042e+03
	988	437	247.000000	19.250000	1.004097e+03
	815	440	203.750000	20.000000	1.009807e+03
	821	440	205.250000	20.000000	1.010677e+03
	821	443	205.250000	20.750000	1.010792e+03
	843	444	210.750000	21.000000	1.011412e+03
	998	457	249.500000	24.250000	1.006919e+03
	996	464	249.000000	26.000000	1.007772e+03
	983	465	245.750000	26.250000	1.007492e+03
	989	465	247.250000	26.250000	1.007224e+03
	984	467	246.000000	26.750000	1.007424e+03
	982	468	245.500000	27.000000	1.007539e+03
	985	471	246.250000	27.750000	1.007799e+03
	990	472	247.500000	28.000000	1.007924e+03
	713	474	178.250000	28.500000	1.009354e+03
	989	474	247.250000	28.500000	1.008079e+03
	980	476	245.000000	29.000000	1.008309e+03
	976	479	244.000000	29.750000	1.008744e+03
	984	480	246.000000	30.000000	1.007754e+03
	1000	482	250.000000	30.500000	1.013364e+03
	975	483	243.750000	30.750000	1.008727e+03
	970	485	242.500000	31.250000	1.008792e+03
	973	485	243.250000	31.250000	1.008769e+03
	984	486	246.000000	31.500000	1.007519e+03
	991	487	247.750000	31.750000	1.009082e+03
	1000	487	250.000000	31.750000	1.013592e+03
	971	488	242.750000	32.000000	1.008757e+03
	979	489	244.750000	32.250000	1.007524e+03
	961	490	240.250000	32.500000	1.008399e+03
	978	491	244.500000	32.750000	1.007427e+03
	985	491	246.250000	32.750000	1.007582e+03
	988	492	247.000000	33.000000	1.007859e+03
	958	493	239.500000	33.250000	1.008204e+03
	968	493	242.000000	33.250000	1.008362e+03
	993	493	248.250000	33.250000	1.008412e+03
	878	494	219.500000	33.500000	1.020707e+03
	964	494	241.000000	33.500000	1.008272e+03
	970	495	242.500000	33.750000	1.008802e+03
	962	496	240.500000	34.000000	1.008334e+03
	983	496	245.750000	34.000000	1.008367e+03
	1000	498	250.000000	34.500000	1.013284e+03
	897	500	224.250000	35.000000	1.021119e+03
	976	500	244.000000	35.000000	1.010457e+03
	964	501	241.000000	35.250000	1.011579e+03
	1000	501	250.000000	35.250000	1.013979e+03
	971	503	242.750000	35.750000	1.011717e+03
	975	503	243.750000	35.750000	1.010974e+03
	694	504	173.500000	36.000000	1.007377e+03
	998	504	249.500000	36.000000	1.013814e+03
	960	505	240.000000	36.250000	1.010854e+03
	982	505	245.500000	36.250000	1.011634e+03
	972	506	243.000000	36.500000	1.012074e+03
	989	506	247.250000	36.500000	1.014644e+03
	961	508	240.250000	37.000000	1.010674e+03
	996	508	249.000000	37.000000	1.014999e+03
	726	509	181.500000	37.250000	1.013617e+03
	688	510	172.000000	37.500000	1.007234e+03
	956	510	239.000000	37.500000	1.011149e+03
	998	510	249.500000	37.500000	1.014949e+03
	734	512	183.500000	38.000000	1.013457e+03
	1000	512	250.000000	38.000000	1.015982e+03
	950	514	237.500000	38.500000	1.011709e+03
	947	515	236.750000	38.750000	1.011439e+03
	990	515	247.500000	38.750000	1.018692e+03
	984	517	246.000000	39.250000	1.019044e+03
	946	518	236.500000	39.500000	1.011644e+03
	952	518	238.000000	39.500000	1.011487e+03
	969	518	242.250000	39.500000	1.016879e+03
	775	520	193.750000	40.000000	1.015724e+03
	963	521	240.750000	40.250000	1.016772e+03
	966	521	241.500000	40.250000	1.016809e+03
	944	525	236.000000	41.250000	1.014544e+03
	957	525	239.250000	41.250000	1.015689e+03
	989	525	247.250000	41.250000	1.019067e+03
	973	526	243.250000	41.500000	1.017789e+03
	962	528	240.500000	42.000000	1.016757e+03
	969	528	242.250000	42.000000	1.017207e+03
	999	528	249.750000	42.000000	1.019879e+03
	951	529	237.750000	42.250000	1.017039e+03
	977	529	244.250000	42.250000	1.017824e+03
	985	529	246.250000	42.250000	1.018762e+03
	811	530	202.750000	42.500000	1.012879e+03
	965	531	241.250000	42.750000	1.017589e+03
	990	531	247.500000	42.750000	1.019297e+03
	973	532	243.250000	43.000000	1.017884e+03
	949	533	237.250000	43.250000	1.017517e+03
	817	534	204.250000	43.500000	1.013192e+03
	975	534	243.750000	43.500000	1.017912e+03
	951	536	237.750000	44.000000	1.017544e+03
	962	537	240.500000	44.250000	1.017837e+03
	974	537	243.500000	44.250000	1.018192e+03
	841	539	210.250000	44.750000	1.010214e+03
	954	540	238.500000	45.000000	1.017559e+03
	856	543	214.000000	45.750000	1.012234e+03
	996	543	249.000000	45.750000	1.016952e+03
	975	544	243.750000	46.000000	1.017887e+03
	959	545	239.750000	46.250000	1.016497e+03
	951	546	237.750000	46.500000	1.017669e+03
	978	546	244.500000	46.500000	1.018092e+03
	998	552	249.500000	48.000000	1.011222e+03
	960	553	240.000000	48.250000	1.015099e+03
	982	554	245.500000	48.500000	1.015782e+03
	951	556	237.750000	49.000000	1.015444e+03
	980	556	245.000000	49.000000	1.015574e+03
	939	559	234.750000	49.750000	1.012144e+03
	958	562	239.500000	50.500000	1.011817e+03
	975	563	243.750000	50.750000	1.012319e+03
	970	566	242.500000	51.500000	1.011207e+03
	943	568	235.750000	52.000000	1.005879e+03
	972	573	243.000000	53.250000	1.001869e+03
	989	575	247.250000	53.750000	1.002749e+03
	990	575	247.500000	53.750000	1.002749e+03
	931	576	232.750000	54.000000	1.000729e+03
	937	578	234.250000	54.500000	1.000332e+03
	941	579	235.250000	54.750000	9.996669e+02
	930	581	232.500000	55.250000	1.002129e+03
	916	584	229.000000	56.000000	1.004504e+03
	925	585	231.250000	56.250000	1.002397e+03
	943	587	235.750000	56.750000	9.978844e+02
	928	591	232.000000	57.750000	9.991969e+02
	894	594	223.500000	58.500000	1.000294e+03
	979	594	244.750000	58.500000	9.910244e+02
	947	595	236.750000	58.750000	9.921494e+02
	866	596	216.500000	59.000000	9.947594e+02
	896	598	224.000000	59.500000	1.000432e+03
	830	599	207.500000	59.750000	9.998119e+02
	841	599	210.250000	59.750000	9.989469e+02
