2014	12	8	171	15
	722	440	180.500000	20.000000	1.014633e+03
	815	440	203.750000	20.000000	1.015483e+03
	821	440	205.250000	20.000000	1.015508e+03
	819	441	204.750000	20.250000	1.015378e+03
	748	442	187.000000	20.500000	1.014703e+03
	821	443	205.250000	20.750000	1.015651e+03
	801	444	200.250000	21.000000	1.015566e+03
	809	444	202.250000	21.000000	1.015518e+03
	799	445	199.750000	21.250000	1.015591e+03
	816	445	204.000000	21.250000	1.015781e+03
	802	446	200.500000	21.500000	1.015576e+03
	816	446	204.000000	21.500000	1.015781e+03
	739	447	184.750000	21.750000	1.014641e+03
	806	447	201.500000	21.750000	1.015646e+03
	781	448	195.250000	22.000000	1.014856e+03
	805	449	201.250000	22.250000	1.015683e+03
	784	450	196.000000	22.500000	1.014878e+03
	786	451	196.500000	22.750000	1.014881e+03
	992	457	248.000000	24.250000	1.015798e+03
	796	461	199.000000	25.250000	1.014181e+03
	990	461	247.500000	25.250000	1.015673e+03
	991	463	247.750000	25.750000	1.015691e+03
	802	464	200.500000	26.000000	1.013973e+03
	804	465	201.000000	26.250000	1.013931e+03
	989	465	247.250000	26.250000	1.015666e+03
	986	472	246.500000	28.000000	1.016698e+03
	984	473	246.000000	28.250000	1.016813e+03
	999	473	249.750000	28.250000	1.014896e+03
	992	475	248.000000	28.750000	1.015828e+03
	981	476	245.250000	29.000000	1.017021e+03
	995	477	248.750000	29.250000	1.015841e+03
	773	481	193.250000	30.250000	1.007131e+03
	976	482	244.000000	30.500000	1.017873e+03
	987	484	246.750000	31.000000	1.016626e+03
	972	487	243.000000	31.750000	1.018053e+03
	984	491	246.000000	32.750000	1.017793e+03
	970	492	242.500000	33.000000	1.017893e+03
	977	492	244.250000	33.000000	1.018766e+03
	994	493	248.500000	33.250000	1.018538e+03
	962	497	240.500000	34.250000	1.018848e+03
	963	500	240.750000	35.000000	1.021168e+03
	973	501	243.250000	35.250000	1.021408e+03
	991	501	247.750000	35.250000	1.022451e+03
	968	502	242.000000	35.500000	1.021513e+03
	999	503	249.750000	35.750000	1.025413e+03
	965	504	241.250000	36.000000	1.021313e+03
	976	505	244.000000	36.250000	1.021276e+03
	980	505	245.000000	36.250000	1.021951e+03
	984	505	246.000000	36.250000	1.022038e+03
	958	506	239.500000	36.500000	1.021491e+03
	990	506	247.500000	36.500000	1.025516e+03
	964	507	241.000000	36.750000	1.021411e+03
	973	508	243.250000	37.000000	1.021746e+03
	981	508	245.250000	37.000000	1.022258e+03
	962	509	240.500000	37.250000	1.021691e+03
	965	510	241.250000	37.500000	1.021208e+03
	959	511	239.750000	37.750000	1.021531e+03
	988	511	247.000000	37.750000	1.023073e+03
	1000	511	250.000000	37.750000	1.027191e+03
	982	512	245.500000	38.000000	1.023213e+03
	958	513	239.500000	38.250000	1.021511e+03
	989	513	247.250000	38.250000	1.023503e+03
	957	515	239.250000	38.750000	1.021453e+03
	990	515	247.500000	38.750000	1.023303e+03
	969	516	242.250000	39.000000	1.022928e+03
	974	516	243.500000	39.000000	1.023128e+03
	983	516	245.750000	39.000000	1.023268e+03
	959	518	239.750000	39.500000	1.022313e+03
	987	518	246.750000	39.500000	1.024871e+03
	972	519	243.000000	39.750000	1.023671e+03
	992	519	248.000000	39.750000	1.023868e+03
	998	519	249.500000	39.750000	1.028031e+03
	971	521	242.750000	40.250000	1.023913e+03
	990	521	247.500000	40.250000	1.024468e+03
	965	522	241.250000	40.500000	1.025566e+03
	978	522	244.500000	40.500000	1.024201e+03
	994	523	248.500000	40.750000	1.024093e+03
	955	524	238.750000	41.000000	1.022376e+03
	998	524	249.500000	41.000000	1.023323e+03
	832	526	208.000000	41.500000	9.717356e+02
	957	526	239.250000	41.500000	1.021948e+03
	993	526	248.250000	41.500000	1.024603e+03
	975	527	243.750000	41.750000	1.023131e+03
	821	528	205.250000	42.000000	9.695006e+02
	963	529	240.750000	42.250000	1.022718e+03
	970	529	242.500000	42.250000	1.022878e+03
	978	529	244.500000	42.250000	1.022393e+03
	985	529	246.250000	42.250000	1.023803e+03
	997	530	249.250000	42.500000	1.025343e+03
	796	531	199.000000	42.750000	9.719832e+02
	974	531	243.500000	42.750000	1.022358e+03
	799	532	199.750000	43.000000	9.719807e+02
	966	532	241.500000	43.000000	1.022883e+03
	991	532	247.750000	43.000000	1.026071e+03
	820	533	205.000000	43.250000	9.715031e+02
	955	533	238.750000	43.250000	1.020553e+03
	998	533	249.500000	43.250000	1.027306e+03
	978	536	244.500000	44.000000	1.022541e+03
	949	539	237.250000	44.750000	1.015731e+03
	992	540	248.000000	45.000000	1.026171e+03
	964	541	241.000000	45.250000	1.020058e+03
	995	542	248.750000	45.500000	1.024553e+03
	1000	542	250.000000	45.500000	1.023551e+03
	967	543	241.750000	45.750000	1.021146e+03
	971	543	242.750000	45.750000	1.020636e+03
	976	543	244.000000	45.750000	1.021101e+03
	963	545	240.750000	46.250000	1.023143e+03
	969	545	242.250000	46.250000	1.019726e+03
	987	545	246.750000	46.250000	1.022386e+03
	990	545	247.500000	46.250000	1.023936e+03
	999	545	249.750000	46.250000	1.022976e+03
	978	546	244.500000	46.500000	1.021468e+03
	971	548	242.750000	47.000000	1.020986e+03
	979	548	244.750000	47.000000	1.021201e+03
	998	549	249.500000	47.250000	1.020883e+03
	964	551	241.000000	47.750000	1.022513e+03
	969	553	242.250000	48.250000	1.023403e+03
	989	553	247.250000	48.250000	1.019273e+03
	963	554	240.750000	48.500000	1.022128e+03
	971	555	242.750000	48.750000	1.022678e+03
	988	556	247.000000	49.000000	1.020098e+03
	976	557	244.000000	49.250000	1.026128e+03
	995	557	248.750000	49.250000	1.021516e+03
	955	558	238.750000	49.500000	1.016586e+03
	990	558	247.500000	49.500000	1.019891e+03
	963	559	240.750000	49.750000	1.021331e+03
	998	559	249.500000	49.750000	1.021926e+03
	969	560	242.250000	50.000000	1.024988e+03
	973	561	243.250000	50.250000	1.021248e+03
	982	563	245.500000	50.750000	1.015023e+03
	968	565	242.000000	51.250000	1.021851e+03
	945	566	236.250000	51.500000	1.009088e+03
	978	569	244.500000	52.250000	1.011586e+03
	791	570	197.750000	52.500000	9.645856e+02
	811	570	202.750000	52.500000	9.655081e+02
	972	572	243.000000	53.000000	1.010148e+03
	955	573	238.750000	53.250000	1.010776e+03
	982	573	245.500000	53.250000	1.018813e+03
	937	574	234.250000	53.500000	1.006403e+03
	788	575	197.000000	53.750000	9.646231e+02
	948	575	237.000000	53.750000	1.010026e+03
	967	576	241.750000	54.000000	1.008976e+03
	844	577	211.000000	54.250000	9.594182e+02
	961	578	240.250000	54.500000	1.008046e+03
	958	579	239.500000	54.750000	1.007891e+03
	778	581	194.500000	55.250000	9.642106e+02
	955	581	238.750000	55.250000	1.007826e+03
	973	581	243.250000	55.250000	1.013593e+03
	964	582	241.000000	55.500000	1.014266e+03
	950	583	237.500000	55.750000	1.009293e+03
	942	584	235.500000	56.000000	1.010598e+03
	949	585	237.250000	56.250000	1.008941e+03
	992	586	248.000000	56.500000	1.023401e+03
	933	587	233.250000	56.750000	1.007636e+03
	933	589	233.250000	57.250000	1.007658e+03
	962	589	240.500000	57.250000	1.011326e+03
	974	589	243.500000	57.250000	1.015668e+03
	916	590	229.000000	57.500000	1.001046e+03
	976	591	244.000000	57.750000	1.014263e+03
	986	591	246.500000	57.750000	1.018248e+03
	959	592	239.750000	58.000000	1.008816e+03
	941	594	235.250000	58.500000	1.001978e+03
	921	596	230.250000	59.000000	1.001681e+03
	926	596	231.500000	59.000000	1.001466e+03
	971	596	242.750000	59.000000	1.015531e+03
	915	598	228.750000	59.500000	9.993181e+02
	977	598	244.250000	59.500000	1.013983e+03
	906	599	226.500000	59.750000	9.987656e+02
	936	599	234.000000	59.750000	1.007048e+03
	960	599	240.000000	59.750000	1.012828e+03
	893	600	223.250000	60.000000	9.935531e+02
