2015	3	26	169	15
	814	438	203.500000	19.500000	1.017591e+03
	817	442	204.250000	20.500000	1.019221e+03
	661	452	165.250000	23.000000	1.017678e+03
	662	452	165.500000	23.000000	1.017678e+03
	999	452	249.750000	23.000000	1.015161e+03
	661	453	165.250000	23.250000	1.017678e+03
	661	457	165.250000	24.250000	1.017668e+03
	694	458	173.500000	24.500000	1.017746e+03
	866	460	216.500000	25.000000	1.019418e+03
	994	461	248.500000	25.250000	1.016023e+03
	874	464	218.500000	26.000000	1.019416e+03
	869	465	217.250000	26.250000	1.019386e+03
	989	465	247.250000	26.250000	1.015608e+03
	998	467	249.500000	26.750000	1.015391e+03
	875	468	218.750000	27.000000	1.019373e+03
	981	469	245.250000	27.250000	1.016381e+03
	876	470	219.000000	27.500000	1.019358e+03
	995	471	248.750000	27.750000	1.015281e+03
	877	472	219.250000	28.000000	1.019408e+03
	986	472	246.500000	28.000000	1.016068e+03
	994	473	248.500000	28.250000	1.015186e+03
	983	475	245.750000	28.750000	1.015988e+03
	980	477	245.000000	29.250000	1.016086e+03
	989	478	247.250000	29.500000	1.015551e+03
	988	480	247.000000	30.000000	1.015588e+03
	884	481	221.000000	30.250000	1.019646e+03
	975	483	243.750000	30.750000	1.016878e+03
	973	486	243.250000	31.500000	1.017066e+03
	993	490	248.250000	32.500000	1.018041e+03
	968	491	242.000000	32.750000	1.017696e+03
	984	491	246.000000	32.750000	1.017413e+03
	963	492	240.750000	33.000000	1.017886e+03
	969	493	242.250000	33.250000	1.017761e+03
	964	494	241.000000	33.500000	1.017831e+03
	890	497	222.500000	34.250000	1.017961e+03
	960	497	240.000000	34.250000	1.017701e+03
	891	500	222.750000	35.000000	1.017773e+03
	963	500	240.750000	35.000000	1.021208e+03
	972	500	243.000000	35.000000	1.021648e+03
	975	500	243.750000	35.000000	1.021586e+03
	969	501	242.250000	35.250000	1.021618e+03
	961	502	240.250000	35.500000	1.021288e+03
	892	503	223.000000	35.750000	1.017603e+03
	999	503	249.750000	35.750000	1.025716e+03
	893	504	223.250000	36.000000	1.017603e+03
	981	504	245.250000	36.000000	1.023273e+03
	960	505	240.000000	36.250000	1.020926e+03
	895	508	223.750000	37.000000	1.017541e+03
	961	508	240.250000	37.000000	1.020791e+03
	895	509	223.750000	37.250000	1.017541e+03
	988	509	247.000000	37.250000	1.025751e+03
	993	509	248.250000	37.250000	1.026611e+03
	947	511	236.750000	37.750000	1.021066e+03
	994	511	248.500000	37.750000	1.026478e+03
	957	513	239.250000	38.250000	1.021211e+03
	950	514	237.500000	38.500000	1.021133e+03
	964	515	241.000000	38.750000	1.026516e+03
	947	516	236.750000	39.000000	1.020653e+03
	996	516	249.000000	39.000000	1.027841e+03
	1000	518	250.000000	39.500000	1.027318e+03
	945	519	236.250000	39.750000	1.020488e+03
	952	519	238.000000	39.750000	1.021091e+03
	979	519	244.750000	39.750000	1.028201e+03
	966	520	241.500000	40.000000	1.026396e+03
	984	520	246.000000	40.000000	1.028168e+03
	994	521	248.500000	40.250000	1.030598e+03
	1000	523	250.000000	40.750000	1.026056e+03
	956	524	239.000000	41.000000	1.025176e+03
	989	524	247.250000	41.000000	1.028966e+03
	945	526	236.250000	41.500000	1.022476e+03
	945	528	236.250000	42.000000	1.022538e+03
	962	528	240.500000	42.000000	1.027153e+03
	966	528	241.500000	42.000000	1.027843e+03
	731	529	182.750000	42.250000	9.885481e+02
	1000	529	250.000000	42.250000	1.028873e+03
	692	530	173.000000	42.500000	9.861731e+02
	949	530	237.250000	42.500000	1.023866e+03
	956	530	239.000000	42.500000	1.026121e+03
	977	530	244.250000	42.500000	1.029488e+03
	994	530	248.500000	42.500000	1.031611e+03
	945	531	236.250000	42.750000	1.022978e+03
	974	531	243.500000	42.750000	1.029076e+03
	990	531	247.500000	42.750000	1.031433e+03
	703	532	175.750000	43.000000	9.864556e+02
	960	532	240.000000	43.000000	1.027288e+03
	966	532	241.500000	43.000000	1.027631e+03
	948	533	237.000000	43.250000	1.023133e+03
	710	534	177.500000	43.500000	9.854781e+02
	993	534	248.250000	43.500000	1.031528e+03
	950	535	237.500000	43.750000	1.023511e+03
	981	535	245.250000	43.750000	1.026833e+03
	985	535	246.250000	43.750000	1.026903e+03
	998	535	249.500000	43.750000	1.031013e+03
	951	537	237.750000	44.250000	1.023443e+03
	975	537	243.750000	44.250000	1.029646e+03
	989	538	247.250000	44.500000	1.026978e+03
	957	539	239.250000	44.750000	1.025141e+03
	978	540	244.500000	45.000000	1.029113e+03
	907	541	226.750000	45.250000	1.014606e+03
	947	541	236.750000	45.250000	1.024851e+03
	952	541	238.000000	45.250000	1.023833e+03
	943	542	235.750000	45.500000	1.024598e+03
	962	542	240.500000	45.500000	1.025378e+03
	965	542	241.250000	45.500000	1.025538e+03
	971	542	242.750000	45.500000	1.026808e+03
	996	543	249.000000	45.750000	1.023918e+03
	942	544	235.500000	46.000000	1.024578e+03
	958	544	239.500000	46.000000	1.025186e+03
	977	544	244.250000	46.000000	1.027091e+03
	951	545	237.750000	46.250000	1.023876e+03
	968	545	242.000000	46.250000	1.025486e+03
	954	546	238.500000	46.500000	1.024188e+03
	946	548	236.500000	47.000000	1.024641e+03
	959	549	239.750000	47.250000	1.024826e+03
	1000	550	250.000000	47.500000	1.019176e+03
	960	551	240.000000	47.750000	1.024826e+03
	946	552	236.500000	48.000000	1.024071e+03
	982	553	245.500000	48.250000	1.026208e+03
	991	553	247.750000	48.250000	1.018163e+03
	947	554	236.750000	48.500000	1.024093e+03
	963	555	240.750000	48.750000	1.025411e+03
	989	555	247.250000	48.750000	1.018056e+03
	997	555	249.250000	48.750000	1.018863e+03
	945	556	236.250000	49.000000	1.023976e+03
	974	556	243.500000	49.000000	1.026038e+03
	977	558	244.250000	49.500000	1.025446e+03
	1000	559	250.000000	49.750000	1.019011e+03
	985	561	246.250000	50.250000	1.016781e+03
	958	562	239.500000	50.500000	1.021791e+03
	975	562	243.750000	50.500000	1.023801e+03
	965	563	241.250000	50.750000	1.023838e+03
	982	563	245.500000	50.750000	1.016541e+03
	995	563	248.750000	50.750000	1.018123e+03
	974	564	243.500000	51.000000	1.024338e+03
	947	566	236.750000	51.500000	1.016386e+03
	990	566	247.500000	51.500000	1.016116e+03
	944	567	236.000000	51.750000	1.016686e+03
	990	567	247.500000	51.750000	1.016116e+03
	980	570	245.000000	52.500000	1.015146e+03
	983	571	245.750000	52.750000	1.015143e+03
	799	572	199.750000	53.000000	9.799606e+02
	974	572	243.500000	53.000000	1.014933e+03
	979	574	244.750000	53.500000	1.015483e+03
	950	576	237.500000	54.000000	1.016031e+03
	940	578	235.000000	54.500000	1.014186e+03
	962	579	240.500000	54.750000	1.013391e+03
	930	581	232.500000	55.250000	1.014593e+03
	681	582	170.250000	55.500000	1.007781e+03
	942	583	235.500000	55.750000	1.014101e+03
	823	584	205.750000	56.000000	9.831181e+02
	952	585	238.000000	56.250000	1.012068e+03
	684	586	171.000000	56.500000	1.007883e+03
	934	588	233.500000	57.000000	1.013423e+03
	973	588	243.250000	57.000000	1.014658e+03
	834	589	208.500000	57.250000	9.816781e+02
	936	590	234.000000	57.500000	1.013213e+03
	946	591	236.500000	57.750000	1.010176e+03
	974	591	243.500000	57.750000	1.014583e+03
	987	592	246.750000	58.000000	1.017638e+03
	943	593	235.750000	58.250000	1.009988e+03
	907	594	226.750000	58.500000	1.010326e+03
	931	596	232.750000	59.000000	1.010823e+03
	936	596	234.000000	59.000000	1.010621e+03
	825	598	206.250000	59.500000	9.877781e+02
	975	598	243.750000	59.500000	1.015483e+03
	917	599	229.250000	59.750000	1.010833e+03
	949	599	237.250000	59.750000	1.013203e+03
	962	599	240.500000	59.750000	1.014026e+03
	937	600	234.250000	60.000000	1.013181e+03
