2015	4	11	154	21
	922	436	230.500000	19.000000	1.016557e+03
	925	437	231.250000	19.250000	1.016569e+03
	926	437	231.500000	19.250000	1.016569e+03
	814	438	203.500000	19.500000	1.018187e+03
	812	439	203.000000	19.750000	1.018309e+03
	815	440	203.750000	20.000000	1.017914e+03
	925	440	231.250000	20.000000	1.016562e+03
	820	441	205.000000	20.250000	1.019374e+03
	945	441	236.250000	20.250000	1.015997e+03
	813	442	203.250000	20.500000	1.018342e+03
	957	442	239.250000	20.500000	1.015837e+03
	821	443	205.250000	20.750000	1.019572e+03
	947	443	236.750000	20.750000	1.015979e+03
	817	444	204.250000	21.000000	1.019487e+03
	935	444	233.750000	21.000000	1.016319e+03
	950	445	237.500000	21.250000	1.015937e+03
	953	447	238.250000	21.750000	1.015984e+03
	998	455	249.500000	23.750000	1.011054e+03
	950	457	237.500000	24.250000	1.016104e+03
	997	457	249.250000	24.250000	1.011459e+03
	685	459	171.250000	24.750000	1.018557e+03
	939	461	234.750000	25.250000	1.016719e+03
	937	464	234.250000	26.000000	1.016717e+03
	996	464	249.000000	26.000000	1.011582e+03
	993	467	248.250000	26.750000	1.011562e+03
	988	468	247.000000	27.000000	1.013587e+03
	992	471	248.000000	27.750000	1.011947e+03
	998	475	249.500000	28.750000	1.010299e+03
	993	477	248.250000	29.250000	1.010602e+03
	997	477	249.250000	29.250000	1.010224e+03
	985	478	246.250000	29.500000	1.010479e+03
	981	481	245.250000	30.250000	1.010104e+03
	993	482	248.250000	30.500000	1.009234e+03
	980	483	245.000000	30.750000	1.010202e+03
	1000	487	250.000000	31.750000	1.009132e+03
	996	488	249.000000	32.000000	1.008992e+03
	979	489	244.750000	32.250000	1.009324e+03
	978	491	244.500000	32.750000	1.009402e+03
	982	491	245.500000	32.750000	1.009502e+03
	993	491	248.250000	32.750000	1.009314e+03
	968	492	242.000000	33.000000	1.013829e+03
	989	492	247.250000	33.000000	1.009492e+03
	999	492	249.750000	33.000000	1.009067e+03
	975	494	243.750000	33.500000	1.010002e+03
	774	496	193.500000	34.000000	1.028847e+03
	983	496	245.750000	34.000000	1.009232e+03
	962	498	240.500000	34.500000	1.012392e+03
	966	498	241.500000	34.500000	1.011287e+03
	971	498	242.750000	34.500000	1.010784e+03
	981	499	245.250000	34.750000	1.009419e+03
	976	500	244.000000	35.000000	1.009904e+03
	990	500	247.500000	35.000000	1.009969e+03
	723	501	180.750000	35.250000	1.028764e+03
	728	502	182.000000	35.500000	1.028752e+03
	995	502	248.750000	35.500000	1.008404e+03
	975	503	243.750000	35.750000	1.009684e+03
	960	504	240.000000	36.000000	1.014079e+03
	981	504	245.250000	36.000000	1.009109e+03
	739	505	184.750000	36.250000	1.028637e+03
	963	505	240.750000	36.250000	1.013927e+03
	989	505	247.250000	36.250000	1.009754e+03
	741	506	185.250000	36.500000	1.028637e+03
	972	506	243.000000	36.500000	1.009519e+03
	747	507	186.750000	36.750000	1.028632e+03
	981	507	245.250000	36.750000	1.009409e+03
	988	507	247.000000	36.750000	1.009612e+03
	985	508	246.250000	37.000000	1.009629e+03
	994	508	248.500000	37.000000	1.008687e+03
	1000	508	250.000000	37.000000	1.008354e+03
	972	509	243.000000	37.250000	1.010159e+03
	997	510	249.250000	37.500000	1.008407e+03
	852	511	213.000000	37.750000	1.029074e+03
	856	511	214.000000	37.750000	1.029044e+03
	968	512	242.000000	38.000000	1.010744e+03
	954	514	238.500000	38.500000	1.016244e+03
	996	514	249.000000	38.500000	1.006424e+03
	976	515	244.000000	38.750000	1.008887e+03
	999	515	249.750000	38.750000	1.006504e+03
	980	516	245.000000	39.000000	1.009482e+03
	996	517	249.000000	39.250000	1.006962e+03
	963	518	240.750000	39.500000	1.011162e+03
	989	518	247.250000	39.500000	1.006687e+03
	949	520	237.250000	40.000000	1.015529e+03
	968	520	242.000000	40.000000	1.011877e+03
	1000	520	250.000000	40.000000	1.004322e+03
	985	521	246.250000	40.250000	1.005619e+03
	950	522	237.500000	40.500000	1.015622e+03
	961	522	240.250000	40.500000	1.012317e+03
	991	522	247.750000	40.500000	1.006239e+03
	972	523	243.000000	40.750000	1.010954e+03
	794	524	198.500000	41.000000	1.020859e+03
	963	524	240.750000	41.000000	1.011654e+03
	993	524	248.250000	41.000000	1.007707e+03
	800	526	200.000000	41.500000	1.021357e+03
	958	527	239.500000	41.750000	1.012917e+03
	988	527	247.000000	41.750000	1.006917e+03
	974	528	243.500000	42.000000	1.010764e+03
	991	529	247.750000	42.250000	1.007164e+03
	813	530	203.250000	42.500000	1.021572e+03
	947	530	236.750000	42.500000	1.020017e+03
	968	531	242.000000	42.750000	1.010072e+03
	817	532	204.250000	43.000000	1.021357e+03
	974	532	243.500000	43.000000	1.010254e+03
	822	533	205.500000	43.250000	1.021299e+03
	826	534	206.500000	43.500000	1.021207e+03
	947	536	236.750000	44.000000	1.019804e+03
	971	536	242.750000	44.000000	1.008719e+03
	990	538	247.500000	44.500000	1.003199e+03
	973	541	243.250000	45.250000	1.010259e+03
	995	544	248.750000	46.000000	1.000074e+03
	975	545	243.750000	46.250000	1.010434e+03
	961	546	240.250000	46.500000	1.009944e+03
	992	546	248.000000	46.500000	1.000204e+03
	983	549	245.750000	47.250000	1.006314e+03
	949	551	237.250000	47.750000	1.013049e+03
	945	556	236.250000	49.000000	1.011834e+03
	971	560	242.750000	50.000000	1.003799e+03
	938	561	234.500000	50.250000	1.010474e+03
	935	562	233.750000	50.500000	1.010574e+03
	961	566	240.250000	51.500000	1.002069e+03
	987	567	246.750000	51.750000	9.900394e+02
	996	567	249.000000	51.750000	9.890294e+02
	735	568	183.750000	52.000000	1.015077e+03
	674	570	168.500000	52.500000	1.026824e+03
	954	571	238.500000	52.750000	1.001429e+03
	996	571	249.000000	52.750000	9.878869e+02
	949	572	237.250000	53.000000	1.001247e+03
	963	572	240.750000	53.000000	1.001397e+03
	997	573	249.250000	53.250000	9.879744e+02
	947	574	236.750000	53.500000	1.001397e+03
	953	575	238.250000	53.750000	1.000259e+03
	998	575	249.500000	53.750000	9.881569e+02
	951	578	237.750000	54.500000	9.993444e+02
	948	579	237.000000	54.750000	9.993244e+02
	928	582	232.000000	55.500000	1.000199e+03
	805	584	201.250000	56.000000	9.997719e+02
	955	588	238.750000	57.000000	9.924444e+02
	938	590	234.500000	57.500000	9.946869e+02
	878	592	219.500000	58.000000	9.894794e+02
	992	592	248.000000	58.000000	9.856794e+02
	824	593	206.000000	58.250000	9.934919e+02
	857	594	214.250000	58.500000	9.893269e+02
	872	594	218.000000	58.500000	9.894519e+02
	876	594	219.000000	58.500000	9.894019e+02
	861	595	215.250000	58.750000	9.893069e+02
	888	595	222.000000	58.750000	9.906669e+02
	918	595	229.500000	58.750000	9.945719e+02
	852	596	213.000000	59.000000	9.891869e+02
	689	599	172.250000	59.750000	1.017422e+03
	841	599	210.250000	59.750000	9.903394e+02
	990	599	247.500000	59.750000	9.830969e+02
	793	600	198.250000	60.000000	9.978918e+02
	830	600	207.500000	60.000000	9.899144e+02
	831	600	207.750000	60.000000	9.899144e+02
