2014	10	16	168	3
	777	420	194.250000	15.000000	1.009595e+03
	878	424	219.500000	16.000000	1.011240e+03
	786	433	196.500000	18.250000	1.011165e+03
	820	436	205.000000	19.000000	1.011718e+03
	814	438	203.500000	19.500000	1.011965e+03
	812	439	203.000000	19.750000	1.011920e+03
	810	440	202.500000	20.000000	1.011997e+03
	815	440	203.750000	20.000000	1.011785e+03
	904	440	226.000000	20.000000	1.013880e+03
	820	441	205.000000	20.250000	1.012370e+03
	775	443	193.750000	20.750000	1.011312e+03
	812	443	203.000000	20.750000	1.011895e+03
	821	443	205.250000	20.750000	1.012568e+03
	804	444	201.000000	21.000000	1.012218e+03
	817	444	204.250000	21.000000	1.012468e+03
	802	446	200.500000	21.500000	1.012190e+03
	810	447	202.500000	21.750000	1.012355e+03
	998	453	249.500000	23.250000	1.011495e+03
	997	455	249.250000	23.750000	1.011370e+03
	995	456	248.750000	24.000000	1.011523e+03
	993	460	248.250000	25.000000	1.011823e+03
	953	462	238.250000	25.500000	1.015893e+03
	955	463	238.750000	25.750000	1.015907e+03
	898	464	224.500000	26.000000	1.016070e+03
	936	464	234.000000	26.000000	1.016128e+03
	990	465	247.500000	26.250000	1.011482e+03
	937	466	234.250000	26.500000	1.016160e+03
	935	467	233.750000	26.750000	1.016162e+03
	950	468	237.500000	27.000000	1.016167e+03
	947	469	236.750000	27.250000	1.016182e+03
	1000	469	250.000000	27.250000	1.010220e+03
	995	470	248.750000	27.500000	1.010513e+03
	997	471	249.250000	27.750000	1.010338e+03
	802	472	200.500000	28.000000	1.014167e+03
	785	474	196.250000	28.500000	1.014340e+03
	786	474	196.500000	28.500000	1.014340e+03
	791	475	197.750000	28.750000	1.014338e+03
	896	475	224.000000	28.750000	1.016643e+03
	982	475	245.500000	28.750000	1.013690e+03
	989	475	247.250000	28.750000	1.010778e+03
	993	476	248.250000	29.000000	1.010560e+03
	980	477	245.000000	29.250000	1.013948e+03
	997	477	249.250000	29.250000	1.010948e+03
	976	479	244.000000	29.750000	1.014742e+03
	988	479	247.000000	29.750000	1.010725e+03
	893	480	223.250000	30.000000	1.016477e+03
	894	480	223.500000	30.000000	1.016477e+03
	983	482	245.750000	30.500000	1.010227e+03
	994	482	248.500000	30.500000	1.012042e+03
	975	483	243.750000	30.750000	1.014705e+03
	983	485	245.750000	31.250000	1.010227e+03
	971	488	242.750000	32.000000	1.014443e+03
	927	489	231.750000	32.250000	1.016893e+03
	979	489	244.750000	32.250000	1.009925e+03
	995	489	248.750000	32.250000	1.011432e+03
	932	491	233.000000	32.750000	1.016815e+03
	986	491	246.500000	32.750000	1.010208e+03
	970	492	242.500000	33.000000	1.014378e+03
	977	492	244.250000	33.000000	1.009688e+03
	924	493	231.000000	33.250000	1.016818e+03
	927	494	231.750000	33.500000	1.016820e+03
	985	494	246.250000	33.500000	1.010943e+03
	991	494	247.750000	33.500000	1.010287e+03
	935	495	233.750000	33.750000	1.016870e+03
	967	495	241.750000	33.750000	1.014157e+03
	982	495	245.500000	33.750000	1.010057e+03
	962	496	240.500000	34.000000	1.014280e+03
	970	496	242.500000	34.000000	1.014487e+03
	983	497	245.750000	34.250000	1.009955e+03
	936	498	234.000000	34.500000	1.016840e+03
	976	498	244.000000	34.500000	1.009865e+03
	982	499	245.500000	34.750000	1.010035e+03
	990	499	247.500000	34.750000	1.013753e+03
	956	501	239.000000	35.250000	1.014695e+03
	719	503	179.750000	35.750000	1.022547e+03
	971	503	242.750000	35.750000	1.010285e+03
	975	503	243.750000	35.750000	1.009602e+03
	962	504	240.500000	36.000000	1.013225e+03
	980	504	245.000000	36.000000	1.008790e+03
	995	504	248.750000	36.000000	1.011700e+03
	948	506	237.000000	36.500000	1.015945e+03
	972	506	243.000000	36.500000	1.007722e+03
	982	506	245.500000	36.500000	1.008435e+03
	961	507	240.250000	36.750000	1.013503e+03
	960	508	240.000000	37.000000	1.013503e+03
	994	508	248.500000	37.000000	1.009775e+03
	1000	508	250.000000	37.000000	1.010860e+03
	968	509	242.000000	37.250000	1.009847e+03
	997	509	249.250000	37.250000	1.009595e+03
	986	511	246.500000	37.750000	1.011535e+03
	678	512	169.500000	38.000000	1.023295e+03
	970	512	242.500000	38.000000	1.009890e+03
	977	514	244.250000	38.500000	1.009535e+03
	997	514	249.250000	38.500000	1.009900e+03
	1000	515	250.000000	38.750000	1.009125e+03
	952	516	238.000000	39.000000	1.014730e+03
	967	516	241.750000	39.000000	1.013255e+03
	982	516	245.500000	39.000000	1.011287e+03
	952	518	238.000000	39.500000	1.014715e+03
	986	518	246.500000	39.500000	1.008778e+03
	989	518	247.250000	39.500000	1.008492e+03
	992	520	248.000000	40.000000	1.008355e+03
	954	523	238.500000	40.750000	1.017125e+03
	965	524	241.250000	41.000000	1.015008e+03
	995	524	248.750000	41.000000	1.010097e+03
	949	526	237.250000	41.500000	1.016045e+03
	973	528	243.250000	42.000000	1.016177e+03
	953	529	238.250000	42.250000	1.016175e+03
	959	531	239.750000	42.750000	1.016167e+03
	969	531	242.250000	42.750000	1.015818e+03
	963	532	240.750000	43.000000	1.016070e+03
	875	534	218.750000	43.500000	9.894075e+02
	964	534	241.000000	43.500000	1.016165e+03
	974	534	243.500000	43.500000	1.015060e+03
	871	535	217.750000	43.750000	9.897775e+02
	956	536	239.000000	44.000000	1.016075e+03
	972	536	243.000000	44.000000	1.014378e+03
	990	536	247.500000	44.000000	1.012145e+03
	991	536	247.750000	44.000000	1.012145e+03
	864	537	216.000000	44.250000	9.894175e+02
	995	538	248.750000	44.500000	1.012112e+03
	959	539	239.750000	44.750000	1.015470e+03
	963	539	240.750000	44.750000	1.015218e+03
	984	541	246.000000	45.250000	1.015927e+03
	955	542	238.750000	45.500000	1.014932e+03
	969	542	242.250000	45.500000	1.015150e+03
	993	544	248.250000	46.000000	1.010260e+03
	972	546	243.000000	46.500000	1.013593e+03
	962	553	240.500000	48.250000	1.009980e+03
	982	554	245.500000	48.500000	1.010145e+03
	945	556	236.250000	49.000000	1.009205e+03
	973	556	243.250000	49.000000	1.009920e+03
	966	557	241.500000	49.250000	1.009515e+03
	970	557	242.500000	49.250000	1.010000e+03
	940	559	235.000000	49.750000	1.008628e+03
	957	563	239.250000	50.750000	1.006542e+03
	980	563	245.000000	50.750000	1.006615e+03
	698	566	174.500000	51.500000	9.778475e+02
	965	566	241.250000	51.500000	1.007630e+03
	977	566	244.250000	51.500000	1.006405e+03
	970	567	242.500000	51.750000	1.007190e+03
	947	568	236.750000	52.000000	1.002997e+03
	944	573	236.000000	53.250000	1.002885e+03
	957	574	239.250000	53.500000	1.005032e+03
	937	577	234.250000	54.250000	1.003815e+03
	967	577	241.750000	54.250000	1.008595e+03
	933	581	233.250000	55.250000	1.003570e+03
	805	582	201.250000	55.500000	1.000297e+03
	956	582	239.000000	55.500000	1.010987e+03
	884	583	221.000000	55.750000	9.850625e+02
	805	587	201.250000	56.750000	1.000787e+03
	809	590	202.250000	57.500000	1.000922e+03
	848	591	212.000000	57.750000	9.974825e+02
	798	592	199.500000	58.000000	1.000810e+03
	820	592	205.000000	58.000000	9.980050e+02
	916	592	229.000000	58.000000	1.000013e+03
	824	593	206.000000	58.250000	9.980050e+02
	912	594	228.000000	58.500000	1.000497e+03
	829	595	207.250000	58.750000	9.981400e+02
	839	598	209.750000	59.500000	9.965900e+02
	904	598	226.000000	59.500000	1.001800e+03
	800	599	200.000000	59.750000	1.001245e+03
	830	599	207.500000	59.750000	9.975975e+02
	856	599	214.000000	59.750000	9.966225e+02
	981	599	245.250000	59.750000	1.015537e+03
	864	600	216.000000	60.000000	9.963100e+02
	872	600	218.000000	60.000000	9.961000e+02
	977	600	244.250000	60.000000	1.015500e+03
