2015	4	21	182	21
	815	436	203.750000	19.000000	1.015732e+03
	815	440	203.750000	20.000000	1.015172e+03
	821	440	205.250000	20.000000	1.017763e+03
	814	442	203.500000	20.500000	1.015735e+03
	755	446	188.750000	21.500000	1.015815e+03
	735	451	183.750000	22.750000	1.016333e+03
	999	456	249.750000	24.000000	1.010367e+03
	741	457	185.250000	24.250000	1.016432e+03
	750	459	187.500000	24.750000	1.016062e+03
	996	459	249.000000	24.750000	1.010203e+03
	753	463	188.250000	25.750000	1.016352e+03
	995	463	248.750000	25.750000	1.010242e+03
	747	464	186.750000	26.000000	1.016338e+03
	754	465	188.500000	26.250000	1.016365e+03
	992	466	248.000000	26.500000	1.009590e+03
	756	468	189.000000	27.000000	1.016367e+03
	989	472	247.250000	28.000000	1.010018e+03
	758	474	189.500000	28.500000	1.016393e+03
	988	474	247.000000	28.500000	1.010148e+03
	998	477	249.500000	29.250000	1.008438e+03
	985	478	246.250000	29.500000	1.009708e+03
	954	481	238.500000	30.250000	1.014867e+03
	982	482	245.500000	30.500000	1.007768e+03
	994	482	248.500000	30.500000	1.008020e+03
	1000	482	250.000000	30.500000	1.008840e+03
	972	483	243.000000	30.750000	1.013417e+03
	766	485	191.500000	31.250000	1.015472e+03
	972	486	243.000000	31.500000	1.013477e+03
	672	488	168.000000	32.000000	1.027863e+03
	970	488	242.500000	32.000000	1.013475e+03
	979	488	244.750000	32.000000	1.006960e+03
	980	488	245.000000	32.000000	1.006960e+03
	996	488	249.000000	32.000000	1.007427e+03
	768	489	192.000000	32.250000	1.015078e+03
	978	491	244.500000	32.750000	1.006963e+03
	982	491	245.500000	32.750000	1.007008e+03
	1000	492	250.000000	33.000000	1.006620e+03
	770	493	192.500000	33.250000	1.014802e+03
	990	493	247.500000	33.250000	1.006475e+03
	978	497	244.500000	34.250000	1.006398e+03
	983	497	245.750000	34.250000	1.006410e+03
	981	499	245.250000	34.750000	1.006458e+03
	976	500	244.000000	35.000000	1.005930e+03
	990	500	247.500000	35.000000	1.007583e+03
	1000	500	250.000000	35.000000	1.006650e+03
	952	502	238.000000	35.500000	1.013770e+03
	995	503	248.750000	35.750000	1.006773e+03
	990	504	247.500000	36.000000	1.007500e+03
	960	505	240.000000	36.250000	1.008083e+03
	982	505	245.500000	36.250000	1.005180e+03
	972	506	243.000000	36.500000	1.004680e+03
	988	506	247.000000	36.500000	1.006660e+03
	976	507	244.000000	36.750000	1.005338e+03
	760	508	190.000000	37.000000	1.012505e+03
	980	508	245.000000	37.000000	1.006032e+03
	985	508	246.250000	37.000000	1.005878e+03
	994	508	248.500000	37.000000	1.006078e+03
	1000	508	250.000000	37.000000	1.006485e+03
	972	509	243.000000	37.250000	1.005888e+03
	956	510	239.000000	37.500000	1.008792e+03
	997	510	249.250000	37.500000	1.005453e+03
	974	512	243.500000	38.000000	1.006218e+03
	958	513	239.500000	38.250000	1.009273e+03
	968	513	242.000000	38.250000	1.004865e+03
	997	513	249.250000	38.250000	1.005875e+03
	977	514	244.250000	38.500000	1.005420e+03
	1000	514	250.000000	38.500000	1.006465e+03
	967	515	241.750000	38.750000	1.004458e+03
	1000	515	250.000000	38.750000	1.006465e+03
	963	516	240.750000	39.000000	1.004335e+03
	988	516	247.000000	39.000000	1.004660e+03
	972	517	243.000000	39.250000	1.005475e+03
	997	517	249.250000	39.250000	1.006453e+03
	961	518	240.250000	39.500000	1.004895e+03
	986	518	246.500000	39.500000	1.004862e+03
	773	519	193.250000	39.750000	1.010153e+03
	966	519	241.500000	39.750000	1.004523e+03
	976	519	244.000000	39.750000	1.005405e+03
	969	520	242.250000	40.000000	1.004545e+03
	973	520	243.250000	40.000000	1.005213e+03
	986	520	246.500000	40.000000	1.004992e+03
	991	520	247.750000	40.000000	1.005840e+03
	1000	520	250.000000	40.000000	1.006398e+03
	960	521	240.000000	40.250000	1.005122e+03
	950	522	237.500000	40.500000	1.006122e+03
	991	522	247.750000	40.500000	1.005750e+03
	972	523	243.000000	40.750000	1.005182e+03
	978	524	244.500000	41.000000	1.005940e+03
	968	525	242.000000	41.250000	1.005140e+03
	995	525	248.750000	41.250000	1.007463e+03
	957	526	239.250000	41.500000	1.005273e+03
	960	526	240.000000	41.500000	1.005970e+03
	991	527	247.750000	41.750000	1.006247e+03
	988	528	247.000000	42.000000	1.005875e+03
	1000	528	250.000000	42.000000	1.007088e+03
	966	529	241.500000	42.250000	1.005415e+03
	973	529	243.250000	42.250000	1.006150e+03
	790	531	197.500000	42.750000	1.012263e+03
	981	531	245.250000	42.750000	1.005253e+03
	985	531	246.250000	42.750000	1.005222e+03
	999	531	249.750000	42.750000	1.007965e+03
	963	532	240.750000	43.000000	1.005555e+03
	977	532	244.250000	43.000000	1.005420e+03
	988	532	247.000000	43.000000	1.005422e+03
	956	533	239.000000	43.250000	1.005615e+03
	966	534	241.500000	43.500000	1.006003e+03
	974	534	243.500000	43.500000	1.005713e+03
	991	535	247.750000	43.750000	1.005555e+03
	1000	535	250.000000	43.750000	1.009153e+03
	981	537	245.250000	44.250000	1.007885e+03
	983	538	245.750000	44.500000	1.007885e+03
	979	539	244.750000	44.750000	1.007960e+03
	984	540	246.000000	45.000000	1.007768e+03
	996	540	249.000000	45.000000	1.008745e+03
	988	541	247.000000	45.250000	1.007830e+03
	974	542	243.500000	45.500000	1.007395e+03
	992	542	248.000000	45.500000	1.007685e+03
	971	544	242.750000	46.000000	1.007312e+03
	978	544	244.500000	46.000000	1.007612e+03
	993	544	248.250000	46.000000	1.007620e+03
	959	545	239.750000	46.250000	1.006495e+03
	987	545	246.750000	46.250000	1.007810e+03
	963	546	240.750000	46.500000	1.006230e+03
	984	547	246.000000	46.750000	1.007093e+03
	962	548	240.500000	47.000000	1.006177e+03
	992	548	248.000000	47.000000	1.007528e+03
	951	549	237.750000	47.250000	1.013920e+03
	983	549	245.750000	47.250000	1.007508e+03
	978	550	244.500000	47.500000	1.006730e+03
	947	551	236.750000	47.750000	1.013218e+03
	967	552	241.750000	48.000000	1.006977e+03
	960	553	240.000000	48.250000	1.006120e+03
	990	555	247.500000	48.750000	1.007912e+03
	946	556	236.500000	49.000000	1.012565e+03
	967	556	241.750000	49.000000	1.006148e+03
	973	556	243.250000	49.000000	1.006880e+03
	942	557	235.500000	49.250000	1.013105e+03
	964	558	241.000000	49.500000	1.006010e+03
	970	558	242.500000	49.500000	1.006617e+03
	977	558	244.250000	49.500000	1.006833e+03
	984	558	246.000000	49.500000	1.006823e+03
	976	561	244.000000	50.250000	1.006607e+03
	930	562	232.500000	50.500000	1.017640e+03
	968	562	242.000000	50.500000	1.005755e+03
	960	563	240.000000	50.750000	1.004630e+03
	971	565	242.750000	51.250000	1.007000e+03
	980	567	245.000000	51.750000	1.004920e+03
	807	568	201.750000	52.000000	9.932900e+02
	953	568	238.250000	52.000000	1.003335e+03
	927	571	231.750000	52.750000	1.016125e+03
	949	571	237.250000	52.750000	1.002830e+03
	963	571	240.750000	52.750000	1.005125e+03
	976	571	244.000000	52.750000	1.004287e+03
	973	573	243.250000	53.250000	1.003820e+03
	954	575	238.500000	53.750000	1.003003e+03
	962	579	240.500000	54.750000	1.002583e+03
	995	581	248.750000	55.250000	1.008785e+03
	797	582	199.250000	55.500000	1.004295e+03
	958	582	239.500000	55.500000	1.002182e+03
	916	583	229.000000	55.750000	1.016655e+03
	801	585	200.250000	56.250000	1.004742e+03
	911	586	227.750000	56.500000	1.017068e+03
	962	589	240.500000	57.250000	1.004292e+03
	936	591	234.000000	57.750000	1.004568e+03
	948	591	237.000000	57.750000	1.003430e+03
	949	591	237.250000	57.750000	1.003430e+03
	950	591	237.500000	57.750000	1.003430e+03
	901	592	225.250000	58.000000	1.017218e+03
	935	593	233.750000	58.250000	1.004860e+03
	956	593	239.000000	58.250000	1.003040e+03
	894	594	223.500000	58.500000	1.016573e+03
	769	595	192.250000	58.750000	1.004375e+03
	918	595	229.500000	58.750000	1.012120e+03
	771	596	192.750000	59.000000	1.004375e+03
	892	596	223.000000	59.000000	1.017052e+03
	932	596	233.000000	59.000000	1.004503e+03
	701	597	175.250000	59.250000	1.004088e+03
	935	598	233.750000	59.500000	1.003415e+03
	879	599	219.750000	59.750000	1.018292e+03
	723	600	180.750000	60.000000	1.002185e+03
	787	600	196.750000	60.000000	1.005227e+03
	872	600	218.000000	60.000000	1.018513e+03
