2014	10	20	168	15
	780	422	195.000000	15.500000	1.011099e+03
	765	434	191.250000	18.500000	1.012349e+03
	812	436	203.000000	19.000000	1.013289e+03
	969	438	242.250000	19.500000	1.013269e+03
	974	439	243.500000	19.750000	1.013147e+03
	754	440	188.500000	20.000000	1.012537e+03
	815	440	203.750000	20.000000	1.013017e+03
	821	440	205.250000	20.000000	1.014897e+03
	921	440	230.250000	20.000000	1.014977e+03
	752	441	188.000000	20.250000	1.012559e+03
	788	441	197.000000	20.250000	1.004699e+03
	813	441	203.250000	20.250000	1.013304e+03
	944	441	236.000000	20.250000	1.014124e+03
	968	441	242.000000	20.250000	1.013277e+03
	817	444	204.250000	21.000000	1.014324e+03
	891	448	222.750000	22.000000	1.015589e+03
	892	450	223.000000	22.500000	1.015587e+03
	962	450	240.500000	22.500000	1.013774e+03
	997	452	249.250000	23.000000	1.010734e+03
	995	455	248.750000	23.750000	1.010704e+03
	757	456	189.250000	24.000000	1.014759e+03
	899	456	224.750000	24.000000	1.015449e+03
	930	457	232.500000	24.250000	1.015377e+03
	751	458	187.750000	24.500000	1.014882e+03
	922	458	230.500000	24.500000	1.015352e+03
	926	458	231.500000	24.500000	1.015367e+03
	964	458	241.000000	24.500000	1.013744e+03
	692	459	173.000000	24.750000	1.012474e+03
	709	465	177.250000	26.250000	1.012704e+03
	700	467	175.000000	26.750000	1.012534e+03
	1000	467	250.000000	26.750000	1.009602e+03
	699	469	174.750000	27.250000	1.012547e+03
	997	470	249.250000	27.500000	1.009584e+03
	985	471	246.250000	27.750000	1.011772e+03
	712	473	178.000000	28.250000	1.012269e+03
	930	473	232.500000	28.250000	1.015732e+03
	983	473	245.750000	28.250000	1.011754e+03
	994	473	248.500000	28.250000	1.009652e+03
	718	476	179.500000	29.000000	1.012469e+03
	980	477	245.000000	29.250000	1.011652e+03
	989	478	247.250000	29.500000	1.010002e+03
	996	478	249.000000	29.500000	1.010224e+03
	984	480	246.000000	30.000000	1.010212e+03
	982	482	245.500000	30.500000	1.010094e+03
	988	482	247.000000	30.500000	1.010347e+03
	976	485	244.000000	31.250000	1.012772e+03
	972	487	243.000000	31.750000	1.013019e+03
	979	488	244.750000	32.000000	1.009944e+03
	830	491	207.500000	32.750000	1.023619e+03
	978	491	244.500000	32.750000	1.009989e+03
	994	491	248.500000	32.750000	1.012022e+03
	968	493	242.000000	33.250000	1.012762e+03
	993	493	248.250000	33.250000	1.011917e+03
	981	494	245.250000	33.500000	1.010529e+03
	965	495	241.250000	33.750000	1.012707e+03
	961	497	240.250000	34.250000	1.012327e+03
	969	499	242.250000	34.750000	1.012057e+03
	981	499	245.250000	34.750000	1.011182e+03
	963	500	240.750000	35.000000	1.012872e+03
	976	500	244.000000	35.000000	1.011049e+03
	991	500	247.750000	35.000000	1.015314e+03
	968	501	242.000000	35.250000	1.012129e+03
	974	503	243.500000	35.750000	1.010774e+03
	981	503	245.250000	35.750000	1.011492e+03
	952	504	238.000000	36.000000	1.013322e+03
	962	504	240.500000	36.000000	1.012789e+03
	983	505	245.750000	36.250000	1.011344e+03
	963	506	240.750000	36.500000	1.012687e+03
	972	506	243.000000	36.500000	1.010127e+03
	953	507	238.250000	36.750000	1.013294e+03
	989	507	247.250000	36.750000	1.015577e+03
	996	508	249.000000	37.000000	1.017252e+03
	738	509	184.500000	37.250000	1.019237e+03
	742	510	185.500000	37.500000	1.019249e+03
	995	510	248.750000	37.500000	1.017094e+03
	959	511	239.750000	37.750000	1.013099e+03
	954	512	238.500000	38.000000	1.012809e+03
	749	513	187.250000	38.250000	1.019124e+03
	1000	513	250.000000	38.250000	1.017692e+03
	752	514	188.000000	38.500000	1.019042e+03
	984	515	246.000000	38.750000	1.014827e+03
	989	515	247.250000	38.750000	1.014992e+03
	1000	516	250.000000	39.000000	1.017849e+03
	985	517	246.250000	39.250000	1.014572e+03
	966	518	241.500000	39.500000	1.010437e+03
	1000	518	250.000000	39.500000	1.017734e+03
	969	520	242.250000	40.000000	1.010077e+03
	987	520	246.750000	40.000000	1.013837e+03
	999	520	249.750000	40.000000	1.017849e+03
	950	521	237.500000	40.250000	1.010389e+03
	981	521	245.250000	40.250000	1.013277e+03
	967	522	241.750000	40.500000	1.010239e+03
	970	522	242.500000	40.500000	1.010054e+03
	955	524	238.750000	41.000000	1.010447e+03
	990	524	247.500000	41.000000	1.013537e+03
	949	527	237.250000	41.750000	1.008719e+03
	958	527	239.500000	41.750000	1.010014e+03
	973	527	243.250000	41.750000	1.009829e+03
	992	527	248.000000	41.750000	1.014037e+03
	949	530	237.250000	42.500000	1.008182e+03
	970	530	242.500000	42.500000	1.009509e+03
	977	530	244.250000	42.500000	1.009297e+03
	991	532	247.750000	43.000000	1.013314e+03
	955	533	238.750000	43.250000	1.008244e+03
	966	533	241.500000	43.250000	1.008667e+03
	951	534	237.750000	43.500000	1.007647e+03
	972	534	243.000000	43.500000	1.008882e+03
	968	535	242.000000	43.750000	1.008914e+03
	975	535	243.750000	43.750000	1.009022e+03
	974	537	243.500000	44.250000	1.009134e+03
	992	537	248.000000	44.250000	1.014849e+03
	957	540	239.250000	45.000000	1.006224e+03
	961	542	240.250000	45.500000	1.005944e+03
	995	542	248.750000	45.500000	1.012519e+03
	973	545	243.250000	46.250000	1.006357e+03
	957	546	239.250000	46.500000	1.005662e+03
	969	546	242.250000	46.500000	1.006297e+03
	986	546	246.500000	46.500000	1.009454e+03
	977	547	244.250000	46.750000	1.006594e+03
	965	550	241.250000	47.500000	1.005849e+03
	998	550	249.500000	47.500000	1.007274e+03
	975	551	243.750000	47.750000	1.005972e+03
	947	553	236.750000	48.250000	1.003959e+03
	963	555	240.750000	48.750000	1.004912e+03
	970	556	242.500000	49.000000	1.005904e+03
	976	556	244.000000	49.000000	1.006592e+03
	995	557	248.750000	49.250000	1.005544e+03
	990	558	247.500000	49.500000	1.004402e+03
	938	560	234.500000	50.000000	1.001929e+03
	969	560	242.250000	50.000000	1.005449e+03
	963	561	240.750000	50.250000	1.003807e+03
	971	562	242.750000	50.500000	1.004692e+03
	984	562	246.000000	50.500000	1.003144e+03
	835	564	208.750000	51.000000	9.772094e+02
	953	569	238.250000	52.250000	9.992619e+02
	983	572	245.750000	53.000000	9.999169e+02
	988	574	247.000000	53.500000	1.000167e+03
	951	575	237.750000	53.750000	9.981119e+02
	945	577	236.250000	54.250000	9.978469e+02
	941	579	235.250000	54.750000	9.975569e+02
	968	579	242.000000	54.750000	9.976369e+02
	969	581	242.250000	55.250000	9.975544e+02
	977	581	244.250000	55.250000	9.975494e+02
	942	583	235.500000	55.750000	9.977444e+02
	964	583	241.000000	55.750000	9.970744e+02
	944	585	236.000000	56.250000	9.976494e+02
	992	586	248.000000	56.500000	1.000192e+03
	981	587	245.250000	56.750000	9.983619e+02
	934	590	233.500000	57.500000	9.969294e+02
	946	591	236.500000	57.750000	9.943444e+02
	955	591	238.750000	57.750000	9.950344e+02
	822	592	205.500000	58.000000	9.828019e+02
	950	592	237.500000	58.000000	9.946619e+02
	959	592	239.750000	58.000000	9.949519e+02
	976	592	244.000000	58.000000	9.964769e+02
	909	593	227.250000	58.250000	9.903744e+02
	944	593	236.000000	58.250000	9.944069e+02
	989	593	247.250000	58.250000	9.976819e+02
	943	595	235.750000	58.750000	9.950369e+02
	914	596	228.500000	59.000000	9.906119e+02
	934	597	233.500000	59.250000	9.937969e+02
	842	598	210.500000	59.500000	9.793819e+02
	830	599	207.500000	59.750000	9.805294e+02
	919	599	229.750000	59.750000	9.909869e+02
	979	599	244.750000	59.750000	9.942469e+02
	687	600	171.750000	60.000000	1.015729e+03
	913	600	228.250000	60.000000	9.903969e+02
	936	600	234.000000	60.000000	9.940369e+02
