2015	7	25	207	18
	957	420	239.250000	15.000000	1.012997e+03
	973	421	243.250000	15.250000	1.011737e+03
	667	422	166.750000	15.500000	1.011069e+03
	672	425	168.000000	16.250000	1.011164e+03
	673	425	168.250000	16.250000	1.011164e+03
	677	425	169.250000	16.250000	1.011209e+03
	927	426	231.750000	16.500000	1.013289e+03
	927	427	231.750000	16.750000	1.013289e+03
	745	429	186.250000	17.250000	1.012749e+03
	738	432	184.500000	18.000000	1.013352e+03
	675	435	168.750000	18.750000	1.012042e+03
	737	437	184.250000	19.250000	1.013772e+03
	812	439	203.000000	19.750000	1.015774e+03
	815	440	203.750000	20.000000	1.015672e+03
	820	441	205.000000	20.250000	1.016052e+03
	818	442	204.500000	20.500000	1.016024e+03
	943	442	235.750000	20.500000	1.014162e+03
	821	443	205.250000	20.750000	1.016209e+03
	814	445	203.500000	21.250000	1.016292e+03
	945	445	236.250000	21.250000	1.014217e+03
	1000	451	250.000000	22.750000	1.012507e+03
	951	455	237.750000	23.750000	1.012927e+03
	997	455	249.250000	23.750000	1.012359e+03
	865	456	216.250000	24.000000	1.018299e+03
	998	457	249.500000	24.250000	1.012327e+03
	994	459	248.500000	24.750000	1.012202e+03
	868	460	217.000000	25.000000	1.018132e+03
	996	464	249.000000	26.000000	1.011942e+03
	990	465	247.500000	26.250000	1.012062e+03
	666	468	166.500000	27.000000	1.012754e+03
	1000	469	250.000000	27.250000	1.010974e+03
	986	472	246.500000	28.000000	1.013504e+03
	990	472	247.500000	28.000000	1.012007e+03
	997	472	249.250000	28.000000	1.011322e+03
	716	474	179.000000	28.500000	1.016879e+03
	988	475	247.000000	28.750000	1.011964e+03
	994	475	248.500000	28.750000	1.011559e+03
	761	477	190.250000	29.250000	1.020362e+03
	980	478	245.000000	29.500000	1.013939e+03
	987	478	246.750000	29.500000	1.011967e+03
	744	480	186.000000	30.000000	1.018424e+03
	984	480	246.000000	30.000000	1.011869e+03
	986	482	246.500000	30.500000	1.012009e+03
	1000	482	250.000000	30.500000	1.014332e+03
	975	484	243.750000	31.000000	1.015202e+03
	981	484	245.250000	31.000000	1.012389e+03
	987	485	246.750000	31.250000	1.011769e+03
	979	489	244.750000	32.250000	1.012027e+03
	991	489	247.750000	32.250000	1.013094e+03
	995	489	248.750000	32.250000	1.013412e+03
	978	491	244.500000	32.750000	1.011937e+03
	981	491	245.250000	32.750000	1.011994e+03
	982	491	245.500000	32.750000	1.011994e+03
	971	492	242.750000	33.000000	1.016017e+03
	988	492	247.000000	33.000000	1.011689e+03
	660	493	165.000000	33.250000	1.010222e+03
	992	493	248.000000	33.250000	1.011732e+03
	998	493	249.500000	33.250000	1.013992e+03
	982	495	245.500000	33.750000	1.012009e+03
	967	496	241.750000	34.000000	1.015842e+03
	962	497	240.500000	34.250000	1.016329e+03
	979	497	244.750000	34.250000	1.012892e+03
	983	497	245.750000	34.250000	1.012012e+03
	982	499	245.500000	34.750000	1.012384e+03
	990	499	247.500000	34.750000	1.015424e+03
	969	500	242.250000	35.000000	1.014477e+03
	975	500	243.750000	35.000000	1.013584e+03
	963	502	240.750000	35.500000	1.016114e+03
	996	502	249.000000	35.500000	1.015522e+03
	957	503	239.250000	35.750000	1.016884e+03
	971	503	242.750000	35.750000	1.014207e+03
	974	503	243.500000	35.750000	1.013604e+03
	962	504	240.500000	36.000000	1.015802e+03
	990	504	247.500000	36.000000	1.015772e+03
	982	505	245.500000	36.250000	1.012562e+03
	972	506	243.000000	36.500000	1.012879e+03
	977	507	244.250000	36.750000	1.014439e+03
	989	507	247.250000	36.750000	1.015772e+03
	980	508	245.000000	37.000000	1.014229e+03
	995	508	248.750000	37.000000	1.015109e+03
	1000	508	250.000000	37.000000	1.015844e+03
	997	510	249.250000	37.500000	1.014717e+03
	980	511	245.000000	37.750000	1.015077e+03
	986	511	246.500000	37.750000	1.015577e+03
	970	512	242.500000	38.000000	1.015297e+03
	957	513	239.250000	38.250000	1.017392e+03
	997	513	249.250000	38.250000	1.015082e+03
	977	514	244.250000	38.500000	1.014599e+03
	1000	515	250.000000	38.750000	1.014854e+03
	967	516	241.750000	39.000000	1.016249e+03
	972	516	243.000000	39.000000	1.015689e+03
	948	517	237.000000	39.250000	1.016797e+03
	989	517	247.250000	39.250000	1.014104e+03
	978	518	244.500000	39.500000	1.015489e+03
	986	518	246.500000	39.500000	1.014727e+03
	999	518	249.750000	39.500000	1.015674e+03
	948	519	237.000000	39.750000	1.016889e+03
	952	519	238.000000	39.750000	1.016299e+03
	966	519	241.500000	39.750000	1.015807e+03
	969	520	242.250000	40.000000	1.015629e+03
	987	520	246.750000	40.000000	1.014332e+03
	992	520	248.000000	40.000000	1.014867e+03
	951	521	237.750000	40.250000	1.016434e+03
	957	521	239.250000	40.250000	1.017469e+03
	948	522	237.000000	40.500000	1.017032e+03
	967	522	241.750000	40.500000	1.015879e+03
	985	522	246.250000	40.500000	1.014364e+03
	991	522	247.750000	40.500000	1.014612e+03
	973	523	243.250000	40.750000	1.015044e+03
	978	524	244.500000	41.000000	1.015544e+03
	985	525	246.250000	41.250000	1.014762e+03
	995	525	248.750000	41.250000	1.015759e+03
	968	526	242.000000	41.500000	1.015227e+03
	999	526	249.750000	41.500000	1.014964e+03
	949	527	237.250000	41.750000	1.016859e+03
	988	527	247.000000	41.750000	1.014654e+03
	991	527	247.750000	41.750000	1.014802e+03
	973	528	243.250000	42.000000	1.014949e+03
	969	531	242.250000	42.750000	1.014459e+03
	981	531	245.250000	42.750000	1.013404e+03
	985	531	246.250000	42.750000	1.013184e+03
	977	532	244.250000	43.000000	1.013554e+03
	988	532	247.000000	43.000000	1.013554e+03
	957	533	239.250000	43.250000	1.015544e+03
	963	534	240.750000	43.500000	1.015259e+03
	974	534	243.500000	43.500000	1.013537e+03
	956	536	239.000000	44.000000	1.015139e+03
	972	536	243.000000	44.000000	1.012897e+03
	962	538	240.500000	44.500000	1.014299e+03
	969	539	242.250000	44.750000	1.014054e+03
	949	542	237.250000	45.500000	1.018759e+03
	967	542	241.750000	45.500000	1.014614e+03
	978	542	244.500000	45.500000	1.014104e+03
	983	542	245.750000	45.500000	1.013262e+03
	992	542	248.000000	45.500000	1.013019e+03
	693	544	173.250000	46.000000	1.016349e+03
	993	544	248.250000	46.000000	1.012302e+03
	959	546	239.750000	46.500000	1.013402e+03
	963	546	240.750000	46.500000	1.012557e+03
	972	546	243.000000	46.500000	1.013007e+03
	975	546	243.750000	46.500000	1.013147e+03
	988	546	247.000000	46.500000	1.012002e+03
	984	547	246.000000	46.750000	1.011504e+03
	965	548	241.250000	47.000000	1.012687e+03
	950	550	237.500000	47.500000	1.017462e+03
	947	551	236.750000	47.750000	1.016517e+03
	982	551	245.500000	47.750000	1.010932e+03
	960	553	240.000000	48.250000	1.012187e+03
	971	553	242.750000	48.250000	1.012022e+03
	983	553	245.750000	48.250000	1.010722e+03
	995	553	248.750000	48.250000	1.009227e+03
	968	555	242.000000	48.750000	1.010827e+03
	981	555	245.250000	48.750000	1.011194e+03
	944	556	236.000000	49.000000	1.015444e+03
	962	556	240.500000	49.000000	1.011637e+03
	967	556	241.750000	49.000000	1.010827e+03
	999	556	249.750000	49.000000	1.009014e+03
	725	558	181.250000	49.500000	1.018699e+03
	862	559	215.500000	49.750000	1.019277e+03
	863	559	215.750000	49.750000	1.019277e+03
	938	560	234.500000	50.000000	1.014907e+03
	973	560	243.250000	50.000000	1.009407e+03
	864	561	216.000000	50.250000	1.019292e+03
	732	562	183.000000	50.500000	1.018549e+03
	977	562	244.250000	50.500000	1.008219e+03
	735	563	183.750000	50.750000	1.018579e+03
	984	563	246.000000	50.750000	1.005939e+03
	738	564	184.500000	51.000000	1.018617e+03
	975	564	243.750000	51.000000	1.008679e+03
	952	565	238.000000	51.250000	1.010449e+03
	958	565	239.500000	51.250000	1.010327e+03
	945	567	236.250000	51.750000	1.010459e+03
	949	569	237.250000	52.250000	1.010577e+03
	748	571	187.000000	52.750000	1.019407e+03
	944	572	236.000000	53.000000	1.010542e+03
	974	572	243.500000	53.000000	1.007874e+03
	929	573	232.250000	53.250000	1.013467e+03
	983	574	245.750000	53.500000	1.008274e+03
	953	575	238.250000	53.750000	1.011072e+03
	923	576	230.750000	54.000000	1.012674e+03
	915	577	228.750000	54.250000	1.011717e+03
	930	580	232.500000	55.000000	1.011509e+03
	982	580	245.500000	55.000000	1.007502e+03
	910	581	227.500000	55.250000	1.012164e+03
	922	584	230.500000	56.000000	1.011267e+03
	943	584	235.750000	56.000000	1.008867e+03
	916	585	229.000000	56.250000	1.011599e+03
	908	588	227.000000	57.000000	1.012184e+03
	840	589	210.000000	57.250000	1.012912e+03
	938	589	234.500000	57.250000	1.007739e+03
	954	589	238.500000	57.250000	1.005519e+03
	968	589	242.000000	57.250000	1.004892e+03
	902	590	225.500000	57.500000	1.012107e+03
	918	590	229.500000	57.500000	1.009864e+03
	948	590	237.000000	57.500000	1.005624e+03
	898	591	224.500000	57.750000	1.012394e+03
	904	593	226.000000	58.250000	1.011979e+03
	937	593	234.250000	58.250000	1.007522e+03
	990	593	247.500000	58.250000	1.004374e+03
	890	594	222.500000	58.500000	1.012397e+03
	944	594	236.000000	58.500000	1.005147e+03
	976	594	244.000000	58.500000	1.003972e+03
	953	595	238.250000	58.750000	1.004977e+03
	839	597	209.750000	59.250000	1.011842e+03
	948	597	237.000000	59.250000	1.004867e+03
	770	599	192.500000	59.750000	1.007357e+03
	868	599	217.000000	59.750000	1.012879e+03
