2015	8	24	305	21
	672	420	168.000000	15.000000	1.009577e+03
	693	420	173.250000	15.000000	1.009591e+03
	927	420	231.750000	15.000000	1.008822e+03
	993	420	248.250000	15.000000	1.010341e+03
	695	421	173.750000	15.250000	1.009577e+03
	696	421	174.000000	15.250000	1.009577e+03
	676	422	169.000000	15.500000	1.009512e+03
	689	423	172.250000	15.750000	1.009754e+03
	711	423	177.750000	15.750000	1.009616e+03
	817	423	204.250000	15.750000	1.012616e+03
	698	424	174.500000	16.000000	1.009601e+03
	730	424	182.500000	16.000000	1.009407e+03
	812	424	203.000000	16.000000	1.012521e+03
	721	425	180.250000	16.250000	1.009582e+03
	683	427	170.750000	16.750000	1.009431e+03
	707	427	176.750000	16.750000	1.009659e+03
	758	427	189.500000	16.750000	1.009443e+03
	728	428	182.000000	17.000000	1.009459e+03
	771	429	192.750000	17.250000	1.007082e+03
	688	432	172.000000	18.000000	1.009322e+03
	761	434	190.250000	18.500000	1.009071e+03
	756	436	189.000000	19.000000	1.008946e+03
	820	436	205.000000	19.000000	1.014156e+03
	810	437	202.500000	19.250000	1.012777e+03
	824	437	206.000000	19.250000	1.013781e+03
	698	438	174.500000	19.500000	1.009044e+03
	814	438	203.500000	19.500000	1.013304e+03
	824	438	206.000000	19.500000	1.013781e+03
	761	440	190.250000	20.000000	1.009038e+03
	813	440	203.250000	20.000000	1.013378e+03
	821	440	205.250000	20.000000	1.013883e+03
	666	441	166.500000	20.250000	1.008537e+03
	816	441	204.000000	20.250000	1.013366e+03
	666	442	166.500000	20.500000	1.008537e+03
	818	442	204.500000	20.500000	1.013412e+03
	665	443	166.250000	20.750000	1.008537e+03
	740	443	185.000000	20.750000	1.009723e+03
	744	443	186.000000	20.750000	1.009716e+03
	817	444	204.250000	21.000000	1.013693e+03
	820	444	205.000000	21.000000	1.013768e+03
	824	444	206.000000	21.000000	1.013917e+03
	814	445	203.500000	21.250000	1.013039e+03
	826	445	206.500000	21.250000	1.013879e+03
	669	446	167.250000	21.500000	1.008454e+03
	744	446	186.000000	21.500000	1.009714e+03
	811	446	202.750000	21.500000	1.012751e+03
	672	447	168.000000	21.750000	1.008427e+03
	688	449	172.000000	22.250000	1.008411e+03
	801	450	200.250000	22.500000	1.012109e+03
	749	451	187.250000	22.750000	1.009862e+03
	808	452	202.000000	23.000000	1.012683e+03
	999	452	249.750000	23.000000	1.010422e+03
	679	454	169.750000	23.500000	1.008479e+03
	751	454	187.750000	23.500000	1.009861e+03
	667	455	166.750000	23.750000	1.008722e+03
	841	455	210.250000	23.750000	1.014524e+03
	752	456	188.000000	24.000000	1.009886e+03
	810	456	202.500000	24.000000	1.012576e+03
	671	457	167.750000	24.250000	1.008677e+03
	998	457	249.500000	24.250000	1.009868e+03
	691	458	172.750000	24.500000	1.008222e+03
	996	458	249.000000	24.500000	1.009924e+03
	994	459	248.500000	24.750000	1.010026e+03
	805	463	201.250000	25.750000	1.012292e+03
	832	463	208.000000	25.750000	1.014361e+03
	734	464	183.500000	26.000000	9.986381e+02
	996	464	249.000000	26.000000	1.010179e+03
	810	465	202.500000	26.250000	1.011882e+03
	990	465	247.500000	26.250000	1.011076e+03
	754	467	188.500000	26.750000	1.009453e+03
	797	467	199.250000	26.750000	1.011888e+03
	993	467	248.250000	26.750000	1.010017e+03
	987	468	246.750000	27.000000	1.010407e+03
	690	469	172.500000	27.250000	1.008682e+03
	1000	469	250.000000	27.250000	1.009744e+03
	992	470	248.000000	27.500000	1.010133e+03
	995	470	248.750000	27.500000	1.010323e+03
	681	472	170.250000	28.000000	1.008778e+03
	755	472	188.750000	28.000000	1.009526e+03
	990	472	247.500000	28.000000	1.010062e+03
	997	472	249.250000	28.000000	1.009896e+03
	670	475	167.500000	28.750000	1.008504e+03
	671	475	167.750000	28.750000	1.008504e+03
	672	475	168.000000	28.750000	1.008504e+03
	994	476	248.500000	29.000000	1.009674e+03
	747	477	186.750000	29.250000	1.006931e+03
	997	477	249.250000	29.250000	1.010041e+03
	728	478	182.000000	29.500000	1.006332e+03
	985	478	246.250000	29.500000	1.009672e+03
	989	478	247.250000	29.500000	1.010179e+03
	742	480	185.500000	30.000000	1.006628e+03
	801	480	200.250000	30.000000	1.012591e+03
	812	480	203.000000	30.000000	1.013361e+03
	817	482	204.250000	30.500000	1.013573e+03
	976	482	244.000000	30.500000	1.013014e+03
	982	482	245.500000	30.500000	1.009614e+03
	718	483	179.500000	30.750000	1.007207e+03
	733	483	183.250000	30.750000	1.006704e+03
	665	485	166.250000	31.250000	1.009066e+03
	891	485	222.750000	31.250000	1.015532e+03
	975	485	243.750000	31.250000	1.012756e+03
	987	485	246.750000	31.250000	1.009537e+03
	723	487	180.750000	31.750000	1.007499e+03
	1000	487	250.000000	31.750000	1.014363e+03
	810	488	202.500000	32.000000	1.013036e+03
	974	489	243.500000	32.250000	1.012749e+03
	979	489	244.750000	32.250000	1.008683e+03
	991	489	247.750000	32.250000	1.010619e+03
	978	491	244.500000	32.750000	1.008484e+03
	972	492	243.000000	33.000000	1.012719e+03
	988	492	247.000000	33.000000	1.009254e+03
	993	493	248.250000	33.250000	1.009136e+03
	971	495	242.750000	33.750000	1.011993e+03
	982	495	245.500000	33.750000	1.009173e+03
	688	496	172.000000	34.000000	1.009547e+03
	729	496	182.250000	34.000000	1.006206e+03
	967	496	241.750000	34.000000	1.012748e+03
	962	497	240.500000	34.250000	1.013643e+03
	978	497	244.500000	34.250000	1.009797e+03
	966	498	241.500000	34.500000	1.012692e+03
	960	499	240.000000	34.750000	1.013664e+03
	982	499	245.500000	34.750000	1.009848e+03
	969	500	242.250000	35.000000	1.011359e+03
	975	500	243.750000	35.000000	1.010214e+03
	959	501	239.750000	35.250000	1.013629e+03
	963	502	240.750000	35.500000	1.012378e+03
	996	502	249.000000	35.500000	1.013051e+03
	971	503	242.750000	35.750000	1.011103e+03
	974	503	243.500000	35.750000	1.010272e+03
	713	504	178.250000	36.000000	1.007801e+03
	956	504	239.000000	36.000000	1.013682e+03
	962	504	240.500000	36.000000	1.012186e+03
	990	504	247.500000	36.000000	1.013872e+03
	982	505	245.500000	36.250000	1.009714e+03
	987	505	246.750000	36.250000	1.013354e+03
	972	506	243.000000	36.500000	1.009766e+03
	976	507	244.000000	36.750000	1.011996e+03
	988	507	247.000000	36.750000	1.013342e+03
	984	508	246.000000	37.000000	1.011561e+03
	994	508	248.500000	37.000000	1.012782e+03
	1000	508	250.000000	37.000000	1.013724e+03
	997	510	249.250000	37.500000	1.012899e+03
	980	511	245.000000	37.750000	1.013277e+03
	986	511	246.500000	37.750000	1.013374e+03
	969	512	242.250000	38.000000	1.012206e+03
	977	514	244.250000	38.500000	1.012884e+03
	982	514	245.500000	38.500000	1.014409e+03
	997	514	249.250000	38.500000	1.013147e+03
	1000	515	250.000000	38.750000	1.012738e+03
	967	516	241.750000	39.000000	1.012566e+03
	972	517	243.000000	39.250000	1.013223e+03
	989	517	247.250000	39.250000	1.011239e+03
	965	518	241.250000	39.500000	1.012353e+03
	952	519	238.000000	39.750000	1.013222e+03
	969	520	242.250000	40.000000	1.012729e+03
	987	520	246.750000	40.000000	1.010773e+03
	950	521	237.500000	40.250000	1.013104e+03
	961	521	240.250000	40.250000	1.012974e+03
	974	522	243.500000	40.500000	1.012134e+03
	985	522	246.250000	40.500000	1.010586e+03
	991	522	247.750000	40.500000	1.011702e+03
	964	524	241.000000	41.000000	1.012759e+03
	968	524	242.000000	41.000000	1.013031e+03
	980	524	245.000000	41.000000	1.012151e+03
	957	526	239.250000	41.500000	1.013458e+03
	961	526	240.250000	41.500000	1.013839e+03
	966	526	241.500000	41.500000	1.012918e+03
	983	526	245.750000	41.500000	1.011999e+03
	999	526	249.750000	41.500000	1.014061e+03
	949	527	237.250000	41.750000	1.012439e+03
	991	527	247.750000	41.750000	1.012464e+03
	995	527	248.750000	41.750000	1.014154e+03
	953	528	238.250000	42.000000	1.012729e+03
	973	528	243.250000	42.000000	1.012093e+03
	988	528	247.000000	42.000000	1.012193e+03
	1000	528	250.000000	42.000000	1.013958e+03
	948	530	237.000000	42.500000	1.012772e+03
	969	531	242.250000	42.750000	1.011128e+03
	977	531	244.250000	42.750000	1.010021e+03
	985	531	246.250000	42.750000	1.010809e+03
	957	533	239.250000	43.250000	1.011923e+03
	964	533	241.000000	43.250000	1.011767e+03
	975	533	243.750000	43.250000	1.010279e+03
	989	533	247.250000	43.250000	1.011113e+03
	972	536	243.000000	44.000000	1.010222e+03
	956	537	239.000000	44.250000	1.011357e+03
	962	538	240.500000	44.500000	1.011412e+03
	969	539	242.250000	44.750000	1.011421e+03
	894	541	223.500000	45.250000	1.018979e+03
	983	541	245.750000	45.250000	1.011403e+03
	990	541	247.500000	45.250000	1.011614e+03
	973	543	243.250000	45.750000	1.011771e+03
	917	544	229.250000	46.000000	1.018864e+03
	993	544	248.250000	46.000000	1.010621e+03
	959	545	239.750000	46.250000	1.010898e+03
	972	545	243.000000	46.250000	1.011562e+03
	976	545	244.000000	46.250000	1.012058e+03
	963	546	240.750000	46.500000	1.010677e+03
	988	546	247.000000	46.500000	1.010429e+03
	968	547	242.000000	46.750000	1.011422e+03
	984	547	246.000000	46.750000	1.010173e+03
	962	548	240.500000	47.000000	1.010746e+03
	982	550	245.500000	47.500000	1.010431e+03
	992	550	248.000000	47.500000	1.009112e+03
	947	551	236.750000	47.750000	1.015546e+03
	995	551	248.750000	47.750000	1.009039e+03
	961	552	240.250000	48.000000	1.011041e+03
	970	552	242.500000	48.000000	1.011497e+03
	990	554	247.500000	48.500000	1.009992e+03
	968	555	242.000000	48.750000	1.010866e+03
	974	555	243.500000	48.750000	1.011568e+03
	945	556	236.250000	49.000000	1.015192e+03
	962	556	240.500000	49.000000	1.011093e+03
	942	557	235.500000	49.250000	1.015472e+03
	964	558	241.000000	49.500000	1.011351e+03
	970	558	242.500000	49.500000	1.011713e+03
	977	558	244.250000	49.500000	1.011067e+03
	987	559	246.750000	49.750000	1.009439e+03
	938	560	234.500000	50.000000	1.015001e+03
	941	561	235.250000	50.250000	1.015429e+03
	966	561	241.500000	50.250000	1.011166e+03
	976	561	244.000000	50.250000	1.011227e+03
	997	561	249.250000	50.250000	1.010352e+03
	930	562	232.500000	50.500000	1.016082e+03
	963	562	240.750000	50.500000	1.010751e+03
	984	562	246.000000	50.500000	1.009889e+03
	955	563	238.750000	50.750000	1.010733e+03
	975	563	243.750000	50.750000	1.011182e+03
	982	564	245.500000	51.000000	1.010234e+03
	886	565	221.500000	51.250000	1.012213e+03
	960	565	240.000000	51.250000	1.011104e+03
	952	566	238.000000	51.500000	1.010454e+03
	970	566	242.500000	51.500000	1.011612e+03
	980	566	245.000000	51.500000	1.010253e+03
	885	567	221.250000	51.750000	1.012198e+03
	941	568	235.250000	52.000000	1.011261e+03
	978	569	244.500000	52.250000	1.010198e+03
	891	570	222.750000	52.500000	1.012297e+03
	893	570	223.250000	52.500000	1.012297e+03
	994	570	248.500000	52.500000	1.011491e+03
	948	571	237.000000	52.750000	1.011943e+03
	963	571	240.750000	52.750000	1.011631e+03
	898	572	224.500000	53.000000	1.012299e+03
	941	572	235.250000	53.000000	1.011596e+03
	974	572	243.500000	53.000000	1.010642e+03
	955	573	238.750000	53.250000	1.011928e+03
	970	573	242.500000	53.250000	1.010541e+03
	992	573	248.000000	53.250000	1.011644e+03
	668	574	167.000000	53.500000	9.917481e+02
	947	575	236.750000	53.750000	1.012477e+03
	774	576	193.500000	54.000000	1.029403e+03
	962	576	240.500000	54.000000	1.011444e+03
	918	578	229.500000	54.500000	1.015519e+03
	786	579	196.500000	54.750000	1.029117e+03
	670	580	167.500000	55.000000	9.920519e+02
	920	580	230.000000	55.000000	1.015392e+03
	921	580	230.250000	55.000000	1.015392e+03
	958	580	239.500000	55.000000	1.011427e+03
	994	580	248.500000	55.000000	1.012249e+03
	930	581	232.500000	55.250000	1.014633e+03
	945	581	236.250000	55.250000	1.012922e+03
	916	583	229.000000	55.750000	1.015473e+03
	926	583	231.500000	55.750000	1.014803e+03
	1000	583	250.000000	55.750000	1.012518e+03
	935	584	233.750000	56.000000	1.014138e+03
	983	584	245.750000	56.000000	1.012983e+03
	806	585	201.500000	56.250000	1.026097e+03
	909	585	227.250000	56.250000	1.015328e+03
	953	585	238.250000	56.250000	1.012109e+03
	916	586	229.000000	56.500000	1.015206e+03
	996	586	249.000000	56.500000	1.012586e+03
	938	588	234.500000	57.000000	1.013452e+03
	968	588	242.000000	57.000000	1.012203e+03
	954	589	238.500000	57.250000	1.012371e+03
	978	589	244.500000	57.250000	1.012408e+03
	992	589	248.000000	57.250000	1.011982e+03
	918	591	229.500000	57.750000	1.014152e+03
	930	591	232.500000	57.750000	1.014143e+03
	934	591	233.500000	57.750000	1.013767e+03
	994	591	248.500000	57.750000	1.011851e+03
	820	592	205.000000	58.000000	1.021276e+03
	906	592	226.500000	58.000000	1.015961e+03
	926	592	231.500000	58.000000	1.013931e+03
	970	592	242.500000	58.000000	1.012183e+03
	826	594	206.500000	58.500000	1.021034e+03
	890	594	222.500000	58.500000	1.016477e+03
	918	594	229.500000	58.500000	1.014396e+03
	898	595	224.500000	58.750000	1.016934e+03
	911	595	227.750000	58.750000	1.015078e+03
	945	595	236.250000	58.750000	1.012342e+03
	676	596	169.000000	59.000000	9.921206e+02
	959	596	239.750000	59.000000	1.011981e+03
	986	596	246.500000	59.000000	1.011208e+03
	888	597	222.000000	59.250000	1.016496e+03
	948	597	237.000000	59.250000	1.012098e+03
	911	598	227.750000	59.500000	1.014839e+03
	953	598	238.250000	59.500000	1.012192e+03
	971	598	242.750000	59.500000	1.012333e+03
	841	599	210.250000	59.750000	1.018073e+03
	845	599	211.250000	59.750000	1.018091e+03
	883	599	220.750000	59.750000	1.016887e+03
	872	600	218.000000	60.000000	1.017363e+03
	888	600	222.000000	60.000000	1.016678e+03
	894	600	223.500000	60.000000	1.016407e+03
	943	600	235.750000	60.000000	1.011783e+03
