2015	8	29	217	3
	974	423	243.500000	15.750000	1.010564e+03
	722	424	180.500000	16.000000	1.008367e+03
	709	425	177.250000	16.250000	1.008759e+03
	720	425	180.000000	16.250000	1.008359e+03
	987	425	246.750000	16.250000	1.010822e+03
	982	426	245.500000	16.500000	1.010707e+03
	750	430	187.500000	17.500000	1.000292e+03
	707	436	176.750000	19.000000	1.009757e+03
	814	438	203.500000	19.500000	1.010259e+03
	693	439	173.250000	19.750000	1.010432e+03
	812	439	203.000000	19.750000	1.010232e+03
	687	440	171.750000	20.000000	1.010574e+03
	815	440	203.750000	20.000000	1.010042e+03
	820	441	205.000000	20.250000	1.010987e+03
	893	441	223.250000	20.250000	1.012159e+03
	811	442	202.750000	20.500000	1.010404e+03
	817	442	204.250000	20.500000	1.010824e+03
	690	443	172.500000	20.750000	1.010539e+03
	708	443	177.000000	20.750000	1.010177e+03
	821	443	205.250000	20.750000	1.011194e+03
	886	443	221.500000	20.750000	1.012164e+03
	817	444	204.250000	21.000000	1.011092e+03
	715	446	178.750000	21.500000	1.010302e+03
	802	446	200.500000	21.500000	1.010892e+03
	681	447	170.250000	21.750000	1.010529e+03
	684	448	171.000000	22.000000	1.010522e+03
	688	448	172.000000	22.000000	1.010547e+03
	801	450	200.250000	22.500000	1.011422e+03
	662	451	165.500000	22.750000	1.010172e+03
	998	453	249.500000	23.250000	1.009207e+03
	997	455	249.250000	23.750000	1.009067e+03
	995	456	248.750000	24.000000	1.009064e+03
	755	458	188.750000	24.500000	1.011702e+03
	994	459	248.500000	24.750000	1.009107e+03
	673	462	168.250000	25.500000	1.009687e+03
	992	462	248.000000	25.500000	1.009169e+03
	660	464	165.000000	26.000000	1.010187e+03
	682	464	170.500000	26.000000	1.009559e+03
	991	464	247.750000	26.000000	1.008999e+03
	989	465	247.250000	26.250000	1.008984e+03
	664	467	166.000000	26.750000	1.010149e+03
	742	467	185.500000	26.750000	1.012014e+03
	987	467	246.750000	26.750000	1.008574e+03
	662	469	165.500000	27.250000	1.010137e+03
	663	469	165.750000	27.250000	1.010137e+03
	666	469	166.500000	27.250000	1.010149e+03
	928	469	232.000000	27.250000	1.015077e+03
	1000	469	250.000000	27.250000	1.007374e+03
	992	470	248.000000	27.500000	1.007399e+03
	688	471	172.000000	27.750000	1.009502e+03
	694	471	173.500000	27.750000	1.009727e+03
	985	471	246.250000	27.750000	1.009509e+03
	991	471	247.750000	27.750000	1.007399e+03
	997	471	249.250000	27.750000	1.007239e+03
	688	472	172.000000	28.000000	1.009502e+03
	661	473	165.250000	28.250000	1.010092e+03
	752	473	188.000000	28.250000	1.012584e+03
	908	473	227.000000	28.250000	1.014177e+03
	669	474	167.250000	28.500000	1.010017e+03
	913	474	228.250000	28.500000	1.014154e+03
	689	475	172.250000	28.750000	1.009562e+03
	741	475	185.250000	28.750000	1.012534e+03
	913	475	228.250000	28.750000	1.014154e+03
	982	475	245.500000	28.750000	1.010024e+03
	673	476	168.250000	29.000000	1.009982e+03
	691	476	172.750000	29.000000	1.009592e+03
	911	476	227.750000	29.000000	1.014157e+03
	988	476	247.000000	29.000000	1.006942e+03
	993	476	248.250000	29.000000	1.006942e+03
	698	477	174.500000	29.250000	1.009842e+03
	707	477	176.750000	29.250000	1.010332e+03
	980	477	245.000000	29.250000	1.009897e+03
	678	478	169.500000	29.500000	1.010062e+03
	977	478	244.250000	29.500000	1.010122e+03
	698	479	174.500000	29.750000	1.009862e+03
	694	480	173.500000	30.000000	1.009822e+03
	735	480	183.750000	30.000000	1.012649e+03
	984	480	246.000000	30.000000	1.006599e+03
	987	480	246.750000	30.000000	1.006562e+03
	707	482	176.750000	30.500000	1.010172e+03
	906	482	226.500000	30.500000	1.014132e+03
	973	482	243.250000	30.500000	1.009904e+03
	979	489	244.750000	32.250000	1.005509e+03
	674	492	168.500000	33.000000	1.010164e+03
	970	492	242.500000	33.000000	1.009437e+03
	977	492	244.250000	33.000000	1.004459e+03
	988	492	247.000000	33.000000	1.005054e+03
	669	493	167.250000	33.250000	1.010359e+03
	992	493	248.000000	33.250000	1.005514e+03
	998	493	249.500000	33.250000	1.009229e+03
	970	495	242.500000	33.750000	1.009807e+03
	982	495	245.500000	33.750000	1.005239e+03
	965	496	241.250000	34.000000	1.009249e+03
	962	497	240.500000	34.250000	1.009359e+03
	979	497	244.750000	34.250000	1.005744e+03
	982	499	245.500000	34.750000	1.005957e+03
	969	500	242.250000	35.000000	1.007982e+03
	1000	500	250.000000	35.000000	1.011439e+03
	996	502	249.000000	35.500000	1.011627e+03
	949	503	237.250000	35.750000	1.012229e+03
	975	503	243.750000	35.750000	1.004969e+03
	956	504	239.000000	36.000000	1.010282e+03
	995	504	248.750000	36.000000	1.011949e+03
	951	505	237.750000	36.250000	1.012039e+03
	982	505	245.500000	36.250000	1.005589e+03
	987	505	246.750000	36.250000	1.010602e+03
	960	506	240.000000	36.500000	1.006579e+03
	972	506	243.000000	36.500000	1.005202e+03
	995	508	248.750000	37.000000	1.011974e+03
	968	509	242.000000	37.250000	1.009624e+03
	997	510	249.250000	37.500000	1.011132e+03
	971	511	242.750000	37.750000	1.009959e+03
	985	511	246.250000	37.750000	1.011157e+03
	968	512	242.000000	38.000000	1.008954e+03
	977	514	244.250000	38.500000	1.009797e+03
	1000	515	250.000000	38.750000	1.011834e+03
	966	516	241.500000	39.000000	1.006614e+03
	989	517	247.250000	39.250000	1.009837e+03
	965	518	241.250000	39.500000	1.006637e+03
	952	519	238.000000	39.750000	1.005672e+03
	951	521	237.750000	40.250000	1.005507e+03
	985	522	246.250000	40.500000	1.007774e+03
	972	523	243.000000	40.750000	1.008464e+03
	977	523	244.250000	40.750000	1.008824e+03
	964	524	241.000000	41.000000	1.007652e+03
	991	524	247.750000	41.000000	1.009412e+03
	957	526	239.250000	41.500000	1.009167e+03
	949	527	237.250000	41.750000	1.006544e+03
	995	527	248.750000	41.750000	1.014202e+03
	1000	527	250.000000	41.750000	1.014137e+03
	973	528	243.250000	42.000000	1.008882e+03
	920	529	230.000000	42.250000	9.939568e+02
	948	530	237.000000	42.500000	1.006064e+03
	953	530	238.250000	42.500000	1.007244e+03
	967	530	241.750000	42.500000	1.007784e+03
	980	531	245.000000	42.750000	1.005087e+03
	969	532	242.250000	43.000000	1.006722e+03
	977	532	244.250000	43.000000	1.005424e+03
	957	533	239.250000	43.250000	1.006792e+03
	964	533	241.000000	43.250000	1.005482e+03
	954	534	238.500000	43.500000	1.007149e+03
	970	534	242.500000	43.500000	1.006982e+03
	990	535	247.500000	43.750000	1.009589e+03
	948	536	237.000000	44.000000	1.005607e+03
	960	536	240.000000	44.000000	1.006652e+03
	972	536	243.000000	44.000000	1.005729e+03
	956	537	239.000000	44.250000	1.005499e+03
	959	539	239.750000	44.750000	1.005687e+03
	969	539	242.250000	44.750000	1.007889e+03
	984	539	246.000000	44.750000	1.011142e+03
	980	541	245.000000	45.250000	1.012182e+03
	973	542	243.250000	45.500000	1.010917e+03
	992	542	248.000000	45.500000	1.010374e+03
	965	544	241.250000	46.000000	1.005259e+03
	981	544	245.250000	46.000000	1.012144e+03
	993	544	248.250000	46.000000	1.009174e+03
	669	547	167.250000	46.750000	9.933194e+02
	962	547	240.500000	46.750000	1.006064e+03
	984	547	246.000000	46.750000	1.010492e+03
	950	549	237.500000	47.250000	1.008294e+03
	983	550	245.750000	47.500000	1.010804e+03
	983	553	245.750000	48.250000	1.010799e+03
	661	554	165.250000	48.500000	9.935219e+02
	949	554	237.250000	48.500000	1.009142e+03
	1000	554	250.000000	48.500000	1.006637e+03
	945	556	236.250000	49.000000	1.008829e+03
	967	556	241.750000	49.000000	1.009334e+03
	941	558	235.250000	49.500000	1.008667e+03
	977	558	244.250000	49.500000	1.009929e+03
	962	560	240.500000	50.000000	1.007837e+03
	936	561	234.000000	50.250000	1.007647e+03
	963	562	240.750000	50.500000	1.007839e+03
	975	563	243.750000	50.750000	1.008997e+03
	972	566	243.000000	51.500000	1.009729e+03
	963	571	240.750000	52.750000	1.008197e+03
	950	573	237.500000	53.250000	1.002969e+03
	774	575	193.500000	53.750000	1.026037e+03
	944	576	236.000000	54.000000	1.003822e+03
	983	577	245.750000	54.250000	1.000717e+03
	942	578	235.500000	54.500000	1.003564e+03
	955	578	238.750000	54.500000	1.005862e+03
	788	579	197.000000	54.750000	1.022892e+03
	885	579	221.250000	54.750000	9.908519e+02
	987	579	246.750000	54.750000	1.001054e+03
	934	581	233.500000	55.250000	1.002304e+03
	910	582	227.500000	55.500000	9.957219e+02
	887	583	221.750000	55.750000	9.908819e+02
	924	583	231.000000	55.750000	1.000339e+03
	969	584	242.250000	56.000000	1.002119e+03
	806	585	201.500000	56.250000	1.017397e+03
	925	585	231.250000	56.250000	1.000402e+03
	960	585	240.000000	56.250000	1.001834e+03
	996	586	249.000000	56.500000	1.002554e+03
	985	587	246.250000	56.750000	1.002062e+03
	970	588	242.500000	57.000000	1.001457e+03
	992	588	248.000000	57.000000	1.002232e+03
	994	590	248.500000	57.500000	1.002227e+03
	980	591	245.000000	57.750000	1.000997e+03
	822	592	205.500000	58.000000	1.010759e+03
	878	592	219.500000	58.000000	9.942994e+02
	918	592	229.500000	58.000000	9.964969e+02
	946	593	236.500000	58.250000	9.988969e+02
	971	593	242.750000	58.250000	1.000392e+03
	886	594	221.500000	58.500000	9.941794e+02
	950	594	237.500000	58.500000	9.987544e+02
	966	594	241.500000	58.500000	1.000219e+03
	701	595	175.250000	58.750000	1.012282e+03
	914	595	228.500000	58.750000	9.966219e+02
	937	596	234.250000	59.000000	9.990444e+02
	987	596	246.750000	59.000000	1.002014e+03
	924	598	231.000000	59.500000	9.974319e+02
	994	598	248.500000	59.500000	1.002177e+03
	841	599	210.250000	59.750000	1.001874e+03
	809	600	202.250000	60.000000	1.012609e+03
	810	600	202.500000	60.000000	1.012609e+03
	870	600	217.500000	60.000000	9.931819e+02
	983	600	245.750000	60.000000	1.002429e+03
