2014	11	19	183	12
	815	440	203.750000	20.000000	1.016507e+03
	820	441	205.000000	20.250000	1.018437e+03
	939	456	234.750000	24.000000	1.018829e+03
	941	458	235.250000	24.500000	1.018812e+03
	926	459	231.500000	24.750000	1.019007e+03
	986	464	246.500000	26.000000	1.016937e+03
	801	468	200.250000	27.000000	1.022697e+03
	957	468	239.250000	27.000000	1.018609e+03
	804	469	201.000000	27.250000	1.022772e+03
	941	469	235.250000	27.250000	1.018409e+03
	806	470	201.500000	27.500000	1.022854e+03
	959	472	239.750000	28.000000	1.018579e+03
	982	473	245.500000	28.250000	1.017719e+03
	960	474	240.000000	28.500000	1.018567e+03
	958	477	239.500000	29.250000	1.018602e+03
	669	479	167.250000	29.750000	1.009832e+03
	987	482	246.750000	30.500000	1.018272e+03
	810	487	202.500000	31.750000	1.022179e+03
	983	492	245.750000	33.000000	1.019779e+03
	987	493	246.750000	33.250000	1.019917e+03
	994	493	248.500000	33.250000	1.020437e+03
	977	494	244.250000	33.500000	1.020102e+03
	1000	495	250.000000	33.750000	1.021469e+03
	972	496	243.000000	34.000000	1.019497e+03
	980	498	245.000000	34.500000	1.020727e+03
	995	498	248.750000	34.500000	1.021289e+03
	984	499	246.000000	34.750000	1.020617e+03
	705	500	176.250000	35.000000	9.986744e+02
	957	500	239.250000	35.000000	1.017739e+03
	963	500	240.750000	35.000000	1.017977e+03
	978	500	244.500000	35.000000	1.020332e+03
	993	500	248.250000	35.000000	1.021217e+03
	972	502	243.000000	35.500000	1.020647e+03
	992	502	248.000000	35.500000	1.021169e+03
	988	503	247.000000	35.750000	1.021684e+03
	963	504	240.750000	36.000000	1.017634e+03
	960	505	240.000000	36.250000	1.017442e+03
	968	505	242.000000	36.250000	1.019602e+03
	976	505	244.000000	36.250000	1.020154e+03
	984	506	246.000000	36.500000	1.021322e+03
	991	506	247.750000	36.500000	1.022339e+03
	998	506	249.500000	36.500000	1.024217e+03
	957	507	239.250000	36.750000	1.017067e+03
	967	507	241.750000	36.750000	1.019564e+03
	973	508	243.250000	37.000000	1.020394e+03
	981	509	245.250000	37.250000	1.021274e+03
	965	510	241.250000	37.500000	1.019094e+03
	958	511	239.500000	37.750000	1.016969e+03
	989	511	247.250000	37.750000	1.021239e+03
	1000	511	250.000000	37.750000	1.024204e+03
	957	513	239.250000	38.250000	1.016512e+03
	984	513	246.000000	38.250000	1.021377e+03
	994	513	248.500000	38.250000	1.020964e+03
	963	514	240.750000	38.500000	1.018532e+03
	990	514	247.500000	38.500000	1.021324e+03
	967	515	241.750000	38.750000	1.020282e+03
	956	516	239.000000	39.000000	1.016347e+03
	974	516	243.500000	39.000000	1.020702e+03
	994	516	248.500000	39.000000	1.021282e+03
	734	517	183.500000	39.250000	9.887869e+02
	969	517	242.250000	39.250000	1.019189e+03
	979	517	244.750000	39.250000	1.021524e+03
	983	517	245.750000	39.250000	1.020764e+03
	994	518	248.500000	39.500000	1.021354e+03
	971	519	242.750000	39.750000	1.020407e+03
	983	519	245.750000	39.750000	1.020677e+03
	1000	519	250.000000	39.750000	1.023214e+03
	963	521	240.750000	40.250000	1.023377e+03
	989	521	247.250000	40.250000	1.023244e+03
	953	522	238.250000	40.500000	1.016477e+03
	969	522	242.250000	40.500000	1.021797e+03
	978	522	244.500000	40.500000	1.020844e+03
	1000	523	250.000000	40.750000	1.018659e+03
	958	525	239.500000	41.250000	1.017909e+03
	993	526	248.250000	41.500000	1.024342e+03
	962	527	240.500000	41.750000	1.018812e+03
	978	527	244.500000	41.750000	1.019949e+03
	848	528	212.000000	42.000000	1.005959e+03
	970	528	242.500000	42.000000	1.021507e+03
	985	528	246.250000	42.000000	1.021962e+03
	989	529	247.250000	42.250000	1.026182e+03
	999	529	249.750000	42.250000	1.022519e+03
	847	530	211.750000	42.500000	1.005964e+03
	858	530	214.500000	42.500000	9.995569e+02
	957	530	239.250000	42.500000	1.017199e+03
	966	531	241.500000	42.750000	1.021629e+03
	972	531	243.000000	42.750000	1.023547e+03
	748	532	187.000000	43.000000	9.753494e+02
	998	533	249.500000	43.250000	1.026572e+03
	948	534	237.000000	43.500000	1.013664e+03
	994	534	248.500000	43.500000	1.026589e+03
	955	535	238.750000	43.750000	1.018672e+03
	982	536	245.500000	44.000000	1.020232e+03
	963	537	240.750000	44.250000	1.021387e+03
	996	537	249.000000	44.250000	1.027957e+03
	958	538	239.500000	44.500000	1.020439e+03
	987	538	246.750000	44.500000	1.021729e+03
	951	539	237.750000	44.750000	1.014324e+03
	978	539	244.500000	44.750000	1.023752e+03
	982	539	245.500000	44.750000	1.023857e+03
	991	539	247.750000	44.750000	1.023432e+03
	966	540	241.500000	45.000000	1.019962e+03
	971	542	242.750000	45.500000	1.021547e+03
	995	542	248.750000	45.500000	1.022382e+03
	1000	542	250.000000	45.500000	1.021064e+03
	977	543	244.250000	45.750000	1.023487e+03
	988	543	247.000000	45.750000	1.021932e+03
	969	544	242.250000	46.000000	1.023242e+03
	951	545	237.750000	46.250000	1.015099e+03
	991	545	247.750000	46.250000	1.023112e+03
	999	545	249.750000	46.250000	1.022149e+03
	978	546	244.500000	46.500000	1.023879e+03
	981	546	245.250000	46.500000	1.022844e+03
	952	547	238.000000	46.750000	1.015064e+03
	979	548	244.750000	47.000000	1.023724e+03
	912	549	228.000000	47.250000	1.002572e+03
	990	549	247.500000	47.250000	1.023732e+03
	989	551	247.250000	47.750000	1.023579e+03
	964	554	241.000000	48.500000	1.026172e+03
	971	554	242.750000	48.500000	1.026234e+03
	952	555	238.000000	48.750000	1.016187e+03
	958	556	239.500000	49.000000	1.016947e+03
	976	556	244.000000	49.000000	1.027257e+03
	987	556	246.750000	49.000000	1.023609e+03
	948	558	237.000000	49.500000	1.016692e+03
	963	559	240.750000	49.750000	1.024507e+03
	951	561	237.750000	50.250000	1.018404e+03
	973	561	243.250000	50.250000	1.023367e+03
	982	561	245.500000	50.250000	1.022649e+03
	942	563	235.500000	50.750000	1.016122e+03
	965	563	241.250000	50.750000	1.026309e+03
	980	563	245.000000	50.750000	1.021224e+03
	986	563	246.500000	50.750000	1.026234e+03
	970	564	242.500000	51.000000	1.024229e+03
	947	565	236.750000	51.250000	1.013874e+03
	942	566	235.500000	51.500000	1.014992e+03
	977	567	244.250000	51.750000	1.019777e+03
	935	568	233.750000	52.000000	1.013552e+03
	941	571	235.250000	52.750000	1.015247e+03
	972	571	243.000000	52.750000	1.018779e+03
	983	571	245.750000	52.750000	1.025157e+03
	849	572	212.250000	53.000000	1.006682e+03
	957	572	239.250000	53.000000	1.019754e+03
	965	574	241.250000	53.500000	1.017652e+03
	927	575	231.750000	53.750000	1.014647e+03
	746	576	186.500000	54.000000	9.706219e+02
	747	576	186.750000	54.000000	9.706219e+02
	961	577	240.250000	54.250000	1.018464e+03
	905	578	226.250000	54.500000	1.008317e+03
	958	578	239.500000	54.500000	1.019149e+03
	975	579	243.750000	54.750000	1.024364e+03
	992	580	248.000000	55.000000	1.028149e+03
	934	581	233.500000	55.250000	1.021337e+03
	954	582	238.500000	55.500000	1.019232e+03
	951	584	237.750000	56.000000	1.019082e+03
	936	587	234.000000	56.750000	1.018389e+03
	982	587	245.500000	56.750000	1.027104e+03
	906	588	226.500000	57.000000	1.010189e+03
	939	589	234.750000	57.250000	1.019977e+03
	934	590	233.500000	57.500000	1.018582e+03
	946	590	236.500000	57.500000	1.014467e+03
	984	590	246.000000	57.500000	1.026709e+03
	916	591	229.000000	57.750000	1.012792e+03
	894	592	223.500000	58.000000	1.009157e+03
	908	592	227.000000	58.000000	1.010259e+03
	920	593	230.000000	58.250000	1.013562e+03
	942	593	235.500000	58.250000	1.012504e+03
	913	595	228.250000	58.750000	1.012322e+03
	884	596	221.000000	59.000000	1.009704e+03
	892	596	223.000000	59.000000	1.009717e+03
	899	596	224.750000	59.000000	1.010064e+03
	924	596	231.000000	59.000000	1.013049e+03
	931	596	232.750000	59.000000	1.015099e+03
	971	596	242.750000	59.000000	1.025157e+03
	951	597	237.750000	59.250000	1.020344e+03
	977	597	244.250000	59.250000	1.024784e+03
	902	598	225.500000	59.500000	1.009014e+03
	915	598	228.750000	59.500000	1.011264e+03
	868	599	217.000000	59.750000	1.009527e+03
	879	599	219.750000	59.750000	1.008747e+03
	873	600	218.250000	60.000000	1.009149e+03
	937	600	234.250000	60.000000	1.017347e+03
	949	600	237.250000	60.000000	1.020217e+03
