2015	7	20	177	12
	726	423	181.500000	15.750000	1.012014e+03
	830	429	207.500000	17.250000	1.011924e+03
	719	430	179.750000	17.500000	1.012939e+03
	742	430	185.500000	17.500000	1.013454e+03
	800	430	200.000000	17.500000	1.012142e+03
	832	430	208.000000	17.500000	1.011919e+03
	748	431	187.000000	17.750000	1.013677e+03
	834	431	208.500000	17.750000	1.011919e+03
	670	435	167.500000	18.750000	1.012514e+03
	820	436	205.000000	19.000000	1.012527e+03
	826	436	206.500000	19.000000	1.012404e+03
	810	437	202.500000	19.250000	1.012547e+03
	814	438	203.500000	19.500000	1.012532e+03
	812	439	203.000000	19.750000	1.012607e+03
	815	440	203.750000	20.000000	1.012509e+03
	820	441	205.000000	20.250000	1.012902e+03
	894	441	223.500000	20.250000	1.008734e+03
	818	442	204.500000	20.500000	1.012929e+03
	821	443	205.250000	20.750000	1.013027e+03
	814	445	203.500000	21.250000	1.013342e+03
	801	450	200.250000	22.500000	1.014157e+03
	943	453	235.750000	23.250000	1.014832e+03
	997	455	249.250000	23.750000	1.013129e+03
	995	456	248.750000	24.000000	1.013204e+03
	992	462	248.000000	25.500000	1.013654e+03
	991	464	247.750000	26.000000	1.013589e+03
	996	464	249.000000	26.000000	1.011929e+03
	894	471	223.500000	27.750000	1.014039e+03
	985	471	246.250000	27.750000	1.015334e+03
	980	472	245.000000	28.000000	1.015744e+03
	994	473	248.500000	28.250000	1.012444e+03
	982	475	245.500000	28.750000	1.015739e+03
	980	476	245.000000	29.000000	1.015729e+03
	909	477	227.250000	29.250000	1.014259e+03
	990	477	247.500000	29.250000	1.013259e+03
	676	478	169.000000	29.500000	1.015457e+03
	986	482	246.500000	30.500000	1.013277e+03
	985	485	246.250000	31.250000	1.013079e+03
	953	486	238.250000	31.500000	1.009592e+03
	1000	487	250.000000	31.750000	1.016764e+03
	995	489	248.750000	32.250000	1.015347e+03
	982	491	245.500000	32.750000	1.013602e+03
	986	491	246.500000	32.750000	1.012982e+03
	978	492	244.500000	33.000000	1.014017e+03
	991	494	247.750000	33.500000	1.013829e+03
	967	495	241.750000	33.750000	1.014402e+03
	982	495	245.500000	33.750000	1.014027e+03
	983	496	245.750000	34.000000	1.014027e+03
	979	497	244.750000	34.250000	1.015024e+03
	968	500	242.000000	35.000000	1.017229e+03
	976	500	244.000000	35.000000	1.015829e+03
	954	501	238.500000	35.250000	1.014312e+03
	996	502	249.000000	35.500000	1.016777e+03
	665	503	166.250000	35.750000	1.008984e+03
	971	503	242.750000	35.750000	1.017507e+03
	975	503	243.750000	35.750000	1.016419e+03
	962	504	240.500000	36.000000	1.013907e+03
	981	504	245.250000	36.000000	1.015672e+03
	995	504	248.750000	36.000000	1.016549e+03
	960	506	240.000000	36.500000	1.014184e+03
	972	506	243.000000	36.500000	1.016962e+03
	984	508	246.000000	37.000000	1.016817e+03
	989	508	247.250000	37.000000	1.017509e+03
	997	510	249.250000	37.500000	1.013759e+03
	680	511	170.000000	37.750000	1.007724e+03
	956	511	239.000000	37.750000	1.014869e+03
	986	511	246.500000	37.750000	1.017922e+03
	969	512	242.250000	38.000000	1.017519e+03
	948	513	237.000000	38.250000	1.014777e+03
	687	514	171.750000	38.500000	1.008047e+03
	977	514	244.250000	38.500000	1.018452e+03
	997	514	249.250000	38.500000	1.014387e+03
	1000	514	250.000000	38.500000	1.014079e+03
	981	515	245.250000	38.750000	1.019434e+03
	989	517	247.250000	39.250000	1.016367e+03
	952	518	238.000000	39.500000	1.014127e+03
	986	518	246.500000	39.500000	1.017269e+03
	966	519	241.500000	39.750000	1.014977e+03
	987	520	246.750000	40.000000	1.017592e+03
	992	520	248.000000	40.000000	1.018177e+03
	978	524	244.500000	41.000000	1.017264e+03
	985	524	246.250000	41.000000	1.016684e+03
	954	525	238.500000	41.250000	1.018287e+03
	968	525	242.000000	41.250000	1.014977e+03
	999	526	249.750000	41.500000	1.019987e+03
	946	527	236.500000	41.750000	1.018109e+03
	950	527	237.500000	41.750000	1.017922e+03
	957	527	239.250000	41.750000	1.018642e+03
	960	527	240.000000	41.750000	1.018749e+03
	710	528	177.500000	42.000000	1.010587e+03
	936	528	234.000000	42.000000	1.019149e+03
	954	528	238.500000	42.000000	1.018434e+03
	973	528	243.250000	42.000000	1.015479e+03
	948	530	237.000000	42.500000	1.017499e+03
	969	531	242.250000	42.750000	1.014407e+03
	939	532	234.750000	43.000000	1.019212e+03
	975	533	243.750000	43.250000	1.013187e+03
	986	533	246.500000	43.250000	1.015727e+03
	940	534	235.000000	43.500000	1.019287e+03
	949	534	237.250000	43.500000	1.018287e+03
	961	535	240.250000	43.750000	1.017669e+03
	943	536	235.750000	44.000000	1.019247e+03
	950	536	237.500000	44.000000	1.018204e+03
	972	536	243.000000	44.000000	1.013029e+03
	950	543	237.500000	45.750000	1.017752e+03
	993	544	248.250000	46.000000	1.016527e+03
	959	546	239.750000	46.500000	1.011817e+03
	972	546	243.000000	46.500000	1.012562e+03
	988	546	247.000000	46.500000	1.016372e+03
	984	547	246.000000	46.750000	1.015672e+03
	982	550	245.500000	47.500000	1.013902e+03
	992	550	248.000000	47.500000	1.015327e+03
	997	551	249.250000	47.750000	1.015404e+03
	949	552	237.250000	48.000000	1.014794e+03
	963	552	240.750000	48.000000	1.009947e+03
	973	553	243.250000	48.250000	1.011322e+03
	987	554	246.750000	48.500000	1.015739e+03
	969	555	242.250000	48.750000	1.010737e+03
	966	557	241.500000	49.250000	1.011447e+03
	953	558	238.250000	49.500000	1.013992e+03
	976	558	244.000000	49.500000	1.013819e+03
	988	558	247.000000	49.500000	1.016109e+03
	942	559	235.500000	49.750000	1.012514e+03
	962	560	240.500000	50.000000	1.011397e+03
	745	561	186.250000	50.250000	1.002149e+03
	968	561	242.000000	50.250000	1.012409e+03
	977	561	244.250000	50.250000	1.014064e+03
	732	563	183.000000	50.750000	1.002904e+03
	955	563	238.750000	50.750000	1.009879e+03
	963	563	240.750000	50.750000	1.010077e+03
	993	563	248.250000	50.750000	1.015777e+03
	973	564	243.250000	51.000000	1.013617e+03
	959	566	239.750000	51.500000	1.009677e+03
	970	566	242.500000	51.500000	1.012842e+03
	727	568	181.750000	52.000000	1.002749e+03
	950	572	237.500000	53.000000	1.007804e+03
	999	572	249.750000	53.000000	1.015917e+03
	682	573	170.500000	53.250000	9.962469e+02
	683	574	170.750000	53.500000	9.962469e+02
	947	574	236.750000	53.500000	1.007499e+03
	977	575	244.250000	53.750000	1.014287e+03
	943	576	235.750000	54.000000	1.007532e+03
	997	577	249.250000	54.250000	1.015959e+03
	971	578	242.750000	54.500000	1.013622e+03
	935	581	233.750000	55.250000	1.006794e+03
	902	582	225.500000	55.500000	1.009609e+03
	929	582	232.250000	55.500000	1.007794e+03
	901	583	225.250000	55.750000	1.009609e+03
	912	583	228.000000	55.750000	1.010197e+03
	806	585	201.500000	56.250000	1.026412e+03
	925	585	231.250000	56.250000	1.008647e+03
	801	586	200.250000	56.500000	1.026272e+03
	811	586	202.750000	56.500000	1.026369e+03
	910	586	227.500000	56.500000	1.010309e+03
	911	586	227.750000	56.500000	1.010309e+03
	817	588	204.250000	57.000000	1.025772e+03
	932	589	233.000000	57.250000	1.009954e+03
	936	590	234.000000	57.500000	1.009997e+03
	928	591	232.000000	57.750000	1.010334e+03
	822	592	205.500000	58.000000	1.023589e+03
	948	592	237.000000	58.000000	1.013832e+03
	967	592	241.750000	58.000000	1.015637e+03
	892	593	223.000000	58.250000	1.012537e+03
	900	593	225.000000	58.250000	1.011944e+03
	945	594	236.250000	58.500000	1.014024e+03
	975	595	243.750000	58.750000	1.015737e+03
	793	596	198.250000	59.000000	1.026414e+03
	888	596	222.000000	59.000000	1.012687e+03
	806	597	201.500000	59.250000	1.025577e+03
	812	597	203.000000	59.250000	1.025637e+03
	830	599	207.500000	59.750000	1.020722e+03
	868	599	217.000000	59.750000	1.013394e+03
	882	599	220.500000	59.750000	1.012899e+03
	834	600	208.500000	60.000000	1.020644e+03
	864	600	216.000000	60.000000	1.013319e+03
	872	600	218.000000	60.000000	1.013237e+03
	926	600	231.500000	60.000000	1.012882e+03
