2015	1	23	150	12
	959	426	239.750000	16.500000	1.014100e+03
	969	427	242.250000	16.750000	1.013775e+03
	956	428	239.000000	17.000000	1.014250e+03
	960	428	240.000000	17.000000	1.013807e+03
	953	432	238.250000	18.000000	1.014862e+03
	770	435	192.500000	18.750000	1.013685e+03
	958	435	239.500000	18.750000	1.015705e+03
	820	436	205.000000	19.000000	1.014963e+03
	773	437	193.250000	19.250000	1.013735e+03
	822	438	205.500000	19.500000	1.015025e+03
	776	439	194.000000	19.750000	1.013675e+03
	822	439	205.500000	19.750000	1.015025e+03
	780	441	195.000000	20.250000	1.013665e+03
	816	441	204.000000	20.250000	1.015362e+03
	818	442	204.500000	20.500000	1.015255e+03
	809	444	202.250000	21.000000	1.014938e+03
	817	444	204.250000	21.000000	1.015213e+03
	811	446	202.750000	21.500000	1.014965e+03
	813	447	203.250000	21.750000	1.014980e+03
	999	447	249.750000	21.750000	1.015720e+03
	999	448	249.750000	22.000000	1.015720e+03
	831	453	207.750000	23.250000	1.015768e+03
	993	462	248.250000	25.500000	1.017513e+03
	990	466	247.500000	26.500000	1.017805e+03
	785	472	196.250000	28.000000	1.008282e+03
	985	473	246.250000	28.250000	1.019310e+03
	774	474	193.500000	28.500000	1.009003e+03
	970	482	242.500000	30.500000	1.021713e+03
	970	483	242.500000	30.750000	1.021713e+03
	976	483	244.000000	30.750000	1.021742e+03
	973	486	243.250000	31.500000	1.021912e+03
	983	492	245.750000	33.000000	1.025507e+03
	964	494	241.000000	33.500000	1.022590e+03
	977	494	244.250000	33.500000	1.025890e+03
	965	500	241.250000	35.000000	1.025603e+03
	978	500	244.500000	35.000000	1.026267e+03
	844	501	211.000000	35.250000	1.007595e+03
	972	501	243.000000	35.250000	1.026603e+03
	992	501	248.000000	35.250000	1.026640e+03
	965	504	241.250000	36.000000	1.025468e+03
	849	505	212.250000	36.250000	1.008010e+03
	968	505	242.000000	36.250000	1.025767e+03
	977	505	244.250000	36.250000	1.026185e+03
	985	506	246.250000	36.500000	1.027420e+03
	999	506	249.750000	36.500000	1.030277e+03
	991	507	247.750000	36.750000	1.028277e+03
	964	508	241.000000	37.000000	1.025838e+03
	974	508	243.500000	37.000000	1.025920e+03
	975	508	243.750000	37.000000	1.025920e+03
	952	509	238.000000	37.250000	1.026390e+03
	981	509	245.250000	37.250000	1.027205e+03
	989	510	247.250000	37.500000	1.025880e+03
	961	511	240.250000	37.750000	1.025772e+03
	999	512	249.750000	38.000000	1.031552e+03
	982	513	245.500000	38.250000	1.028135e+03
	990	513	247.500000	38.250000	1.029670e+03
	994	513	248.500000	38.250000	1.026430e+03
	958	514	239.500000	38.500000	1.025463e+03
	974	514	243.500000	38.500000	1.026392e+03
	949	515	237.250000	38.750000	1.026353e+03
	979	515	244.750000	38.750000	1.027300e+03
	982	516	245.500000	39.000000	1.027792e+03
	955	518	238.750000	39.500000	1.026248e+03
	945	519	236.250000	39.750000	1.027670e+03
	997	519	249.250000	39.750000	1.028198e+03
	965	521	241.250000	40.250000	1.035127e+03
	989	521	247.250000	40.250000	1.032805e+03
	1000	523	250.000000	40.750000	1.025613e+03
	958	524	239.500000	41.000000	1.031755e+03
	951	525	237.750000	41.250000	1.030115e+03
	994	526	248.500000	41.500000	1.033623e+03
	971	527	242.750000	41.750000	1.034110e+03
	979	527	244.750000	41.750000	1.030945e+03
	985	527	246.250000	41.750000	1.032965e+03
	967	528	241.750000	42.000000	1.034800e+03
	989	529	247.250000	42.250000	1.034985e+03
	999	529	249.750000	42.250000	1.028618e+03
	957	530	239.250000	42.500000	1.032297e+03
	943	531	235.750000	42.750000	1.029210e+03
	966	531	241.500000	42.750000	1.034715e+03
	974	531	243.500000	42.750000	1.034615e+03
	772	532	193.000000	43.000000	9.876200e+02
	993	532	248.250000	43.000000	1.035593e+03
	776	533	194.000000	43.250000	9.876600e+02
	943	533	235.750000	43.250000	1.029198e+03
	970	533	242.500000	43.250000	1.037785e+03
	780	535	195.000000	43.750000	9.876725e+02
	948	535	237.000000	43.750000	1.029262e+03
	981	535	245.250000	43.750000	1.030868e+03
	984	535	246.000000	43.750000	1.031188e+03
	996	535	249.000000	43.750000	1.035243e+03
	781	536	195.250000	44.000000	9.876725e+02
	966	537	241.500000	44.250000	1.032945e+03
	987	537	246.750000	44.250000	1.032907e+03
	950	538	237.500000	44.500000	1.029260e+03
	957	539	239.250000	44.750000	1.031140e+03
	978	539	244.500000	44.750000	1.033307e+03
	951	540	237.750000	45.000000	1.028885e+03
	992	540	248.000000	45.000000	1.031522e+03
	966	541	241.500000	45.250000	1.031557e+03
	971	542	242.750000	45.500000	1.032295e+03
	995	542	248.750000	45.500000	1.029085e+03
	957	544	239.250000	46.000000	1.033205e+03
	978	544	244.500000	46.000000	1.034075e+03
	969	545	242.250000	46.250000	1.032328e+03
	952	548	238.000000	47.000000	1.028443e+03
	971	548	242.750000	47.000000	1.033825e+03
	1000	549	250.000000	47.250000	1.023125e+03
	947	552	236.750000	48.000000	1.026642e+03
	975	553	243.750000	48.250000	1.034155e+03
	991	553	247.750000	48.250000	1.023055e+03
	965	555	241.250000	48.750000	1.034660e+03
	979	556	244.750000	49.000000	1.033353e+03
	997	556	249.250000	49.000000	1.021740e+03
	958	560	239.500000	50.000000	1.026965e+03
	975	562	243.750000	50.500000	1.028530e+03
	984	562	246.000000	50.500000	1.018078e+03
	970	566	242.500000	51.500000	1.028915e+03
	945	567	236.250000	51.750000	1.019708e+03
	980	569	245.000000	52.250000	1.016545e+03
	995	569	248.750000	52.250000	1.015350e+03
	805	570	201.250000	52.500000	9.760300e+02
	974	572	243.500000	53.000000	1.016253e+03
	859	573	214.750000	53.250000	9.797275e+02
	990	574	247.500000	53.500000	1.014753e+03
	941	575	235.250000	53.750000	1.015773e+03
	985	575	246.250000	53.750000	1.014628e+03
	850	576	212.500000	54.000000	9.803100e+02
	950	576	237.500000	54.000000	1.019420e+03
	937	580	234.250000	55.000000	1.014362e+03
	979	581	244.750000	55.250000	1.011695e+03
	925	583	231.250000	55.750000	1.013245e+03
	985	583	246.250000	55.750000	1.011672e+03
	964	584	241.000000	56.000000	1.010480e+03
	994	586	248.500000	56.500000	1.011705e+03
	936	590	234.000000	57.500000	1.010215e+03
	978	590	244.500000	57.500000	1.008688e+03
	830	591	207.500000	57.750000	9.863475e+02
	946	591	236.500000	57.750000	1.004940e+03
	951	593	237.750000	58.250000	1.004318e+03
	832	595	208.000000	58.750000	9.862250e+02
	943	595	235.750000	58.750000	1.003573e+03
	971	596	242.750000	59.000000	1.008945e+03
	972	596	243.000000	59.000000	1.008945e+03
	977	597	244.250000	59.250000	1.007435e+03
	935	598	233.750000	59.500000	1.003378e+03
	837	599	209.250000	59.750000	9.874050e+02
	826	600	206.500000	60.000000	9.883450e+02
	921	600	230.250000	60.000000	1.001160e+03
	936	600	234.000000	60.000000	1.003312e+03
