2015	2	21	185	15
	756	420	189.000000	15.000000	1.011688e+03
	955	420	238.750000	15.000000	1.014150e+03
	671	423	167.750000	15.750000	1.010222e+03
	725	423	181.250000	15.750000	1.011523e+03
	681	425	170.250000	16.250000	1.009985e+03
	716	425	179.000000	16.250000	1.011307e+03
	713	426	178.250000	16.500000	1.011307e+03
	976	427	244.000000	16.750000	1.015023e+03
	977	427	244.250000	16.750000	1.015023e+03
	687	429	171.750000	17.250000	1.010102e+03
	691	431	172.750000	17.750000	1.010105e+03
	902	431	225.500000	17.750000	1.013790e+03
	693	432	173.250000	18.000000	1.010083e+03
	896	432	224.000000	18.000000	1.013910e+03
	820	436	205.000000	19.000000	1.013323e+03
	826	436	206.500000	19.000000	1.013412e+03
	740	437	185.000000	19.250000	1.012823e+03
	828	437	207.000000	19.250000	1.013420e+03
	832	437	208.000000	19.250000	1.013420e+03
	838	437	209.500000	19.250000	1.013463e+03
	840	438	210.000000	19.500000	1.013435e+03
	843	439	210.750000	19.750000	1.013425e+03
	815	440	203.750000	20.000000	1.013472e+03
	845	440	211.250000	20.000000	1.013398e+03
	960	440	240.000000	20.000000	1.016435e+03
	820	441	205.000000	20.250000	1.013885e+03
	847	441	211.750000	20.250000	1.013350e+03
	849	442	212.250000	20.500000	1.013360e+03
	970	443	242.500000	20.750000	1.015703e+03
	854	445	213.500000	21.250000	1.013445e+03
	698	446	174.500000	21.500000	1.007580e+03
	701	448	175.250000	22.000000	1.007455e+03
	971	450	242.750000	22.500000	1.015350e+03
	709	453	177.250000	23.250000	1.005815e+03
	973	453	243.250000	23.250000	1.015297e+03
	863	454	215.750000	23.500000	1.013630e+03
	976	454	244.000000	23.500000	1.015333e+03
	716	456	179.000000	24.000000	1.006475e+03
	852	458	213.000000	24.500000	1.013778e+03
	858	458	214.500000	24.500000	1.013840e+03
	993	458	248.250000	24.500000	1.015167e+03
	854	459	213.500000	24.750000	1.013745e+03
	977	460	244.250000	25.000000	1.014805e+03
	855	463	213.750000	25.750000	1.013990e+03
	861	464	215.250000	26.000000	1.013398e+03
	996	464	249.000000	26.000000	1.012977e+03
	862	465	215.500000	26.250000	1.013398e+03
	995	466	248.750000	26.500000	1.012980e+03
	860	469	215.000000	27.250000	1.013237e+03
	995	469	248.750000	27.250000	1.012950e+03
	865	470	216.250000	27.500000	1.012415e+03
	902	473	225.500000	28.250000	1.017670e+03
	988	475	247.000000	28.750000	1.012213e+03
	801	476	200.250000	29.000000	1.015555e+03
	958	476	239.500000	29.000000	1.015190e+03
	980	477	245.000000	29.250000	1.014523e+03
	971	479	242.750000	29.750000	1.014825e+03
	974	479	243.500000	29.750000	1.014797e+03
	972	481	243.000000	30.250000	1.014823e+03
	965	483	241.250000	30.750000	1.014575e+03
	982	483	245.500000	30.750000	1.009645e+03
	980	487	245.000000	31.750000	1.010375e+03
	1000	487	250.000000	31.750000	1.013328e+03
	867	488	216.750000	32.000000	1.004280e+03
	964	488	241.000000	32.000000	1.014480e+03
	983	491	245.750000	32.750000	1.010600e+03
	968	492	242.000000	33.000000	1.014255e+03
	977	493	244.250000	33.250000	1.010780e+03
	866	496	216.500000	34.000000	1.011453e+03
	962	496	240.500000	34.000000	1.014740e+03
	980	497	245.000000	34.250000	1.010057e+03
	964	499	241.000000	34.750000	1.013528e+03
	979	499	244.750000	34.750000	1.010133e+03
	976	501	244.000000	35.250000	1.011117e+03
	996	501	249.000000	35.250000	1.010095e+03
	958	502	239.500000	35.500000	1.014075e+03
	668	503	167.000000	35.750000	9.884425e+02
	973	503	243.250000	35.750000	1.011500e+03
	989	503	247.250000	35.750000	1.010992e+03
	868	504	217.000000	36.000000	1.009615e+03
	948	505	237.000000	36.250000	1.014047e+03
	953	505	238.250000	36.250000	1.013573e+03
	957	505	239.250000	36.250000	1.013602e+03
	967	505	241.750000	36.250000	1.012355e+03
	984	505	246.000000	36.250000	1.011455e+03
	988	506	247.000000	36.500000	1.010862e+03
	992	506	248.000000	36.500000	1.010677e+03
	695	507	173.750000	36.750000	9.846425e+02
	733	508	183.250000	37.000000	9.925850e+02
	734	508	183.500000	37.000000	9.925850e+02
	953	509	238.250000	37.250000	1.013802e+03
	965	509	241.250000	37.250000	1.011785e+03
	989	509	247.250000	37.250000	1.011338e+03
	995	509	248.750000	37.250000	1.012555e+03
	854	510	213.500000	37.500000	1.011607e+03
	956	511	239.000000	37.750000	1.014482e+03
	973	513	243.250000	38.250000	1.016180e+03
	1000	513	250.000000	38.250000	1.013900e+03
	959	514	239.750000	38.500000	1.012620e+03
	853	515	213.250000	38.750000	1.011722e+03
	989	515	247.250000	38.750000	1.015482e+03
	958	516	239.500000	39.000000	1.012977e+03
	977	516	244.250000	39.000000	1.017198e+03
	985	516	246.250000	39.000000	1.015440e+03
	948	517	237.000000	39.250000	1.013745e+03
	963	518	240.750000	39.500000	1.017997e+03
	983	519	245.750000	39.750000	1.016203e+03
	953	520	238.250000	40.000000	1.013915e+03
	974	520	243.500000	40.000000	1.018023e+03
	984	522	246.000000	40.500000	1.016375e+03
	764	523	191.000000	40.750000	1.004713e+03
	977	523	244.250000	40.750000	1.018417e+03
	870	524	217.500000	41.000000	1.012355e+03
	986	524	246.500000	41.000000	1.016295e+03
	956	528	239.000000	42.000000	1.020333e+03
	988	528	247.000000	42.000000	1.017307e+03
	991	529	247.750000	42.250000	1.017680e+03
	1000	529	250.000000	42.250000	1.016200e+03
	951	530	237.750000	42.500000	1.020177e+03
	961	530	240.250000	42.500000	1.021825e+03
	969	531	242.250000	42.750000	1.019950e+03
	975	532	243.750000	43.000000	1.018737e+03
	958	534	239.500000	43.500000	1.021985e+03
	982	534	245.500000	43.500000	1.016600e+03
	987	534	246.750000	43.500000	1.016948e+03
	992	534	248.000000	43.500000	1.018150e+03
	971	535	242.750000	43.750000	1.019242e+03
	971	537	242.750000	44.250000	1.019513e+03
	975	537	243.750000	44.250000	1.019150e+03
	960	539	240.000000	44.750000	1.022665e+03
	963	539	240.750000	44.750000	1.022677e+03
	949	541	237.250000	45.250000	1.023980e+03
	950	543	237.500000	45.750000	1.023820e+03
	956	544	239.000000	46.000000	1.022838e+03
	962	544	240.500000	46.000000	1.022203e+03
	973	545	243.250000	46.250000	1.021185e+03
	819	546	204.750000	46.500000	9.975975e+02
	953	546	238.250000	46.500000	1.024410e+03
	963	546	240.750000	46.500000	1.022220e+03
	965	548	241.250000	47.000000	1.022203e+03
	998	552	249.500000	48.000000	1.032860e+03
	990	554	247.500000	48.500000	1.032718e+03
	987	558	246.750000	49.500000	1.032280e+03
	936	563	234.000000	50.750000	1.029410e+03
	933	564	233.250000	51.000000	1.029110e+03
	943	568	235.750000	52.000000	1.035525e+03
	956	570	239.000000	52.500000	1.032547e+03
	938	572	234.500000	53.000000	1.036203e+03
	945	573	236.250000	53.250000	1.036627e+03
	938	576	234.500000	54.000000	1.036998e+03
	981	578	245.250000	54.500000	1.040830e+03
	701	579	175.250000	54.750000	1.005835e+03
	931	582	232.750000	55.500000	1.036145e+03
	958	583	239.500000	55.750000	1.039157e+03
	995	583	248.750000	55.750000	1.043840e+03
	941	584	235.250000	56.000000	1.036930e+03
	988	585	247.000000	56.250000	1.044363e+03
	982	586	245.500000	56.500000	1.043530e+03
	670	587	167.500000	56.750000	1.013292e+03
	976	588	244.000000	57.000000	1.042672e+03
	984	589	246.000000	57.250000	1.043720e+03
	908	590	227.000000	57.500000	1.031410e+03
	936	590	234.000000	57.500000	1.038223e+03
	990	590	247.500000	57.500000	1.043690e+03
	774	591	193.500000	57.750000	9.833100e+02
	900	591	225.000000	57.750000	1.030757e+03
	920	591	230.000000	57.750000	1.035755e+03
	976	591	244.000000	57.750000	1.042540e+03
	990	591	247.500000	57.750000	1.043690e+03
	908	592	227.000000	58.000000	1.031282e+03
	921	593	230.250000	58.250000	1.036505e+03
	686	594	171.500000	58.500000	1.010815e+03
	942	594	235.500000	58.500000	1.034272e+03
	888	595	222.000000	58.750000	1.026297e+03
	913	595	228.250000	58.750000	1.035615e+03
	1000	595	250.000000	58.750000	1.044725e+03
	971	596	242.750000	59.000000	1.042042e+03
	978	597	244.500000	59.250000	1.040225e+03
	928	598	232.000000	59.500000	1.035568e+03
	821	599	205.250000	59.750000	1.003600e+03
	900	599	225.000000	59.750000	1.028973e+03
	906	599	226.500000	59.750000	1.031775e+03
	919	599	229.750000	59.750000	1.033353e+03
	836	600	209.000000	60.000000	1.009660e+03
	941	600	235.250000	60.000000	1.033338e+03
