2015	6	7	169	9
	971	430	242.750000	17.500000	1.007814e+03
	966	431	241.500000	17.750000	1.007787e+03
	814	438	203.500000	19.500000	1.016139e+03
	998	438	249.500000	19.500000	9.760469e+02
	812	439	203.000000	19.750000	1.016252e+03
	815	440	203.750000	20.000000	1.016052e+03
	810	441	202.500000	20.250000	1.016259e+03
	820	441	205.000000	20.250000	1.016907e+03
	821	443	205.250000	20.750000	1.017059e+03
	767	444	191.750000	21.000000	1.016444e+03
	817	444	204.250000	21.000000	1.016994e+03
	738	449	184.500000	22.250000	1.016519e+03
	754	449	188.500000	22.250000	1.016539e+03
	792	454	198.000000	23.500000	1.017159e+03
	793	454	198.250000	23.500000	1.017159e+03
	800	455	200.000000	23.750000	1.017254e+03
	761	456	190.250000	24.000000	1.016744e+03
	995	456	248.750000	24.000000	1.006709e+03
	994	459	248.500000	24.750000	1.006832e+03
	771	460	192.750000	25.000000	1.017152e+03
	774	460	193.500000	25.000000	1.017137e+03
	991	460	247.750000	25.000000	1.006982e+03
	793	461	198.250000	25.250000	1.017284e+03
	795	464	198.750000	26.000000	1.017279e+03
	991	464	247.750000	26.000000	1.006482e+03
	996	464	249.000000	26.000000	1.006117e+03
	798	466	199.500000	26.500000	1.017324e+03
	800	467	200.000000	26.750000	1.017357e+03
	803	471	200.750000	27.750000	1.017337e+03
	990	472	247.500000	28.000000	1.006414e+03
	805	473	201.250000	28.250000	1.017367e+03
	999	473	249.750000	28.250000	1.008062e+03
	807	474	201.750000	28.500000	1.017399e+03
	992	475	248.000000	28.750000	1.006542e+03
	810	476	202.500000	29.000000	1.017489e+03
	981	477	245.250000	29.250000	1.009034e+03
	813	478	203.250000	29.500000	1.017652e+03
	989	478	247.250000	29.500000	1.006812e+03
	985	479	246.250000	29.750000	1.007054e+03
	984	480	246.000000	30.000000	1.007054e+03
	982	482	245.500000	30.500000	1.006957e+03
	820	483	205.000000	30.750000	1.017954e+03
	960	487	240.000000	31.750000	1.012687e+03
	980	487	245.000000	31.750000	1.006707e+03
	1000	487	250.000000	31.750000	1.010519e+03
	979	489	244.750000	32.250000	1.006719e+03
	995	489	248.750000	32.250000	1.009184e+03
	985	491	246.250000	32.750000	1.007122e+03
	977	492	244.250000	33.000000	1.006704e+03
	998	493	249.500000	33.250000	1.010082e+03
	991	494	247.750000	33.500000	1.007672e+03
	981	495	245.250000	33.750000	1.006907e+03
	969	500	242.250000	35.000000	1.009542e+03
	829	501	207.250000	35.250000	1.015782e+03
	975	501	243.750000	35.250000	1.007782e+03
	996	501	249.000000	35.250000	1.011854e+03
	971	503	242.750000	35.750000	1.008817e+03
	962	504	240.500000	36.000000	1.009237e+03
	982	505	245.500000	36.250000	1.008264e+03
	972	506	243.000000	36.500000	1.009627e+03
	838	507	209.500000	36.750000	1.017432e+03
	976	507	244.000000	36.750000	1.010197e+03
	961	508	240.250000	37.000000	1.009574e+03
	994	508	248.500000	37.000000	1.013669e+03
	998	510	249.500000	37.500000	1.013212e+03
	986	511	246.500000	37.750000	1.013614e+03
	968	513	242.000000	38.250000	1.013422e+03
	997	514	249.250000	38.500000	1.014197e+03
	740	516	185.000000	39.000000	1.016699e+03
	967	516	241.750000	39.000000	1.012662e+03
	988	516	247.000000	39.000000	1.013832e+03
	1000	516	250.000000	39.000000	1.014274e+03
	952	518	238.000000	39.500000	1.009714e+03
	986	518	246.500000	39.500000	1.013472e+03
	966	519	241.500000	39.750000	1.011662e+03
	956	520	239.000000	40.000000	1.013364e+03
	969	520	242.250000	40.000000	1.012172e+03
	987	520	246.750000	40.000000	1.013387e+03
	850	521	212.500000	40.250000	1.019544e+03
	945	521	236.250000	40.250000	1.011774e+03
	962	521	240.500000	40.250000	1.012489e+03
	972	523	243.000000	40.750000	1.013249e+03
	964	524	241.000000	41.000000	1.012242e+03
	965	524	241.250000	41.000000	1.012242e+03
	961	525	240.250000	41.250000	1.013572e+03
	989	525	247.250000	41.250000	1.012659e+03
	945	526	236.250000	41.500000	1.011847e+03
	956	526	239.000000	41.500000	1.012572e+03
	967	526	241.750000	41.500000	1.012387e+03
	950	527	237.500000	41.750000	1.013319e+03
	943	528	235.750000	42.000000	1.010917e+03
	973	528	243.250000	42.000000	1.012867e+03
	995	528	248.750000	42.000000	1.014977e+03
	1000	528	250.000000	42.000000	1.013877e+03
	948	530	237.000000	42.500000	1.013312e+03
	969	531	242.250000	42.750000	1.011654e+03
	977	532	244.250000	43.000000	1.010317e+03
	988	532	247.000000	43.000000	1.012942e+03
	948	536	237.000000	44.000000	1.014042e+03
	960	536	240.000000	44.000000	1.013719e+03
	972	536	243.000000	44.000000	1.009949e+03
	956	537	239.000000	44.250000	1.013464e+03
	678	539	169.500000	44.750000	9.888119e+02
	984	539	246.000000	44.750000	1.014142e+03
	950	542	237.500000	45.500000	1.014284e+03
	992	542	248.000000	45.500000	1.013009e+03
	956	543	239.000000	45.750000	1.012199e+03
	962	544	240.500000	46.000000	1.010112e+03
	994	544	248.500000	46.000000	1.012574e+03
	950	546	237.500000	46.500000	1.015087e+03
	963	546	240.750000	46.500000	1.009869e+03
	968	547	242.000000	46.750000	1.010207e+03
	984	547	246.000000	46.750000	1.012502e+03
	950	549	237.500000	47.250000	1.014847e+03
	944	550	236.000000	47.500000	1.015302e+03
	964	550	241.000000	47.500000	1.009912e+03
	982	551	245.500000	47.750000	1.011777e+03
	998	553	249.500000	48.250000	1.011064e+03
	979	554	244.750000	48.500000	1.011972e+03
	937	556	234.250000	49.000000	1.015384e+03
	947	556	236.750000	49.000000	1.014492e+03
	979	557	244.750000	49.250000	1.012017e+03
	996	557	249.000000	49.250000	1.011467e+03
	968	561	242.000000	50.250000	1.013394e+03
	985	562	246.250000	50.500000	1.011284e+03
	992	562	248.000000	50.500000	1.010872e+03
	958	563	239.500000	50.750000	1.012777e+03
	963	563	240.750000	50.750000	1.012279e+03
	975	563	243.750000	50.750000	1.013814e+03
	984	564	246.000000	51.000000	1.011244e+03
	970	566	242.500000	51.500000	1.013932e+03
	882	567	220.500000	51.750000	1.010464e+03
	942	568	235.500000	52.000000	1.016862e+03
	884	569	221.000000	52.250000	1.010492e+03
	963	571	240.750000	52.750000	1.014747e+03
	950	573	237.500000	53.250000	1.015569e+03
	958	574	239.500000	53.500000	1.015827e+03
	951	577	237.750000	54.250000	1.015027e+03
	786	580	196.500000	55.000000	1.011154e+03
	941	580	235.250000	55.000000	1.015207e+03
	792	582	198.000000	55.500000	1.011519e+03
	793	582	198.250000	55.500000	1.011519e+03
	930	582	232.500000	55.500000	1.015392e+03
	800	583	200.000000	55.750000	1.011419e+03
	926	583	231.500000	55.750000	1.015887e+03
	935	583	233.750000	55.750000	1.014907e+03
	806	585	201.500000	56.250000	1.011167e+03
	925	585	231.250000	56.250000	1.015884e+03
	928	587	232.000000	56.750000	1.015692e+03
	721	588	180.250000	57.000000	1.006262e+03
	725	588	181.250000	57.000000	1.006264e+03
	934	588	233.500000	57.000000	1.015419e+03
	940	588	235.000000	57.000000	1.013384e+03
	734	590	183.500000	57.500000	1.006139e+03
	938	590	234.500000	57.500000	1.013394e+03
	832	591	208.000000	57.750000	1.011179e+03
	866	591	216.500000	57.750000	1.009459e+03
	866	592	216.500000	58.000000	1.009459e+03
	926	592	231.500000	58.000000	1.013952e+03
	828	593	207.000000	58.250000	1.011354e+03
	850	594	212.500000	58.500000	1.010137e+03
	914	595	228.500000	58.750000	1.013552e+03
	752	596	188.000000	59.000000	1.005509e+03
	864	596	216.000000	59.000000	1.009324e+03
	822	597	205.500000	59.250000	1.010837e+03
	892	597	223.000000	59.250000	1.014359e+03
	896	598	224.000000	59.500000	1.014434e+03
	800	599	200.000000	59.750000	1.009322e+03
	933	599	233.250000	59.750000	1.010569e+03
