2015	2	11	209	21
	966	421	241.500000	15.250000	1.011953e+03
	837	427	209.250000	16.750000	1.011958e+03
	949	427	237.250000	16.750000	1.012953e+03
	840	428	210.000000	17.000000	1.011987e+03
	954	431	238.500000	17.750000	1.013070e+03
	832	432	208.000000	18.000000	1.012662e+03
	959	433	239.750000	18.250000	1.013107e+03
	962	433	240.500000	18.250000	1.013070e+03
	780	434	195.000000	18.500000	1.014912e+03
	821	434	205.250000	18.500000	1.012350e+03
	827	434	206.750000	18.500000	1.012515e+03
	854	434	213.500000	18.500000	1.013160e+03
	982	434	245.500000	18.500000	1.012357e+03
	986	434	246.500000	18.500000	1.012297e+03
	987	434	246.750000	18.500000	1.012297e+03
	996	434	249.000000	18.500000	1.012193e+03
	818	435	204.500000	18.750000	1.012345e+03
	820	436	205.000000	19.000000	1.012385e+03
	839	436	209.750000	19.000000	1.012810e+03
	674	437	168.500000	19.250000	1.012600e+03
	839	437	209.750000	19.250000	1.012810e+03
	858	437	214.500000	19.250000	1.013260e+03
	972	437	243.000000	19.250000	1.012655e+03
	676	438	169.000000	19.500000	1.012610e+03
	679	439	169.750000	19.750000	1.012677e+03
	861	439	215.250000	19.750000	1.013218e+03
	808	440	202.000000	20.000000	1.013898e+03
	815	440	203.750000	20.000000	1.013730e+03
	810	441	202.500000	20.250000	1.013763e+03
	820	441	205.000000	20.250000	1.012920e+03
	837	441	209.250000	20.250000	1.012885e+03
	847	441	211.750000	20.250000	1.012997e+03
	972	441	243.000000	20.250000	1.012727e+03
	824	442	206.000000	20.500000	1.012857e+03
	988	442	247.000000	20.500000	1.012302e+03
	997	442	249.250000	20.500000	1.012532e+03
	739	443	184.750000	20.750000	1.016155e+03
	811	443	202.750000	20.750000	1.013682e+03
	864	443	216.000000	20.750000	1.013347e+03
	973	444	243.250000	21.000000	1.012758e+03
	741	445	185.250000	21.250000	1.016150e+03
	743	445	185.750000	21.250000	1.016150e+03
	865	445	216.250000	21.250000	1.013407e+03
	982	445	245.500000	21.250000	1.012398e+03
	703	446	175.750000	21.500000	1.015320e+03
	682	447	170.500000	21.750000	1.011885e+03
	846	448	211.500000	22.000000	1.012568e+03
	867	448	216.750000	22.000000	1.013450e+03
	868	451	217.000000	22.750000	1.013525e+03
	709	452	177.250000	23.000000	1.016307e+03
	999	455	249.750000	23.750000	1.011977e+03
	720	457	180.000000	24.250000	1.017133e+03
	870	458	217.500000	24.500000	1.012953e+03
	994	461	248.500000	25.250000	1.011617e+03
	722	462	180.500000	25.500000	1.017287e+03
	992	464	248.000000	26.000000	1.011990e+03
	988	467	247.000000	26.750000	1.011867e+03
	985	472	246.250000	28.000000	1.012365e+03
	671	473	167.750000	28.250000	1.006208e+03
	668	474	167.000000	28.500000	1.006210e+03
	1000	474	250.000000	28.500000	1.011085e+03
	880	477	220.000000	29.250000	1.010597e+03
	980	477	245.000000	29.250000	1.013403e+03
	995	477	248.750000	29.250000	1.011230e+03
	994	483	248.500000	30.750000	1.012532e+03
	975	484	243.750000	31.000000	1.014130e+03
	988	485	247.000000	31.250000	1.013268e+03
	962	487	240.500000	31.750000	1.016018e+03
	973	488	243.250000	32.000000	1.014570e+03
	996	489	249.000000	32.250000	1.014220e+03
	968	495	242.000000	33.750000	1.015958e+03
	675	496	168.750000	34.000000	1.006852e+03
	824	496	206.000000	34.000000	9.964500e+02
	962	497	240.500000	34.250000	1.016385e+03
	959	498	239.750000	34.500000	1.016660e+03
	969	500	242.250000	35.000000	1.020883e+03
	999	500	249.750000	35.000000	1.020122e+03
	965	501	241.250000	35.250000	1.019110e+03
	683	502	170.750000	35.500000	1.010085e+03
	965	504	241.250000	36.000000	1.019270e+03
	976	504	244.000000	36.000000	1.021730e+03
	960	505	240.000000	36.250000	1.019862e+03
	984	505	246.000000	36.250000	1.021450e+03
	687	506	171.750000	36.500000	1.010340e+03
	963	506	240.750000	36.500000	1.019515e+03
	968	509	242.000000	37.250000	1.024345e+03
	988	509	247.000000	37.250000	1.021950e+03
	999	510	249.750000	37.500000	1.023932e+03
	968	511	242.000000	37.750000	1.024382e+03
	959	513	239.750000	38.250000	1.020010e+03
	949	515	237.250000	38.750000	1.020972e+03
	964	515	241.000000	38.750000	1.023513e+03
	972	515	243.000000	38.750000	1.024405e+03
	993	516	248.250000	39.000000	1.026427e+03
	1000	516	250.000000	39.000000	1.024588e+03
	957	517	239.250000	39.250000	1.020340e+03
	691	519	172.750000	39.750000	1.006782e+03
	838	519	209.500000	39.750000	9.927625e+02
	994	519	248.500000	39.750000	1.026675e+03
	946	520	236.500000	40.000000	1.020557e+03
	832	521	208.000000	40.250000	9.935675e+02
	963	521	240.750000	40.250000	1.024917e+03
	945	522	236.250000	40.500000	1.020525e+03
	951	522	237.750000	40.500000	1.021107e+03
	966	522	241.500000	40.500000	1.024950e+03
	999	523	249.750000	40.750000	1.025642e+03
	946	525	236.500000	41.250000	1.020525e+03
	957	526	239.250000	41.500000	1.023315e+03
	985	526	246.250000	41.500000	1.029505e+03
	973	527	243.250000	41.750000	1.025728e+03
	945	528	236.250000	42.000000	1.020578e+03
	690	529	172.500000	42.250000	1.006925e+03
	969	529	242.250000	42.250000	1.024657e+03
	949	530	237.250000	42.500000	1.021638e+03
	956	530	239.000000	42.500000	1.023390e+03
	939	531	234.750000	42.750000	1.021295e+03
	944	531	236.000000	42.750000	1.020768e+03
	998	531	249.500000	42.750000	1.027665e+03
	944	533	236.000000	43.250000	1.020773e+03
	992	534	248.000000	43.500000	1.028770e+03
	945	535	236.250000	43.750000	1.020778e+03
	949	535	237.250000	43.750000	1.020812e+03
	975	535	243.750000	43.750000	1.027108e+03
	945	536	236.250000	44.000000	1.020778e+03
	951	537	237.750000	44.250000	1.020905e+03
	961	538	240.250000	44.500000	1.024275e+03
	965	542	241.250000	45.500000	1.023862e+03
	996	542	249.000000	45.500000	1.025270e+03
	945	544	236.250000	46.000000	1.020922e+03
	977	544	244.250000	46.000000	1.024295e+03
	969	545	242.250000	46.250000	1.024225e+03
	987	545	246.750000	46.250000	1.024390e+03
	675	546	168.750000	46.500000	1.014230e+03
	951	546	237.750000	46.500000	1.021030e+03
	982	546	245.500000	46.500000	1.024770e+03
	990	546	247.500000	46.500000	1.025300e+03
	999	546	249.750000	46.500000	1.025820e+03
	803	547	200.750000	46.750000	9.795075e+02
	862	548	215.500000	47.000000	9.960275e+02
	952	548	238.000000	47.000000	1.020900e+03
	981	548	245.250000	47.000000	1.024703e+03
	997	548	249.250000	47.000000	1.025730e+03
	990	549	247.500000	47.250000	1.024460e+03
	675	550	168.750000	47.500000	1.014222e+03
	872	550	218.000000	47.500000	9.944050e+02
	974	550	243.500000	47.500000	1.025315e+03
	975	550	243.750000	47.500000	1.025315e+03
	944	551	236.000000	47.750000	1.020140e+03
	989	551	247.250000	47.750000	1.024127e+03
	673	553	168.250000	48.250000	1.014155e+03
	876	553	219.000000	48.250000	9.947400e+02
	877	553	219.250000	48.250000	9.947400e+02
	969	554	242.250000	48.500000	1.025840e+03
	672	555	168.000000	48.750000	1.014080e+03
	950	555	237.500000	48.750000	1.021400e+03
	963	555	240.750000	48.750000	1.025557e+03
	985	556	246.250000	49.000000	1.025545e+03
	958	557	239.500000	49.250000	1.023037e+03
	669	559	167.250000	49.750000	1.013905e+03
	942	559	235.500000	49.750000	1.021088e+03
	958	560	239.500000	50.000000	1.023247e+03
	964	561	241.000000	50.250000	1.024970e+03
	968	561	242.000000	50.250000	1.025670e+03
	667	562	166.750000	50.500000	1.013630e+03
	953	562	238.250000	50.500000	1.021920e+03
	981	562	245.250000	50.500000	1.021052e+03
	975	563	243.750000	50.750000	1.023312e+03
	665	564	166.250000	51.000000	1.013395e+03
	980	564	245.000000	51.000000	1.020297e+03
	662	566	165.500000	51.500000	1.013188e+03
	945	566	236.250000	51.500000	1.017768e+03
	978	567	244.500000	51.750000	1.019100e+03
	939	568	234.750000	52.000000	1.017290e+03
	966	568	241.500000	52.000000	1.023128e+03
	963	571	240.750000	52.750000	1.021807e+03
	973	571	243.250000	52.750000	1.018505e+03
	938	572	234.500000	53.000000	1.015943e+03
	926	575	231.500000	53.750000	1.016565e+03
	931	575	232.750000	53.750000	1.016995e+03
	948	575	237.000000	53.750000	1.018417e+03
	965	576	241.250000	54.000000	1.017400e+03
	961	578	240.250000	54.500000	1.016740e+03
	958	579	239.500000	54.750000	1.016878e+03
	947	581	236.750000	55.250000	1.019362e+03
	941	582	235.250000	55.500000	1.018888e+03
	929	584	232.250000	56.000000	1.018545e+03
	939	584	234.750000	56.000000	1.018888e+03
	936	588	234.000000	57.000000	1.016920e+03
	972	588	243.000000	57.000000	1.027230e+03
	946	590	236.500000	57.500000	1.011688e+03
	916	591	229.000000	57.750000	1.014755e+03
	922	591	230.500000	57.750000	1.015300e+03
	960	592	240.000000	58.000000	1.018948e+03
	908	593	227.000000	58.250000	1.010210e+03
	921	593	230.250000	58.250000	1.015073e+03
	942	593	235.500000	58.250000	1.010042e+03
	913	595	228.250000	58.750000	1.013235e+03
	927	595	231.750000	58.750000	1.012475e+03
	933	595	233.250000	58.750000	1.015380e+03
	902	597	225.500000	59.250000	1.008062e+03
	890	598	222.500000	59.500000	1.006960e+03
	919	598	229.750000	59.500000	1.011513e+03
	975	598	243.750000	59.500000	1.025760e+03
	798	599	199.500000	59.750000	9.948275e+02
	900	599	225.000000	59.750000	1.007955e+03
	907	599	226.750000	59.750000	1.010805e+03
	937	599	234.250000	59.750000	1.019057e+03
	860	600	215.000000	60.000000	9.927275e+02
	892	600	223.000000	60.000000	1.007083e+03
