2014	11	21	123	9
	996	425	249.000000	16.250000	1.011996e+03
	815	436	203.750000	19.000000	1.017051e+03
	814	438	203.500000	19.500000	1.017224e+03
	815	440	203.750000	20.000000	1.017167e+03
	821	440	205.250000	20.000000	1.019372e+03
	819	441	204.750000	20.250000	1.019090e+03
	997	454	249.250000	23.500000	1.013198e+03
	991	464	247.750000	26.000000	1.013210e+03
	739	465	184.750000	26.250000	1.019479e+03
	743	466	185.750000	26.500000	1.019520e+03
	999	466	249.750000	26.500000	1.012759e+03
	748	468	187.000000	27.000000	1.019434e+03
	995	470	248.750000	27.500000	1.012578e+03
	755	473	188.750000	28.250000	1.019144e+03
	757	474	189.250000	28.500000	1.019096e+03
	760	475	190.000000	28.750000	1.019059e+03
	991	475	247.750000	28.750000	1.012204e+03
	983	476	245.750000	29.000000	1.014210e+03
	981	477	245.250000	29.250000	1.014245e+03
	990	477	247.500000	29.250000	1.012218e+03
	770	478	192.500000	29.500000	1.018970e+03
	772	479	193.000000	29.750000	1.019001e+03
	761	480	190.250000	30.000000	1.019231e+03
	777	481	194.250000	30.250000	1.018964e+03
	992	481	248.000000	30.250000	1.012374e+03
	983	482	245.750000	30.500000	1.011301e+03
	784	483	196.000000	30.750000	1.018665e+03
	974	484	243.500000	31.000000	1.015076e+03
	973	486	243.250000	31.500000	1.015177e+03
	981	486	245.250000	31.500000	1.011456e+03
	1000	486	250.000000	31.500000	1.013774e+03
	979	488	244.750000	32.000000	1.011489e+03
	996	488	249.000000	32.000000	1.012814e+03
	661	489	165.250000	32.250000	1.026965e+03
	987	490	246.750000	32.500000	1.011684e+03
	984	491	246.000000	32.750000	1.011713e+03
	977	493	244.250000	33.250000	1.011778e+03
	980	494	245.000000	33.500000	1.011713e+03
	985	494	246.250000	33.500000	1.011979e+03
	966	495	241.500000	33.750000	1.014069e+03
	963	497	240.750000	34.250000	1.014093e+03
	979	497	244.750000	34.250000	1.011629e+03
	981	499	245.250000	34.750000	1.011980e+03
	962	500	240.500000	35.000000	1.016299e+03
	996	500	249.000000	35.000000	1.012975e+03
	815	501	203.750000	35.250000	1.013686e+03
	952	502	238.000000	35.500000	1.016476e+03
	974	503	243.500000	35.750000	1.011720e+03
	997	503	249.250000	35.750000	1.013595e+03
	963	505	240.750000	36.250000	1.015840e+03
	976	505	244.000000	36.250000	1.011816e+03
	983	505	245.750000	36.250000	1.011718e+03
	996	505	249.000000	36.250000	1.013575e+03
	987	506	246.750000	36.500000	1.012265e+03
	977	507	244.250000	36.750000	1.012008e+03
	961	508	240.250000	37.000000	1.016064e+03
	949	509	237.250000	37.250000	1.016366e+03
	968	509	242.000000	37.250000	1.012810e+03
	988	511	247.000000	37.750000	1.012984e+03
	1000	511	250.000000	37.750000	1.015071e+03
	970	513	242.500000	38.250000	1.013039e+03
	977	514	244.250000	38.500000	1.012130e+03
	990	515	247.500000	38.750000	1.013492e+03
	952	518	238.000000	39.500000	1.017407e+03
	976	518	244.000000	39.500000	1.012372e+03
	992	518	248.000000	39.500000	1.013949e+03
	993	522	248.250000	40.500000	1.015295e+03
	999	524	249.750000	41.000000	1.015061e+03
	956	526	239.000000	41.500000	1.018453e+03
	951	527	237.750000	41.750000	1.017496e+03
	970	528	242.500000	42.000000	1.015036e+03
	985	528	246.250000	42.000000	1.015584e+03
	994	529	248.500000	42.250000	1.017461e+03
	999	529	249.750000	42.250000	1.016890e+03
	966	531	241.500000	42.750000	1.015910e+03
	972	531	243.000000	42.750000	1.015562e+03
	957	532	239.250000	43.000000	1.017091e+03
	961	533	240.250000	43.250000	1.016755e+03
	993	533	248.250000	43.250000	1.017672e+03
	978	535	244.500000	43.750000	1.017345e+03
	984	535	246.000000	43.750000	1.016945e+03
	976	537	244.000000	44.250000	1.018020e+03
	957	539	239.250000	44.750000	1.015051e+03
	987	539	246.750000	44.750000	1.016736e+03
	962	540	240.500000	45.000000	1.015367e+03
	992	540	248.000000	45.000000	1.018213e+03
	965	541	241.250000	45.250000	1.014790e+03
	949	542	237.250000	45.500000	1.013537e+03
	987	542	246.750000	45.500000	1.016239e+03
	995	542	248.750000	45.500000	1.015269e+03
	977	544	244.250000	46.000000	1.015571e+03
	990	544	247.500000	46.000000	1.014782e+03
	969	545	242.250000	46.250000	1.015219e+03
	989	546	247.250000	46.500000	1.014441e+03
	972	548	243.000000	47.000000	1.016131e+03
	999	551	249.750000	47.750000	1.008386e+03
	990	553	247.500000	48.250000	1.007026e+03
	946	554	236.500000	48.500000	1.009500e+03
	945	556	236.250000	49.000000	1.009530e+03
	958	562	239.500000	50.500000	1.010177e+03
	975	563	243.750000	50.750000	1.012008e+03
	753	565	188.250000	51.250000	9.781713e+02
	758	566	189.500000	51.500000	9.782488e+02
	944	567	236.000000	51.750000	1.004415e+03
	947	568	236.750000	52.000000	1.004500e+03
	980	569	245.000000	52.250000	1.000776e+03
	974	572	243.500000	53.000000	9.997350e+02
	890	578	222.500000	54.500000	9.824888e+02
	937	579	234.250000	54.750000	1.000099e+03
	962	579	240.500000	54.750000	9.980037e+02
	989	582	247.250000	55.500000	9.967787e+02
	953	583	238.250000	55.750000	9.992712e+02
	808	584	202.000000	56.000000	9.565488e+02
	949	585	237.250000	56.250000	1.000016e+03
	934	588	233.500000	57.000000	9.973825e+02
	928	589	232.000000	57.250000	9.968412e+02
	916	591	229.000000	57.750000	9.957950e+02
	920	592	230.000000	58.000000	9.959625e+02
	978	594	244.500000	58.500000	1.001849e+03
	675	595	168.750000	58.750000	1.003394e+03
	888	595	222.000000	58.750000	9.885963e+02
	673	598	168.250000	59.500000	1.003193e+03
	881	600	220.250000	60.000000	9.892475e+02
