2015	4	5	165	21
	815	436	203.750000	19.000000	1.015758e+03
	814	438	203.500000	19.500000	1.015905e+03
	815	440	203.750000	20.000000	1.015834e+03
	686	449	171.500000	22.250000	1.013596e+03
	693	452	173.250000	23.000000	1.013765e+03
	696	454	174.000000	23.500000	1.013860e+03
	680	455	170.000000	23.750000	1.014209e+03
	720	456	180.000000	24.000000	1.014124e+03
	725	458	181.250000	24.500000	1.014205e+03
	742	458	185.500000	24.500000	1.016324e+03
	996	459	249.000000	24.750000	1.009451e+03
	692	460	173.000000	25.000000	1.013862e+03
	726	460	181.500000	25.000000	1.014210e+03
	695	461	173.750000	25.250000	1.013864e+03
	699	464	174.750000	26.000000	1.013891e+03
	996	464	249.000000	26.000000	1.009453e+03
	702	465	175.500000	26.250000	1.013904e+03
	707	467	176.750000	26.750000	1.013891e+03
	993	467	248.250000	26.750000	1.008889e+03
	988	468	247.000000	27.000000	1.010150e+03
	989	472	247.250000	28.000000	1.009339e+03
	988	474	247.000000	28.500000	1.009275e+03
	1000	474	250.000000	28.500000	1.008146e+03
	998	475	249.500000	28.750000	1.008226e+03
	752	477	188.000000	29.250000	1.016956e+03
	985	478	246.250000	29.500000	1.008594e+03
	730	480	182.500000	30.000000	1.011731e+03
	982	481	245.500000	30.250000	1.007784e+03
	994	482	248.500000	30.500000	1.007699e+03
	725	486	181.250000	31.500000	1.011914e+03
	722	488	180.500000	32.000000	1.011820e+03
	779	488	194.750000	32.000000	1.022385e+03
	979	488	244.750000	32.000000	1.006458e+03
	1000	488	250.000000	32.000000	1.007541e+03
	995	489	248.750000	32.250000	1.006681e+03
	799	491	199.750000	32.750000	1.022931e+03
	987	491	246.750000	32.750000	1.006766e+03
	977	492	244.250000	33.000000	1.006486e+03
	1000	492	250.000000	33.000000	1.007237e+03
	992	493	248.000000	33.250000	1.006201e+03
	715	494	178.750000	33.500000	1.010395e+03
	801	496	200.250000	34.000000	1.022895e+03
	801	497	200.250000	34.250000	1.022895e+03
	978	497	244.500000	34.250000	1.005805e+03
	970	499	242.500000	34.750000	1.007258e+03
	991	499	247.750000	34.750000	1.007086e+03
	975	500	243.750000	35.000000	1.005583e+03
	981	500	245.250000	35.000000	1.005316e+03
	1000	500	250.000000	35.000000	1.005489e+03
	759	501	189.750000	35.250000	1.020732e+03
	962	502	240.500000	35.500000	1.010900e+03
	952	503	238.000000	35.750000	1.014385e+03
	990	504	247.500000	36.000000	1.004943e+03
	995	504	248.750000	36.000000	1.004229e+03
	958	506	239.500000	36.500000	1.010245e+03
	971	506	242.750000	36.500000	1.001640e+03
	963	507	240.750000	36.750000	1.010559e+03
	969	508	242.250000	37.000000	1.000903e+03
	980	508	245.000000	37.000000	1.002041e+03
	985	508	246.250000	37.000000	1.003306e+03
	994	508	248.500000	37.000000	1.003131e+03
	1000	508	250.000000	37.000000	1.004031e+03
	784	509	196.000000	37.250000	1.019612e+03
	961	510	240.250000	37.500000	1.010955e+03
	996	510	249.000000	37.500000	1.003391e+03
	747	511	186.750000	37.750000	1.021079e+03
	744	512	186.000000	38.000000	1.021016e+03
	957	512	239.250000	38.000000	1.011125e+03
	970	512	242.500000	38.000000	1.000020e+03
	741	513	185.250000	38.250000	1.021066e+03
	735	515	183.750000	38.750000	1.021312e+03
	968	515	242.000000	38.750000	1.001165e+03
	997	517	249.250000	39.250000	1.000450e+03
	724	518	181.000000	39.500000	1.021944e+03
	979	520	244.750000	40.000000	9.982025e+02
	985	520	246.250000	40.000000	9.966688e+02
	982	521	245.500000	40.250000	9.975825e+02
	951	522	237.750000	40.500000	1.008545e+03
	991	522	247.750000	40.500000	9.977913e+02
	958	524	239.500000	41.000000	1.006009e+03
	995	525	248.750000	41.250000	9.992737e+02
	953	527	238.250000	41.750000	1.005896e+03
	988	528	247.000000	42.000000	1.000756e+03
	949	529	237.250000	42.250000	1.005622e+03
	967	529	241.750000	42.250000	1.002815e+03
	970	530	242.500000	42.500000	1.002626e+03
	980	530	245.000000	42.500000	1.001532e+03
	977	531	244.250000	42.750000	1.001773e+03
	947	532	236.750000	43.000000	1.006455e+03
	963	533	240.750000	43.250000	1.002845e+03
	942	534	235.500000	43.500000	1.006459e+03
	959	534	239.750000	43.500000	1.002971e+03
	969	534	242.250000	43.500000	1.002698e+03
	955	536	238.750000	44.000000	1.001865e+03
	990	537	247.500000	44.250000	1.000885e+03
	983	539	245.750000	44.750000	1.001944e+03
	993	539	248.250000	44.750000	1.001056e+03
	932	541	233.000000	45.250000	1.005996e+03
	951	541	237.750000	45.250000	1.003875e+03
	978	541	244.500000	45.250000	1.003138e+03
	997	541	249.250000	45.250000	1.001270e+03
	972	543	243.000000	45.750000	1.002755e+03
	915	544	228.750000	46.000000	1.004030e+03
	947	544	236.750000	46.000000	1.005153e+03
	978	544	244.500000	46.000000	1.002276e+03
	941	545	235.250000	46.250000	1.006355e+03
	951	545	237.750000	46.250000	1.004677e+03
	953	549	238.250000	47.250000	1.005245e+03
	983	550	245.750000	47.500000	1.005319e+03
	945	551	236.250000	47.750000	1.005872e+03
	992	551	248.000000	47.750000	1.010633e+03
	954	554	238.500000	48.500000	1.005380e+03
	963	554	240.750000	48.500000	1.006214e+03
	970	554	242.500000	48.500000	1.005878e+03
	942	555	235.500000	48.750000	1.006781e+03
	955	557	238.750000	49.250000	1.005188e+03
	967	558	241.750000	49.500000	1.006532e+03
	936	559	234.000000	49.750000	1.007886e+03
	946	559	236.500000	49.750000	1.007045e+03
	939	560	234.750000	50.000000	1.008028e+03
	930	562	232.500000	50.500000	1.007871e+03
	936	563	234.000000	50.750000	1.008070e+03
	952	563	238.000000	50.750000	1.007737e+03
	956	565	239.000000	51.250000	1.007907e+03
	932	566	233.000000	51.500000	1.008140e+03
	945	566	236.250000	51.500000	1.007721e+03
	949	566	237.250000	51.500000	1.008218e+03
	929	569	232.250000	52.250000	1.008550e+03
	926	571	231.500000	52.750000	1.009170e+03
	935	571	233.750000	52.750000	1.009014e+03
	973	571	243.250000	52.750000	1.013496e+03
	938	572	234.500000	53.000000	1.008714e+03
	877	574	219.250000	53.500000	1.013844e+03
	912	580	228.000000	55.000000	1.012546e+03
	936	582	234.000000	55.500000	1.012801e+03
	857	585	214.250000	56.250000	1.009309e+03
	926	586	231.500000	56.500000	1.013219e+03
	918	587	229.500000	56.750000	1.013636e+03
	944	587	236.000000	56.750000	1.014651e+03
	805	589	201.250000	57.250000	1.003066e+03
	936	589	234.000000	57.250000	1.013255e+03
	902	590	225.500000	57.500000	1.013646e+03
	886	591	221.500000	57.750000	1.014486e+03
	898	591	224.500000	57.750000	1.013769e+03
	916	591	229.000000	57.750000	1.012384e+03
	926	591	231.500000	57.750000	1.012250e+03
	944	591	236.000000	57.750000	1.014549e+03
	890	592	222.500000	58.000000	1.014480e+03
	918	593	229.500000	58.250000	1.012242e+03
	886	594	221.500000	58.500000	1.014401e+03
	914	595	228.500000	58.750000	1.012090e+03
	930	595	232.500000	58.750000	1.012755e+03
	939	595	234.750000	58.750000	1.014340e+03
	884	596	221.000000	59.000000	1.014341e+03
	888	596	222.000000	59.000000	1.014562e+03
	892	596	223.000000	59.000000	1.014736e+03
	923	596	230.750000	59.000000	1.012886e+03
	978	597	244.500000	59.250000	1.023221e+03
	843	598	210.750000	59.500000	1.011786e+03
	877	599	219.250000	59.750000	1.014171e+03
	920	599	230.000000	59.750000	1.014084e+03
	999	599	249.750000	59.750000	1.027494e+03
	687	600	171.750000	60.000000	9.971075e+02
	836	600	209.000000	60.000000	1.010628e+03
	909	600	227.250000	60.000000	1.011305e+03
