2015	9	30	198	15
	735	420	183.750000	15.000000	1.008089e+03
	710	421	177.500000	15.250000	1.008126e+03
	990	421	247.500000	15.250000	1.009104e+03
	763	422	190.750000	15.500000	1.008374e+03
	670	423	167.500000	15.750000	1.004204e+03
	707	424	176.750000	16.000000	1.008049e+03
	769	424	192.250000	16.000000	1.008629e+03
	672	425	168.000000	16.250000	1.004046e+03
	685	426	171.250000	16.500000	1.004949e+03
	715	427	178.750000	16.750000	1.008039e+03
	697	434	174.250000	18.500000	1.007864e+03
	695	436	173.750000	19.000000	1.007886e+03
	815	436	203.750000	19.000000	1.010874e+03
	814	438	203.500000	19.500000	1.011109e+03
	810	439	202.500000	19.750000	1.011851e+03
	815	440	203.750000	20.000000	1.011146e+03
	820	441	205.000000	20.250000	1.013134e+03
	817	442	204.250000	20.500000	1.012926e+03
	817	444	204.250000	21.000000	1.013326e+03
	997	454	249.250000	23.500000	1.007851e+03
	995	456	248.750000	24.000000	1.007911e+03
	993	459	248.250000	24.750000	1.008019e+03
	991	463	247.750000	25.750000	1.007966e+03
	996	464	249.000000	26.000000	1.007059e+03
	1000	464	250.000000	26.000000	1.006979e+03
	990	465	247.500000	26.250000	1.007946e+03
	661	469	165.250000	27.250000	1.012694e+03
	981	469	245.250000	27.250000	1.009799e+03
	921	470	230.250000	27.500000	1.014396e+03
	995	470	248.750000	27.500000	1.007119e+03
	923	471	230.750000	27.750000	1.014396e+03
	985	471	246.250000	27.750000	1.009601e+03
	925	472	231.250000	28.000000	1.014419e+03
	909	473	227.250000	28.250000	1.015349e+03
	984	473	246.000000	28.250000	1.009716e+03
	927	474	231.750000	28.500000	1.014464e+03
	982	475	245.500000	28.750000	1.009724e+03
	914	476	228.500000	29.000000	1.015111e+03
	914	477	228.500000	29.250000	1.015111e+03
	929	477	232.250000	29.250000	1.014514e+03
	980	477	245.000000	29.250000	1.009694e+03
	989	478	247.250000	29.500000	1.007926e+03
	835	480	208.750000	30.000000	1.018544e+03
	984	480	246.000000	30.000000	1.008406e+03
	976	482	244.000000	30.500000	1.010046e+03
	983	482	245.750000	30.500000	1.008389e+03
	986	482	246.500000	30.500000	1.008434e+03
	975	484	243.750000	31.000000	1.010061e+03
	744	485	186.000000	31.250000	1.019286e+03
	980	487	245.000000	31.750000	1.008354e+03
	1000	487	250.000000	31.750000	1.014254e+03
	971	488	242.750000	32.000000	1.010651e+03
	979	489	244.750000	32.250000	1.008344e+03
	968	491	242.000000	32.750000	1.010709e+03
	978	491	244.500000	32.750000	1.008369e+03
	985	491	246.250000	32.750000	1.008826e+03
	988	492	247.000000	33.000000	1.009136e+03
	969	493	242.250000	33.250000	1.010606e+03
	981	494	245.250000	33.500000	1.008866e+03
	985	494	246.250000	33.500000	1.009551e+03
	967	495	241.750000	33.750000	1.010626e+03
	941	496	235.250000	34.000000	1.014484e+03
	962	497	240.500000	34.250000	1.010169e+03
	1000	498	250.000000	34.500000	1.015171e+03
	971	499	242.750000	34.750000	1.011551e+03
	976	500	244.000000	35.000000	1.010474e+03
	996	500	249.000000	35.000000	1.014561e+03
	964	501	241.000000	35.250000	1.013476e+03
	995	502	248.750000	35.500000	1.014684e+03
	975	503	243.750000	35.750000	1.010219e+03
	670	505	167.500000	36.250000	1.001929e+03
	920	505	230.000000	36.250000	1.010199e+03
	960	505	240.000000	36.250000	1.013756e+03
	982	505	245.500000	36.250000	1.010281e+03
	994	505	248.500000	36.250000	1.014919e+03
	997	505	249.250000	36.250000	1.014959e+03
	948	506	237.000000	36.500000	1.015479e+03
	972	506	243.000000	36.500000	1.009689e+03
	945	507	236.250000	36.750000	1.015464e+03
	948	507	237.000000	36.750000	1.015479e+03
	1000	507	250.000000	36.750000	1.014881e+03
	961	508	240.250000	37.000000	1.013331e+03
	994	508	248.500000	37.000000	1.014386e+03
	997	510	249.250000	37.500000	1.013986e+03
	676	511	169.000000	37.750000	1.001304e+03
	986	511	246.500000	37.750000	1.014521e+03
	954	512	238.500000	38.000000	1.014651e+03
	968	513	242.000000	38.250000	1.012501e+03
	1000	513	250.000000	38.250000	1.014436e+03
	977	514	244.250000	38.500000	1.013356e+03
	997	514	249.250000	38.500000	1.014831e+03
	680	515	170.000000	38.750000	1.000629e+03
	1000	515	250.000000	38.750000	1.014461e+03
	951	516	237.750000	39.000000	1.014296e+03
	956	516	239.000000	39.000000	1.014256e+03
	967	516	241.750000	39.000000	1.011329e+03
	989	516	247.250000	39.000000	1.013384e+03
	682	517	170.500000	39.250000	9.998862e+02
	948	518	237.000000	39.500000	1.014401e+03
	965	518	241.250000	39.500000	1.011879e+03
	990	518	247.500000	39.500000	1.013501e+03
	952	519	238.000000	39.750000	1.013936e+03
	942	520	235.500000	40.000000	1.015599e+03
	969	520	242.250000	40.000000	1.011334e+03
	987	520	246.750000	40.000000	1.012374e+03
	685	522	171.250000	40.500000	1.000474e+03
	972	524	243.000000	41.000000	1.012046e+03
	978	524	244.500000	41.000000	1.013059e+03
	990	524	247.500000	41.000000	1.012409e+03
	833	525	208.250000	41.250000	9.879487e+02
	999	525	249.750000	41.250000	1.017094e+03
	946	527	236.500000	41.750000	1.014174e+03
	950	527	237.500000	41.750000	1.014734e+03
	971	529	242.750000	42.250000	1.012809e+03
	949	530	237.250000	42.500000	1.014181e+03
	978	530	244.500000	42.500000	1.011506e+03
	988	530	247.000000	42.500000	1.013131e+03
	842	533	210.500000	43.250000	9.963713e+02
	950	533	237.500000	43.250000	1.014561e+03
	975	533	243.750000	43.250000	1.011701e+03
	936	536	234.000000	44.000000	1.015274e+03
	970	536	242.500000	44.000000	1.012046e+03
	990	536	247.500000	44.000000	1.015749e+03
	954	537	238.500000	44.250000	1.014379e+03
	974	537	243.500000	44.250000	1.011891e+03
	954	540	238.500000	45.000000	1.014366e+03
	992	540	248.000000	45.000000	1.016196e+03
	858	541	214.500000	45.250000	1.005719e+03
	961	542	240.250000	45.500000	1.013879e+03
	996	543	249.000000	45.750000	1.015651e+03
	959	544	239.750000	46.000000	1.013759e+03
	977	544	244.250000	46.000000	1.013529e+03
	972	545	243.000000	46.250000	1.013506e+03
	927	546	231.750000	46.500000	1.014526e+03
	969	546	242.250000	46.500000	1.013251e+03
	987	546	246.750000	46.500000	1.014731e+03
	957	547	239.250000	46.750000	1.013879e+03
	977	547	244.250000	46.750000	1.013751e+03
	874	548	218.500000	47.000000	1.010279e+03
	928	548	232.000000	47.000000	1.014501e+03
	995	549	248.750000	47.250000	1.013291e+03
	999	549	249.750000	47.250000	1.013066e+03
	946	551	236.500000	47.750000	1.015004e+03
	984	551	246.000000	47.750000	1.014714e+03
	985	551	246.250000	47.750000	1.014714e+03
	880	552	220.000000	48.000000	1.010361e+03
	990	553	247.500000	48.250000	1.013071e+03
	960	554	240.000000	48.500000	1.014421e+03
	971	554	242.750000	48.500000	1.014561e+03
	944	555	236.000000	48.750000	1.015221e+03
	952	555	238.000000	48.750000	1.015274e+03
	995	555	248.750000	48.750000	1.012996e+03
	700	556	175.000000	49.000000	9.991813e+02
	990	556	247.500000	49.000000	1.012811e+03
	948	558	237.000000	49.500000	1.015401e+03
	964	558	241.000000	49.500000	1.015246e+03
	894	559	223.500000	49.750000	1.012829e+03
	936	559	234.000000	49.750000	1.015084e+03
	945	559	236.250000	49.750000	1.015346e+03
	960	559	240.000000	49.750000	1.015291e+03
	1000	559	250.000000	49.750000	1.013226e+03
	974	560	243.500000	50.000000	1.015571e+03
	985	560	246.250000	50.000000	1.013101e+03
	933	561	233.250000	50.250000	1.014886e+03
	953	561	238.250000	50.250000	1.015204e+03
	988	562	247.000000	50.500000	1.013374e+03
	938	563	234.500000	50.750000	1.015436e+03
	972	563	243.000000	50.750000	1.016269e+03
	983	563	245.750000	50.750000	1.013166e+03
	997	563	249.250000	50.750000	1.013521e+03
	933	565	233.250000	51.250000	1.014966e+03
	970	565	242.500000	51.250000	1.016321e+03
	990	565	247.500000	51.250000	1.013341e+03
	905	566	226.250000	51.500000	1.013316e+03
	949	566	237.250000	51.500000	1.013114e+03
	964	567	241.000000	51.750000	1.016256e+03
	932	568	233.000000	52.000000	1.015026e+03
	936	568	234.000000	52.000000	1.014809e+03
	929	569	232.250000	52.250000	1.015311e+03
	989	569	247.250000	52.250000	1.012871e+03
	936	571	234.000000	52.750000	1.014699e+03
	964	571	241.000000	52.750000	1.016036e+03
	933	572	233.250000	53.000000	1.014384e+03
	974	572	243.500000	53.000000	1.012271e+03
	984	572	246.000000	53.000000	1.012641e+03
	977	573	244.250000	53.250000	1.012444e+03
	990	574	247.500000	53.500000	1.012231e+03
	665	577	166.250000	54.250000	9.867087e+02
	990	578	247.500000	54.500000	1.011641e+03
	995	581	248.750000	55.250000	1.011964e+03
	1000	584	250.000000	56.000000	1.011979e+03
	993	587	248.250000	56.750000	1.010499e+03
	938	590	234.500000	57.500000	1.009069e+03
	822	592	205.500000	58.000000	1.007066e+03
	894	595	223.500000	58.750000	1.005669e+03
	858	597	214.500000	59.250000	9.909587e+02
	841	599	210.250000	59.750000	9.969888e+02
	922	600	230.500000	60.000000	9.995988e+02
