2015	9	29	245	18
	693	420	173.250000	15.000000	1.007381e+03
	730	420	182.500000	15.000000	1.010166e+03
	731	420	182.750000	15.000000	1.010166e+03
	739	420	184.750000	15.000000	1.010046e+03
	824	420	206.000000	15.000000	1.011298e+03
	962	420	240.500000	15.000000	1.009541e+03
	685	421	171.250000	15.250000	1.007216e+03
	756	421	189.000000	15.250000	1.010183e+03
	779	421	194.750000	15.250000	1.010323e+03
	878	421	219.500000	15.250000	1.010706e+03
	964	421	241.000000	15.250000	1.009558e+03
	992	421	248.000000	15.250000	1.009116e+03
	704	422	176.000000	15.500000	1.008528e+03
	722	422	180.500000	15.500000	1.010296e+03
	871	422	217.750000	15.500000	1.010898e+03
	989	422	247.250000	15.500000	1.009113e+03
	726	424	181.500000	16.000000	1.010338e+03
	753	424	188.250000	16.000000	1.010323e+03
	976	424	244.000000	16.000000	1.009571e+03
	677	425	169.250000	16.250000	1.007081e+03
	737	425	184.250000	16.250000	1.010016e+03
	750	425	187.500000	16.250000	1.010396e+03
	737	426	184.250000	16.500000	1.010016e+03
	730	428	182.500000	17.000000	1.009561e+03
	720	430	180.000000	17.500000	1.010401e+03
	788	434	197.000000	18.500000	1.012036e+03
	715	435	178.750000	18.750000	1.010203e+03
	785	435	196.250000	18.750000	1.012041e+03
	815	436	203.750000	19.000000	1.012588e+03
	713	437	178.250000	19.250000	1.010151e+03
	812	437	203.000000	19.250000	1.012553e+03
	883	437	220.750000	19.250000	1.012096e+03
	664	438	166.000000	19.500000	1.009198e+03
	665	438	166.250000	19.500000	1.009198e+03
	814	438	203.500000	19.500000	1.012418e+03
	884	439	221.000000	19.750000	1.012143e+03
	815	440	203.750000	20.000000	1.012586e+03
	821	440	205.250000	20.000000	1.014443e+03
	885	441	221.250000	20.250000	1.012148e+03
	817	442	204.250000	20.500000	1.014071e+03
	889	449	222.250000	22.250000	1.012913e+03
	999	452	249.750000	23.000000	1.008501e+03
	898	455	224.500000	23.750000	1.014071e+03
	997	455	249.250000	23.750000	1.008491e+03
	994	459	248.500000	24.750000	1.008573e+03
	912	464	228.000000	26.000000	1.014943e+03
	991	464	247.750000	26.000000	1.008703e+03
	988	467	247.000000	26.750000	1.009428e+03
	899	468	224.750000	27.000000	1.015763e+03
	919	468	229.750000	27.000000	1.015121e+03
	1000	469	250.000000	27.250000	1.007516e+03
	901	470	225.250000	27.500000	1.015741e+03
	921	470	230.250000	27.500000	1.015171e+03
	985	471	246.250000	27.750000	1.010256e+03
	924	472	231.000000	28.000000	1.015163e+03
	990	472	247.500000	28.000000	1.009186e+03
	906	473	226.500000	28.250000	1.015623e+03
	994	473	248.500000	28.250000	1.008688e+03
	925	474	231.250000	28.500000	1.015161e+03
	983	475	245.750000	28.750000	1.010963e+03
	988	475	247.000000	28.750000	1.009296e+03
	980	477	245.000000	29.250000	1.010871e+03
	928	478	232.000000	29.500000	1.015201e+03
	990	478	247.500000	29.500000	1.009148e+03
	923	479	230.750000	29.750000	1.015133e+03
	988	479	247.000000	29.750000	1.009296e+03
	930	481	232.500000	30.250000	1.015226e+03
	976	482	244.000000	30.500000	1.011556e+03
	982	482	245.500000	30.500000	1.009151e+03
	930	483	232.500000	30.750000	1.015238e+03
	988	483	247.000000	30.750000	1.009256e+03
	975	484	243.750000	31.000000	1.011711e+03
	987	485	246.750000	31.250000	1.009323e+03
	984	486	246.000000	31.500000	1.009488e+03
	979	488	244.750000	32.000000	1.009071e+03
	999	488	249.750000	32.000000	1.013608e+03
	978	491	244.500000	32.750000	1.009161e+03
	985	491	246.250000	32.750000	1.009448e+03
	972	492	243.000000	33.000000	1.012728e+03
	988	492	247.000000	33.000000	1.009741e+03
	998	493	249.500000	33.250000	1.012601e+03
	985	494	246.250000	33.500000	1.010333e+03
	991	494	247.750000	33.500000	1.010391e+03
	982	495	245.500000	33.750000	1.009588e+03
	967	496	241.750000	34.000000	1.012773e+03
	970	496	242.500000	34.000000	1.012801e+03
	726	497	181.500000	34.250000	1.017328e+03
	909	497	227.250000	34.250000	1.010668e+03
	962	497	240.500000	34.250000	1.013021e+03
	660	499	165.000000	34.750000	1.011481e+03
	740	499	185.000000	34.750000	1.016456e+03
	942	499	235.500000	34.750000	1.016328e+03
	943	499	235.750000	34.750000	1.016328e+03
	947	499	236.750000	34.750000	1.016363e+03
	840	500	210.000000	35.000000	1.021436e+03
	968	500	242.000000	35.000000	1.012538e+03
	976	500	244.000000	35.000000	1.011393e+03
	746	501	186.500000	35.250000	1.016113e+03
	963	501	240.750000	35.250000	1.013568e+03
	995	502	248.750000	35.500000	1.013536e+03
	845	503	211.250000	35.750000	1.021383e+03
	975	503	243.750000	35.750000	1.011123e+03
	981	503	245.250000	35.750000	1.011156e+03
	998	503	249.500000	35.750000	1.014171e+03
	669	504	167.250000	36.000000	1.011271e+03
	845	504	211.250000	36.000000	1.021383e+03
	991	504	247.750000	36.000000	1.014628e+03
	665	505	166.250000	36.250000	1.010971e+03
	960	505	240.000000	36.250000	1.013633e+03
	982	505	245.500000	36.250000	1.010916e+03
	994	505	248.500000	36.250000	1.013876e+03
	848	506	212.000000	36.500000	1.021376e+03
	972	506	243.000000	36.500000	1.010888e+03
	994	508	248.500000	37.000000	1.013156e+03
	1000	508	250.000000	37.000000	1.013218e+03
	968	509	242.000000	37.250000	1.013438e+03
	976	510	244.000000	37.500000	1.013681e+03
	997	510	249.250000	37.500000	1.013008e+03
	986	511	246.500000	37.750000	1.014186e+03
	968	512	242.000000	38.000000	1.012853e+03
	776	513	194.000000	38.250000	1.007438e+03
	777	513	194.250000	38.250000	1.007438e+03
	958	513	239.500000	38.250000	1.015063e+03
	997	513	249.250000	38.250000	1.013663e+03
	785	514	196.250000	38.500000	1.008738e+03
	788	514	197.000000	38.500000	1.008721e+03
	967	515	241.750000	38.750000	1.013273e+03
	1000	515	250.000000	38.750000	1.013543e+03
	989	516	247.250000	39.000000	1.012711e+03
	924	517	231.000000	39.250000	1.015266e+03
	972	517	243.000000	39.250000	1.013708e+03
	985	517	246.250000	39.250000	1.013768e+03
	797	518	199.250000	39.500000	1.007393e+03
	948	519	237.000000	39.750000	1.013791e+03
	952	519	238.000000	39.750000	1.013571e+03
	957	520	239.250000	40.000000	1.014401e+03
	958	520	239.500000	40.000000	1.014401e+03
	969	520	242.250000	40.000000	1.013228e+03
	988	520	247.000000	40.000000	1.013673e+03
	992	520	248.000000	40.000000	1.013501e+03
	966	521	241.500000	40.250000	1.013408e+03
	951	522	237.750000	40.500000	1.013483e+03
	962	522	240.500000	40.500000	1.013908e+03
	992	522	248.000000	40.500000	1.013553e+03
	812	523	203.000000	40.750000	1.010591e+03
	955	524	238.750000	41.000000	1.013646e+03
	972	524	243.000000	41.000000	1.013513e+03
	978	524	244.500000	41.000000	1.014108e+03
	969	525	242.250000	41.250000	1.013463e+03
	985	525	246.250000	41.250000	1.013978e+03
	995	525	248.750000	41.250000	1.014636e+03
	820	526	205.000000	41.500000	1.011781e+03
	823	527	205.750000	41.750000	1.011793e+03
	947	527	236.750000	41.750000	1.012698e+03
	950	527	237.500000	41.750000	1.012886e+03
	988	527	247.000000	41.750000	1.014071e+03
	992	527	248.000000	41.750000	1.013951e+03
	973	528	243.250000	42.000000	1.013383e+03
	966	529	241.500000	42.250000	1.013518e+03
	970	529	242.500000	42.250000	1.013436e+03
	949	530	237.250000	42.500000	1.012208e+03
	959	530	239.750000	42.500000	1.013601e+03
	963	530	240.750000	42.500000	1.013633e+03
	969	530	242.250000	42.500000	1.013436e+03
	832	531	208.000000	42.750000	1.012361e+03
	977	531	244.250000	42.750000	1.013323e+03
	980	531	245.000000	42.750000	1.013388e+03
	999	531	249.750000	42.750000	1.016361e+03
	990	532	247.500000	43.000000	1.014308e+03
	950	533	237.500000	43.250000	1.012551e+03
	966	533	241.500000	43.250000	1.014023e+03
	974	534	243.500000	43.500000	1.013541e+03
	951	535	237.750000	43.750000	1.012631e+03
	968	535	242.000000	43.750000	1.013978e+03
	997	535	249.250000	43.750000	1.015906e+03
	840	536	210.000000	44.000000	1.012186e+03
	971	536	242.750000	44.000000	1.013873e+03
	951	537	237.750000	44.250000	1.012666e+03
	959	538	239.750000	44.500000	1.013813e+03
	965	539	241.250000	44.750000	1.013293e+03
	972	539	243.000000	44.750000	1.013951e+03
	846	540	211.500000	45.000000	1.011793e+03
	951	541	237.750000	45.250000	1.012906e+03
	969	542	242.250000	45.500000	1.013443e+03
	974	542	243.500000	45.500000	1.013693e+03
	939	543	234.750000	45.750000	1.012956e+03
	945	544	236.250000	46.000000	1.013053e+03
	949	544	237.250000	46.000000	1.013363e+03
	955	544	238.750000	46.000000	1.014841e+03
	977	544	244.250000	46.000000	1.013946e+03
	993	544	248.250000	46.000000	1.014746e+03
	943	546	235.750000	46.500000	1.013038e+03
	951	546	237.750000	46.500000	1.013291e+03
	969	546	242.250000	46.500000	1.014521e+03
	984	546	246.000000	46.500000	1.014646e+03
	989	546	247.250000	46.500000	1.014721e+03
	952	548	238.000000	47.000000	1.013426e+03
	973	548	243.250000	47.000000	1.014513e+03
	999	549	249.750000	47.250000	1.012428e+03
	983	550	245.750000	47.500000	1.015223e+03
	944	551	236.000000	47.750000	1.013381e+03
	953	551	238.250000	47.750000	1.013758e+03
	952	553	238.000000	48.250000	1.013778e+03
	990	553	247.500000	48.250000	1.012073e+03
	965	554	241.250000	48.500000	1.015618e+03
	971	554	242.750000	48.500000	1.015618e+03
	933	555	233.250000	48.750000	1.014073e+03
	938	556	234.500000	49.000000	1.014008e+03
	952	556	238.000000	49.000000	1.013883e+03
	949	557	237.250000	49.250000	1.014081e+03
	977	557	244.250000	49.250000	1.015746e+03
	964	558	241.000000	49.500000	1.015693e+03
	990	558	247.500000	49.500000	1.011841e+03
	932	559	233.000000	49.750000	1.014053e+03
	1000	560	250.000000	50.000000	1.011968e+03
	942	561	235.500000	50.250000	1.014571e+03
	975	561	243.750000	50.250000	1.014966e+03
	982	563	245.500000	50.750000	1.011451e+03
	935	565	233.750000	51.250000	1.014533e+03
	946	566	236.500000	51.500000	1.013773e+03
	969	566	242.250000	51.500000	1.016848e+03
	934	567	233.500000	51.750000	1.014633e+03
	980	567	245.000000	51.750000	1.011511e+03
	963	568	240.750000	52.000000	1.017746e+03
	987	569	246.750000	52.250000	1.011948e+03
	988	569	247.000000	52.250000	1.011948e+03
	942	572	235.500000	53.000000	1.013496e+03
	956	574	239.000000	53.500000	1.014993e+03
	943	575	235.750000	53.750000	1.013531e+03
	931	576	232.750000	54.000000	1.015076e+03
	929	582	232.250000	55.500000	1.015053e+03
	945	582	236.250000	55.500000	1.012581e+03
	964	584	241.000000	56.000000	1.008321e+03
	943	587	235.750000	56.750000	1.012248e+03
	938	589	234.500000	57.250000	1.012246e+03
	822	592	205.500000	58.000000	9.858756e+02
	977	592	244.250000	58.000000	1.006621e+03
	990	592	247.500000	58.000000	1.006496e+03
	962	593	240.500000	58.250000	1.004838e+03
	687	594	171.750000	58.500000	1.013901e+03
	947	595	236.750000	58.750000	1.003976e+03
	717	598	179.250000	59.500000	1.011903e+03
	887	598	221.750000	59.500000	9.955881e+02
	841	599	210.250000	59.750000	9.743481e+02
	979	599	244.750000	59.750000	1.004531e+03
