2015	9	7	245	12
	707	420	176.750000	15.000000	1.009331e+03
	723	420	180.750000	15.000000	1.009736e+03
	726	421	181.500000	15.250000	1.009686e+03
	751	421	187.750000	15.250000	1.009091e+03
	817	422	204.250000	15.500000	1.010956e+03
	732	423	183.000000	15.750000	1.009524e+03
	821	423	205.250000	15.750000	1.011009e+03
	704	424	176.000000	16.000000	1.009311e+03
	713	424	178.250000	16.000000	1.009556e+03
	759	425	189.750000	16.250000	1.008991e+03
	764	425	191.000000	16.250000	1.009054e+03
	806	425	201.500000	16.250000	1.010716e+03
	810	426	202.500000	16.500000	1.010769e+03
	829	426	207.250000	16.500000	1.011129e+03
	836	426	209.000000	16.500000	1.011126e+03
	827	427	206.750000	16.750000	1.011129e+03
	705	428	176.250000	17.000000	1.009356e+03
	963	428	240.750000	17.000000	1.006646e+03
	705	429	176.250000	17.250000	1.009356e+03
	995	429	248.750000	17.250000	9.984062e+02
	692	430	173.000000	17.500000	1.009679e+03
	719	430	179.750000	17.500000	1.009826e+03
	690	431	172.500000	17.750000	1.009684e+03
	721	431	180.250000	17.750000	1.009814e+03
	747	431	186.750000	17.750000	1.009279e+03
	696	432	174.000000	18.000000	1.009529e+03
	743	432	185.750000	18.000000	1.009299e+03
	697	433	174.250000	18.250000	1.009529e+03
	742	433	185.500000	18.250000	1.009299e+03
	695	434	173.750000	18.500000	1.009446e+03
	706	434	176.500000	18.500000	1.009609e+03
	756	434	189.000000	18.500000	1.008841e+03
	757	434	189.250000	18.500000	1.008841e+03
	770	434	192.500000	18.500000	1.009181e+03
	713	435	178.250000	18.750000	1.009881e+03
	740	435	185.000000	18.750000	1.009351e+03
	822	435	205.500000	18.750000	1.011316e+03
	828	435	207.000000	18.750000	1.011409e+03
	820	436	205.000000	19.000000	1.011414e+03
	830	436	207.500000	19.000000	1.011426e+03
	764	438	191.000000	19.500000	1.008994e+03
	743	440	185.750000	20.000000	1.009499e+03
	815	440	203.750000	20.000000	1.011604e+03
	746	441	186.500000	20.250000	1.009499e+03
	820	441	205.000000	20.250000	1.011509e+03
	808	442	202.000000	20.500000	1.011416e+03
	818	442	204.500000	20.500000	1.011539e+03
	786	443	196.500000	20.750000	1.010401e+03
	808	443	202.000000	20.750000	1.011416e+03
	821	443	205.250000	20.750000	1.011641e+03
	817	444	204.250000	21.000000	1.011656e+03
	767	445	191.750000	21.250000	1.009481e+03
	806	445	201.500000	21.250000	1.011444e+03
	814	445	203.500000	21.250000	1.011694e+03
	753	446	188.250000	21.500000	1.009336e+03
	769	446	192.250000	21.500000	1.009451e+03
	811	446	202.750000	21.500000	1.011606e+03
	800	447	200.000000	21.750000	1.011604e+03
	764	450	191.000000	22.500000	1.009694e+03
	801	450	200.250000	22.500000	1.011484e+03
	762	452	190.500000	23.000000	1.009689e+03
	998	453	249.500000	23.250000	1.008029e+03
	997	455	249.250000	23.750000	1.007959e+03
	1000	458	250.000000	24.500000	1.008051e+03
	999	461	249.750000	25.250000	1.008151e+03
	991	463	247.750000	25.750000	1.008691e+03
	996	464	249.000000	26.000000	1.008049e+03
	840	465	210.000000	26.250000	9.932637e+02
	989	465	247.250000	26.250000	1.008809e+03
	987	466	246.750000	26.500000	1.009039e+03
	984	467	246.000000	26.750000	1.009181e+03
	982	468	245.500000	27.000000	1.009341e+03
	999	468	249.750000	27.000000	1.008074e+03
	1000	468	250.000000	27.000000	1.008074e+03
	999	469	249.750000	27.250000	1.008074e+03
	1000	469	250.000000	27.250000	1.008074e+03
	992	470	248.000000	27.500000	1.008306e+03
	985	471	246.250000	27.750000	1.009411e+03
	990	472	247.500000	28.000000	1.008314e+03
	983	473	245.750000	28.250000	1.009596e+03
	991	474	247.750000	28.500000	1.008414e+03
	982	475	245.500000	28.750000	1.009536e+03
	988	475	247.000000	28.750000	1.008529e+03
	980	477	245.000000	29.250000	1.009474e+03
	977	478	244.250000	29.500000	1.009736e+03
	988	479	247.000000	29.750000	1.008606e+03
	984	480	246.000000	30.000000	1.008246e+03
	975	482	243.750000	30.500000	1.010019e+03
	983	482	245.750000	30.500000	1.008051e+03
	968	484	242.000000	31.000000	1.010714e+03
	981	486	245.250000	31.500000	1.008094e+03
	972	487	243.000000	31.750000	1.010454e+03
	981	487	245.250000	31.750000	1.008094e+03
	979	489	244.750000	32.250000	1.008146e+03
	985	491	246.250000	32.750000	1.008249e+03
	970	492	242.500000	33.000000	1.010821e+03
	977	492	244.250000	33.000000	1.008089e+03
	988	492	247.000000	33.000000	1.008461e+03
	961	494	240.250000	33.500000	1.011091e+03
	981	494	245.250000	33.500000	1.008596e+03
	991	494	247.750000	33.500000	1.008954e+03
	967	495	241.750000	33.750000	1.011049e+03
	962	496	240.500000	34.000000	1.010976e+03
	979	497	244.750000	34.250000	1.009211e+03
	969	500	242.250000	35.000000	1.012059e+03
	976	500	244.000000	35.000000	1.010341e+03
	997	500	249.250000	35.000000	1.015536e+03
	956	501	239.000000	35.250000	1.011439e+03
	964	501	241.000000	35.250000	1.012099e+03
	970	502	242.500000	35.500000	1.011966e+03
	996	502	249.000000	35.500000	1.015611e+03
	975	503	243.750000	35.750000	1.010331e+03
	963	504	240.750000	36.000000	1.012004e+03
	995	504	248.750000	36.000000	1.015634e+03
	960	505	240.000000	36.250000	1.012419e+03
	982	505	245.500000	36.250000	1.010441e+03
	972	506	243.000000	36.500000	1.010491e+03
	953	507	238.250000	36.750000	1.012574e+03
	962	507	240.500000	36.750000	1.012281e+03
	995	508	248.750000	37.000000	1.015394e+03
	1000	508	250.000000	37.000000	1.015026e+03
	952	510	238.000000	37.500000	1.012474e+03
	958	510	239.500000	37.500000	1.012599e+03
	997	510	249.250000	37.500000	1.014221e+03
	986	511	246.500000	37.750000	1.015819e+03
	953	512	238.250000	38.000000	1.012536e+03
	956	512	239.000000	38.000000	1.012559e+03
	947	514	236.750000	38.500000	1.011791e+03
	982	514	245.500000	38.500000	1.016204e+03
	997	514	249.250000	38.500000	1.014249e+03
	989	515	247.250000	38.750000	1.015136e+03
	1000	515	250.000000	38.750000	1.013801e+03
	967	516	241.750000	39.000000	1.016769e+03
	992	517	248.000000	39.250000	1.016006e+03
	952	518	238.000000	39.500000	1.012739e+03
	966	519	241.500000	39.750000	1.016929e+03
	967	519	241.750000	39.750000	1.016929e+03
	961	521	240.250000	40.250000	1.017226e+03
	737	524	184.250000	41.000000	1.021991e+03
	965	524	241.250000	41.000000	1.018071e+03
	985	524	246.250000	41.000000	1.017491e+03
	995	524	248.750000	41.000000	1.017096e+03
	944	525	236.000000	41.250000	1.015954e+03
	991	525	247.750000	41.250000	1.016599e+03
	739	526	184.750000	41.500000	1.021976e+03
	742	528	185.500000	42.000000	1.021929e+03
	745	530	186.250000	42.500000	1.021849e+03
	969	530	242.250000	42.500000	1.018566e+03
	977	531	244.250000	42.750000	1.017609e+03
	984	532	246.000000	43.000000	1.018231e+03
	996	532	249.000000	43.000000	1.018471e+03
	988	534	247.000000	43.500000	1.018091e+03
	997	535	249.250000	43.750000	1.018689e+03
	956	536	239.000000	44.000000	1.020996e+03
	975	536	243.750000	44.000000	1.018024e+03
	999	538	249.750000	44.500000	1.018929e+03
	984	539	246.000000	44.750000	1.019944e+03
	993	543	248.250000	45.750000	1.018136e+03
	937	544	234.250000	46.000000	1.022004e+03
	802	547	200.500000	46.750000	1.000901e+03
	803	547	200.750000	46.750000	1.000901e+03
	987	547	246.750000	46.750000	1.020106e+03
	962	548	240.500000	47.000000	1.018711e+03
	950	550	237.500000	47.500000	1.020931e+03
	991	552	247.750000	48.000000	1.016484e+03
	995	552	248.750000	48.000000	1.016401e+03
	996	552	249.000000	48.000000	1.016401e+03
	974	553	243.500000	48.250000	1.020281e+03
	983	553	245.750000	48.250000	1.019671e+03
	947	554	236.750000	48.500000	1.020886e+03
	978	554	244.500000	48.500000	1.020271e+03
	998	555	249.500000	48.750000	1.016009e+03
	946	556	236.500000	49.000000	1.020754e+03
	974	557	243.500000	49.250000	1.020046e+03
	979	557	244.750000	49.250000	1.019571e+03
	996	557	249.000000	49.250000	1.016196e+03
	942	558	235.500000	49.500000	1.020794e+03
	970	558	242.500000	49.500000	1.020294e+03
	991	560	247.750000	50.000000	1.015901e+03
	858	561	214.500000	50.250000	1.017324e+03
	975	562	243.750000	50.500000	1.019674e+03
	955	563	238.750000	50.750000	1.017536e+03
	982	563	245.500000	50.750000	1.014541e+03
	952	564	238.000000	51.000000	1.017791e+03
	965	564	241.250000	51.000000	1.017091e+03
	845	565	211.250000	51.250000	1.017516e+03
	904	567	226.000000	51.750000	1.015526e+03
	980	567	245.000000	51.750000	1.015011e+03
	877	569	219.250000	52.250000	1.015301e+03
	897	569	224.250000	52.250000	1.015409e+03
	884	570	221.000000	52.500000	1.015181e+03
	966	570	241.500000	52.500000	1.016249e+03
	951	571	237.750000	52.750000	1.017954e+03
	956	571	239.000000	52.750000	1.018064e+03
	779	572	194.750000	53.000000	1.017361e+03
	949	573	237.250000	53.250000	1.017816e+03
	972	573	243.000000	53.250000	1.013359e+03
	925	578	231.250000	54.500000	1.018626e+03
	808	579	202.000000	54.750000	1.015981e+03
	947	581	236.750000	55.250000	1.015831e+03
	805	582	201.250000	55.500000	1.016004e+03
	680	583	170.000000	55.750000	1.001101e+03
	979	583	244.750000	55.750000	1.013096e+03
	924	584	231.000000	56.000000	1.017701e+03
	973	584	243.250000	56.000000	1.012769e+03
	987	585	246.750000	56.250000	1.012604e+03
	953	586	238.250000	56.500000	1.012656e+03
	991	586	247.750000	56.500000	1.012676e+03
	913	587	228.250000	56.750000	1.016671e+03
	925	588	231.250000	57.000000	1.017329e+03
	964	588	241.000000	57.000000	1.011851e+03
	976	588	244.000000	57.000000	1.012761e+03
	831	589	207.750000	57.250000	1.013504e+03
	735	590	183.750000	57.500000	1.009521e+03
	736	590	184.000000	57.500000	1.009521e+03
	938	590	234.500000	57.500000	1.015016e+03
	968	590	242.000000	57.500000	1.011834e+03
	717	591	179.250000	57.750000	1.010369e+03
	822	592	205.500000	58.000000	1.013531e+03
	878	592	219.500000	58.000000	1.009556e+03
	916	592	229.000000	58.000000	1.015666e+03
	926	592	231.500000	58.000000	1.015406e+03
	962	592	240.500000	58.000000	1.011574e+03
	871	593	217.750000	58.250000	1.009901e+03
	872	593	218.000000	58.250000	1.009901e+03
	934	593	233.500000	58.250000	1.014889e+03
	826	594	206.500000	58.500000	1.013249e+03
	864	594	216.000000	58.500000	1.010099e+03
	854	595	213.500000	58.750000	1.009571e+03
	888	595	222.000000	58.750000	1.011341e+03
	918	595	229.500000	58.750000	1.015589e+03
	956	595	239.000000	58.750000	1.012316e+03
	806	596	201.500000	59.000000	1.014039e+03
	940	596	235.000000	59.000000	1.014461e+03
	971	596	242.750000	59.000000	1.013446e+03
	975	597	243.750000	59.250000	1.013229e+03
	820	599	205.000000	59.750000	1.013404e+03
	828	599	207.000000	59.750000	1.012759e+03
	879	599	219.750000	59.750000	1.011279e+03
	928	599	232.000000	59.750000	1.014011e+03
	932	599	233.000000	59.750000	1.013986e+03
	979	599	244.750000	59.750000	1.013401e+03
	909	600	227.250000	60.000000	1.014964e+03
	924	600	231.000000	60.000000	1.014111e+03
	971	600	242.750000	60.000000	1.013309e+03
