2015	2	1	149	3
	676	420	169.000000	15.000000	1.007592e+03
	678	422	169.500000	15.500000	1.007609e+03
	679	423	169.750000	15.750000	1.007609e+03
	987	423	246.750000	15.750000	1.011904e+03
	995	427	248.750000	16.750000	1.011989e+03
	997	428	249.250000	17.000000	1.012029e+03
	663	434	165.750000	18.500000	1.007637e+03
	822	435	205.500000	18.750000	1.013914e+03
	685	436	171.250000	19.000000	1.008092e+03
	820	436	205.000000	19.000000	1.014007e+03
	667	439	166.750000	19.750000	1.007537e+03
	815	440	203.750000	20.000000	1.014134e+03
	820	441	205.000000	20.250000	1.014419e+03
	821	443	205.250000	20.750000	1.014619e+03
	998	443	249.500000	20.750000	1.012867e+03
	814	444	203.500000	21.000000	1.014749e+03
	994	444	248.500000	21.000000	1.012967e+03
	688	450	172.000000	22.500000	1.006039e+03
	720	452	180.000000	23.000000	1.012024e+03
	828	452	207.000000	23.000000	1.015454e+03
	798	453	199.500000	23.250000	1.015527e+03
	811	454	202.750000	23.500000	1.015567e+03
	718	455	179.500000	23.750000	1.012182e+03
	809	458	202.250000	24.500000	1.015374e+03
	788	460	197.000000	25.000000	1.015812e+03
	775	461	193.750000	25.250000	1.015842e+03
	832	461	208.000000	25.250000	1.015699e+03
	778	462	194.500000	25.500000	1.015819e+03
	991	462	247.750000	25.500000	1.012592e+03
	782	463	195.500000	25.750000	1.015822e+03
	757	464	189.250000	26.000000	1.016022e+03
	990	464	247.500000	26.000000	1.012547e+03
	999	464	249.750000	26.000000	1.011669e+03
	988	465	247.000000	26.250000	1.012542e+03
	999	465	249.750000	26.250000	1.011669e+03
	981	469	245.250000	27.250000	1.012969e+03
	742	470	185.500000	27.500000	1.016319e+03
	992	471	248.000000	27.750000	1.011947e+03
	984	472	246.000000	28.000000	1.012867e+03
	682	473	170.500000	28.250000	1.003807e+03
	911	476	227.750000	29.000000	1.022287e+03
	980	477	245.000000	29.250000	1.012582e+03
	975	482	243.750000	30.500000	1.013034e+03
	988	483	247.000000	30.750000	1.012069e+03
	974	484	243.500000	31.000000	1.013104e+03
	982	484	245.500000	31.000000	1.012479e+03
	674	487	168.500000	31.750000	1.005662e+03
	992	487	248.000000	31.750000	1.012372e+03
	996	488	249.000000	32.000000	1.012397e+03
	974	489	243.500000	32.250000	1.013627e+03
	982	490	245.500000	32.500000	1.012294e+03
	970	492	242.500000	33.000000	1.013339e+03
	977	494	244.250000	33.500000	1.012544e+03
	988	494	247.000000	33.500000	1.012369e+03
	971	495	242.750000	33.750000	1.013179e+03
	982	495	245.500000	33.750000	1.012122e+03
	966	496	241.500000	34.000000	1.013444e+03
	998	496	249.500000	34.000000	1.012517e+03
	963	497	240.750000	34.250000	1.013664e+03
	984	497	246.000000	34.250000	1.011917e+03
	992	498	248.000000	34.500000	1.011824e+03
	958	499	239.500000	34.750000	1.014332e+03
	991	499	247.750000	34.750000	1.011824e+03
	992	499	248.000000	34.750000	1.011824e+03
	963	500	240.750000	35.000000	1.015332e+03
	969	500	242.250000	35.000000	1.014602e+03
	987	500	246.750000	35.000000	1.012214e+03
	975	503	243.750000	35.750000	1.013599e+03
	960	504	240.000000	36.000000	1.015724e+03
	963	504	240.750000	36.000000	1.015829e+03
	966	504	241.500000	36.000000	1.015542e+03
	975	504	243.750000	36.000000	1.013599e+03
	982	505	245.500000	36.250000	1.013617e+03
	978	508	244.500000	37.000000	1.014887e+03
	957	509	239.250000	37.250000	1.015657e+03
	961	510	240.250000	37.500000	1.015474e+03
	993	510	248.250000	37.500000	1.015847e+03
	960	512	240.000000	38.000000	1.015524e+03
	948	514	237.000000	38.500000	1.015199e+03
	999	515	249.750000	38.750000	1.013412e+03
	954	517	238.500000	39.250000	1.014537e+03
	989	517	247.250000	39.250000	1.018004e+03
	984	518	246.000000	39.500000	1.018217e+03
	945	519	236.250000	39.750000	1.015619e+03
	984	521	246.000000	40.250000	1.018784e+03
	944	525	236.000000	41.250000	1.017199e+03
	972	527	243.000000	41.750000	1.021717e+03
	943	528	235.750000	42.000000	1.017264e+03
	986	530	246.500000	42.500000	1.021567e+03
	955	531	238.750000	42.750000	1.020077e+03
	969	531	242.250000	42.750000	1.021099e+03
	943	533	235.750000	43.250000	1.017184e+03
	948	534	237.000000	43.500000	1.017584e+03
	971	534	242.750000	43.500000	1.021142e+03
	981	534	245.250000	43.500000	1.019057e+03
	957	536	239.250000	44.000000	1.020442e+03
	969	536	242.250000	44.000000	1.020729e+03
	990	536	247.500000	44.000000	1.021339e+03
	989	540	247.250000	45.000000	1.022807e+03
	987	543	246.750000	45.750000	1.024689e+03
	814	544	203.500000	46.000000	9.598069e+02
	977	544	244.250000	46.000000	1.025917e+03
	984	545	246.000000	46.250000	1.024317e+03
	952	547	238.000000	46.750000	1.020164e+03
	982	548	245.500000	47.000000	1.025839e+03
	942	550	235.500000	47.500000	1.018822e+03
	953	553	238.250000	48.250000	1.021347e+03
	979	554	244.750000	48.500000	1.027037e+03
	962	556	240.500000	49.000000	1.026019e+03
	967	556	241.750000	49.000000	1.025754e+03
	974	556	243.500000	49.000000	1.026884e+03
	998	556	249.500000	49.000000	1.038104e+03
	970	557	242.500000	49.250000	1.026134e+03
	945	558	236.250000	49.500000	1.021342e+03
	941	560	235.250000	50.000000	1.021492e+03
	964	561	241.000000	50.250000	1.027202e+03
	968	561	242.000000	50.250000	1.026674e+03
	976	561	244.000000	50.250000	1.027842e+03
	960	563	240.000000	50.750000	1.027694e+03
	977	567	244.250000	51.750000	1.029552e+03
	891	568	222.750000	52.000000	1.003497e+03
	963	568	240.750000	52.000000	1.028252e+03
	974	568	243.500000	52.000000	1.029447e+03
	960	569	240.000000	52.250000	1.028274e+03
	972	570	243.000000	52.500000	1.029497e+03
	963	571	240.750000	52.750000	1.028647e+03
	969	571	242.250000	52.750000	1.029687e+03
	956	572	239.000000	53.000000	1.028682e+03
	978	580	244.500000	55.000000	1.035004e+03
	949	583	237.250000	55.750000	1.031894e+03
	981	584	245.250000	56.000000	1.036079e+03
	947	590	236.750000	57.500000	1.029502e+03
	920	591	230.000000	57.750000	1.032537e+03
	968	591	242.000000	57.750000	1.033519e+03
	978	591	244.500000	57.750000	1.034894e+03
	720	592	180.000000	58.000000	1.024004e+03
	932	592	233.000000	58.000000	1.033614e+03
	942	593	235.500000	58.250000	1.027557e+03
	988	593	247.000000	58.250000	1.036084e+03
	890	594	222.500000	58.500000	1.020227e+03
	719	595	179.750000	58.750000	1.024027e+03
	822	598	205.500000	59.500000	1.023484e+03
	921	598	230.250000	59.500000	1.034302e+03
	879	599	219.750000	59.750000	1.022502e+03
	981	599	245.250000	59.750000	1.032799e+03
	823	600	205.750000	60.000000	1.023057e+03
	838	600	209.500000	60.000000	1.023344e+03
	871	600	217.750000	60.000000	1.022617e+03
	945	600	236.250000	60.000000	1.030307e+03
