2014	12	22	161	0
	781	422	195.250000	15.500000	1.011357e+03
	990	426	247.500000	16.500000	1.012980e+03
	988	428	247.000000	17.000000	1.013090e+03
	995	428	248.750000	17.000000	1.012850e+03
	820	436	205.000000	19.000000	1.014383e+03
	802	437	200.500000	19.250000	1.013755e+03
	807	437	201.750000	19.250000	1.013840e+03
	814	438	203.500000	19.500000	1.014047e+03
	812	440	203.000000	20.000000	1.013828e+03
	810	441	202.500000	20.250000	1.013708e+03
	820	441	205.000000	20.250000	1.014773e+03
	806	442	201.500000	20.500000	1.013645e+03
	817	442	204.250000	20.500000	1.014497e+03
	811	443	202.750000	20.750000	1.013722e+03
	807	444	201.750000	21.000000	1.013595e+03
	814	444	203.500000	21.000000	1.013607e+03
	794	446	198.500000	21.500000	1.015188e+03
	811	446	202.750000	21.500000	1.013682e+03
	809	447	202.250000	21.750000	1.013600e+03
	813	447	203.250000	21.750000	1.013737e+03
	800	450	200.000000	22.500000	1.015140e+03
	801	452	200.250000	23.000000	1.015148e+03
	802	453	200.500000	23.250000	1.015148e+03
	999	453	249.750000	23.250000	1.013140e+03
	994	459	248.500000	24.750000	1.013505e+03
	810	463	202.500000	25.750000	1.015035e+03
	991	464	247.750000	26.000000	1.013927e+03
	812	465	203.000000	26.250000	1.014938e+03
	988	467	247.000000	26.750000	1.013503e+03
	980	477	245.000000	29.250000	1.015645e+03
	994	477	248.500000	29.250000	1.013258e+03
	820	478	205.000000	29.500000	1.013282e+03
	996	478	249.000000	29.500000	1.013205e+03
	997	478	249.250000	29.500000	1.013205e+03
	823	482	205.750000	30.500000	1.012995e+03
	979	483	244.750000	30.750000	1.016503e+03
	995	483	248.750000	30.750000	1.014515e+03
	977	486	244.250000	31.500000	1.016278e+03
	988	486	247.000000	31.500000	1.015205e+03
	991	487	247.750000	31.750000	1.015245e+03
	830	489	207.500000	32.250000	1.012985e+03
	973	490	243.250000	32.500000	1.016450e+03
	985	491	246.250000	32.750000	1.016285e+03
	832	492	208.000000	33.000000	1.012925e+03
	978	493	244.500000	33.250000	1.017160e+03
	972	494	243.000000	33.500000	1.016297e+03
	990	495	247.500000	33.750000	1.016528e+03
	835	496	208.750000	34.000000	1.012812e+03
	970	496	242.500000	34.000000	1.016857e+03
	962	497	240.500000	34.250000	1.016620e+03
	1000	498	250.000000	34.500000	1.013867e+03
	992	499	248.000000	34.750000	1.015172e+03
	838	500	209.500000	35.000000	1.012445e+03
	980	500	245.000000	35.000000	1.016770e+03
	996	500	249.000000	35.000000	1.013938e+03
	1000	501	250.000000	35.250000	1.014622e+03
	840	503	210.000000	35.750000	1.012345e+03
	963	505	240.750000	36.250000	1.023602e+03
	968	506	242.000000	36.500000	1.018097e+03
	844	507	211.000000	36.750000	1.012460e+03
	988	507	247.000000	36.750000	1.015562e+03
	994	507	248.500000	36.750000	1.012753e+03
	1000	507	250.000000	36.750000	1.012208e+03
	959	508	239.750000	37.000000	1.023232e+03
	841	511	210.250000	37.750000	1.012797e+03
	961	511	240.250000	37.750000	1.022260e+03
	994	511	248.500000	37.750000	1.011460e+03
	979	512	244.750000	38.000000	1.015510e+03
	996	514	249.000000	38.500000	1.009448e+03
	997	517	249.250000	39.250000	1.009445e+03
	952	518	238.000000	39.500000	1.023445e+03
	969	520	242.250000	40.000000	1.018055e+03
	950	521	237.500000	40.250000	1.023305e+03
	1000	522	250.000000	40.500000	1.004665e+03
	664	523	166.000000	40.750000	1.009198e+03
	856	523	214.000000	40.750000	1.012410e+03
	985	523	246.250000	40.750000	1.010513e+03
	989	524	247.250000	41.000000	1.010215e+03
	972	527	243.000000	41.750000	1.015323e+03
	991	527	247.750000	41.750000	1.010557e+03
	995	527	248.750000	41.750000	1.008468e+03
	667	528	166.750000	42.000000	1.009290e+03
	969	529	242.250000	42.250000	1.015790e+03
	1000	529	250.000000	42.250000	1.004247e+03
	668	530	167.000000	42.500000	1.009273e+03
	963	530	240.750000	42.500000	1.017210e+03
	953	531	238.250000	42.750000	1.020020e+03
	832	532	208.000000	43.000000	1.008950e+03
	994	533	248.500000	43.250000	1.008122e+03
	672	534	168.000000	43.500000	1.009073e+03
	972	536	243.000000	44.000000	1.018107e+03
	990	536	247.500000	44.000000	1.006525e+03
	954	537	238.500000	44.250000	1.019162e+03
	993	544	248.250000	46.000000	1.005605e+03
	949	551	237.250000	47.750000	1.015855e+03
	963	556	240.750000	49.000000	1.010438e+03
	967	556	241.750000	49.000000	1.010160e+03
	945	557	236.250000	49.250000	1.013427e+03
	992	557	248.000000	49.250000	1.000417e+03
	788	559	197.000000	49.750000	9.944600e+02
	942	559	235.500000	49.750000	1.013148e+03
	938	560	234.500000	50.000000	1.013065e+03
	941	561	235.250000	50.250000	1.013112e+03
	963	561	240.750000	50.250000	1.008938e+03
	969	561	242.250000	50.250000	1.008768e+03
	977	561	244.250000	50.250000	1.004888e+03
	986	561	246.500000	50.250000	1.000295e+03
	935	562	233.750000	50.500000	1.013455e+03
	958	562	239.500000	50.500000	1.009032e+03
	982	565	245.500000	51.250000	1.000705e+03
	948	568	237.000000	52.000000	1.005763e+03
	988	568	247.000000	52.000000	1.001898e+03
	979	569	244.750000	52.250000	1.000375e+03
	974	574	243.500000	53.500000	1.001052e+03
	978	575	244.500000	53.750000	1.001047e+03
	970	577	242.500000	54.250000	1.001312e+03
	965	579	241.250000	54.750000	1.001215e+03
	807	580	201.750000	55.000000	9.928025e+02
	939	580	234.750000	55.000000	1.002420e+03
	995	580	248.750000	55.000000	1.002570e+03
	930	581	232.500000	55.250000	1.002575e+03
	945	581	236.250000	55.250000	1.002518e+03
	958	582	239.500000	55.500000	1.000725e+03
	953	583	238.250000	55.750000	1.000835e+03
	691	584	172.750000	56.000000	1.004602e+03
	983	584	245.750000	56.000000	1.002095e+03
	949	585	237.250000	56.250000	1.000653e+03
	903	586	225.750000	56.500000	9.972475e+02
	965	586	241.250000	56.500000	1.003112e+03
	980	586	245.000000	56.500000	1.002037e+03
	898	587	224.500000	56.750000	9.978950e+02
	936	588	234.000000	57.000000	1.000505e+03
	946	589	236.500000	57.250000	9.988775e+02
	920	591	230.000000	57.750000	9.994075e+02
	944	591	236.000000	57.750000	9.989325e+02
	986	591	246.500000	57.750000	1.002270e+03
	804	592	201.000000	58.000000	9.932250e+02
	821	592	205.250000	58.000000	9.917825e+02
	822	592	205.500000	58.000000	9.917825e+02
	932	592	233.000000	58.000000	9.998300e+02
	990	592	247.500000	58.000000	1.002265e+03
	910	593	227.500000	58.250000	9.985050e+02
	942	593	235.500000	58.250000	9.981725e+02
	838	594	209.500000	58.500000	9.906900e+02
	885	594	221.250000	58.500000	9.967950e+02
	914	594	228.500000	58.500000	9.992800e+02
	901	595	225.250000	58.750000	9.983500e+02
	927	595	231.750000	58.750000	9.993300e+02
	939	595	234.750000	58.750000	9.999075e+02
	967	595	241.750000	58.750000	1.004927e+03
	892	596	223.000000	59.000000	9.979025e+02
	964	597	241.000000	59.250000	1.004552e+03
	980	597	245.000000	59.250000	1.001780e+03
	896	598	224.000000	59.500000	9.983375e+02
	919	598	229.750000	59.500000	9.988425e+02
	827	599	206.750000	59.750000	9.922275e+02
	900	599	225.000000	59.750000	9.977700e+02
	906	599	226.500000	59.750000	9.983025e+02
	937	599	234.250000	59.750000	1.002878e+03
	802	600	200.500000	60.000000	9.935025e+02
	838	600	209.500000	60.000000	9.919600e+02
