2015	8	7	195	3
	920	420	230.000000	15.000000	1.009799e+03
	916	422	229.000000	15.500000	1.009704e+03
	971	429	242.750000	17.250000	1.011599e+03
	969	431	242.250000	17.750000	1.011759e+03
	812	436	203.000000	19.000000	1.010809e+03
	815	436	203.750000	19.000000	1.010862e+03
	814	438	203.500000	19.500000	1.010817e+03
	815	440	203.750000	20.000000	1.010904e+03
	821	440	205.250000	20.000000	1.011467e+03
	810	445	202.500000	21.250000	1.010859e+03
	802	446	200.500000	21.500000	1.011709e+03
	815	448	203.750000	22.000000	1.009617e+03
	999	452	249.750000	23.000000	1.009822e+03
	997	455	249.250000	23.750000	1.009419e+03
	995	456	248.750000	24.000000	1.009447e+03
	994	459	248.500000	24.750000	1.009569e+03
	998	462	249.500000	25.500000	1.008097e+03
	991	463	247.750000	25.750000	1.009707e+03
	996	464	249.000000	26.000000	1.007937e+03
	999	464	249.750000	26.000000	1.008054e+03
	995	466	248.750000	26.500000	1.008087e+03
	665	469	166.250000	27.250000	1.016874e+03
	986	469	246.500000	27.250000	1.009514e+03
	997	470	249.250000	27.500000	1.008232e+03
	674	471	168.500000	27.750000	1.017024e+03
	990	472	247.500000	28.000000	1.007144e+03
	984	473	246.000000	28.250000	1.010274e+03
	670	474	167.500000	28.500000	1.016999e+03
	988	475	247.000000	28.750000	1.006627e+03
	677	476	169.250000	29.000000	1.016954e+03
	676	477	169.000000	29.250000	1.016954e+03
	716	477	179.000000	29.250000	1.018727e+03
	980	477	245.000000	29.250000	1.009859e+03
	999	481	249.750000	30.250000	1.012572e+03
	976	482	244.000000	30.500000	1.010439e+03
	982	483	245.500000	30.750000	1.004019e+03
	973	486	243.250000	31.500000	1.010842e+03
	982	486	245.500000	31.500000	1.004089e+03
	1000	487	250.000000	31.750000	1.011237e+03
	981	490	245.250000	32.500000	1.004417e+03
	980	491	245.000000	32.750000	1.004417e+03
	986	491	246.500000	32.750000	1.004417e+03
	971	492	242.750000	33.000000	1.009639e+03
	977	493	244.250000	33.250000	1.004877e+03
	993	493	248.250000	33.250000	1.005689e+03
	746	495	186.500000	33.750000	1.020074e+03
	971	495	242.750000	33.750000	1.009717e+03
	967	496	241.750000	34.000000	1.009504e+03
	962	497	240.500000	34.250000	1.009719e+03
	755	498	188.750000	34.500000	1.019747e+03
	969	500	242.250000	35.000000	1.007957e+03
	975	500	243.750000	35.000000	1.008409e+03
	963	502	240.750000	35.500000	1.006084e+03
	996	502	249.000000	35.500000	1.009867e+03
	758	503	189.500000	35.750000	1.019714e+03
	971	503	242.750000	35.750000	1.007429e+03
	962	504	240.500000	36.000000	1.006009e+03
	981	504	245.250000	36.000000	1.008349e+03
	956	505	239.000000	36.250000	1.008319e+03
	997	505	249.250000	36.250000	1.008602e+03
	972	506	243.000000	36.500000	1.005849e+03
	982	506	245.500000	36.500000	1.007644e+03
	958	508	239.500000	37.000000	1.006929e+03
	983	508	245.750000	37.000000	1.007972e+03
	994	508	248.500000	37.000000	1.005782e+03
	1000	508	250.000000	37.000000	1.006867e+03
	997	509	249.250000	37.250000	1.006069e+03
	981	512	245.250000	38.000000	1.008944e+03
	969	513	242.250000	38.250000	1.007754e+03
	982	514	245.500000	38.500000	1.008704e+03
	997	514	249.250000	38.500000	1.006222e+03
	1000	515	250.000000	38.750000	1.006382e+03
	966	516	241.500000	39.000000	1.007539e+03
	972	517	243.000000	39.250000	1.008494e+03
	952	518	238.000000	39.500000	1.005842e+03
	965	518	241.250000	39.500000	1.007284e+03
	986	518	246.500000	39.500000	1.004767e+03
	944	519	236.000000	39.750000	1.008562e+03
	980	519	245.000000	39.750000	1.007292e+03
	956	520	239.000000	40.000000	1.010617e+03
	987	520	246.750000	40.000000	1.004972e+03
	992	520	248.000000	40.000000	1.007604e+03
	961	521	240.250000	40.250000	1.008092e+03
	972	523	243.000000	40.750000	1.007164e+03
	776	524	194.000000	41.000000	1.021047e+03
	964	524	241.000000	41.000000	1.007467e+03
	980	524	245.000000	41.000000	1.007737e+03
	991	524	247.750000	41.000000	1.007554e+03
	771	525	192.750000	41.250000	1.021177e+03
	956	526	239.000000	41.500000	1.008169e+03
	960	526	240.000000	41.500000	1.009372e+03
	967	526	241.750000	41.500000	1.007649e+03
	982	526	245.500000	41.500000	1.007877e+03
	943	527	235.750000	41.750000	1.008834e+03
	950	527	237.500000	41.750000	1.009754e+03
	961	528	240.250000	42.000000	1.009402e+03
	786	530	196.500000	42.500000	1.021074e+03
	948	530	237.000000	42.500000	1.011249e+03
	1000	530	250.000000	42.500000	1.011334e+03
	969	531	242.250000	42.750000	1.008082e+03
	980	531	245.000000	42.750000	1.007642e+03
	957	532	239.250000	43.000000	1.010504e+03
	977	532	244.250000	43.000000	1.007792e+03
	988	532	247.000000	43.000000	1.007669e+03
	965	533	241.250000	43.250000	1.009639e+03
	687	535	171.750000	43.750000	9.986819e+02
	948	536	237.000000	44.000000	1.013412e+03
	972	536	243.000000	44.000000	1.007489e+03
	990	536	247.500000	44.000000	1.006447e+03
	955	537	238.750000	44.250000	1.011947e+03
	963	539	240.750000	44.750000	1.012674e+03
	984	539	246.000000	44.750000	1.009852e+03
	956	540	239.000000	45.000000	1.012269e+03
	991	541	247.750000	45.250000	1.008717e+03
	950	542	237.500000	45.500000	1.014592e+03
	967	542	241.750000	45.500000	1.013337e+03
	956	543	239.000000	45.750000	1.012309e+03
	973	543	243.250000	45.750000	1.012282e+03
	962	544	240.500000	46.000000	1.011549e+03
	981	544	245.250000	46.000000	1.013429e+03
	994	544	248.500000	46.000000	1.008664e+03
	976	545	244.000000	46.250000	1.012587e+03
	949	546	237.250000	46.500000	1.015747e+03
	959	546	239.750000	46.500000	1.011607e+03
	972	546	243.000000	46.500000	1.012742e+03
	984	547	246.000000	46.750000	1.011684e+03
	987	547	246.750000	46.750000	1.011512e+03
	961	548	240.250000	47.000000	1.011417e+03
	800	549	200.000000	47.250000	1.018109e+03
	950	549	237.500000	47.250000	1.015932e+03
	983	549	245.750000	47.250000	1.012232e+03
	968	551	242.000000	47.750000	1.011939e+03
	982	551	245.500000	47.750000	1.012204e+03
	1000	551	250.000000	47.750000	1.008822e+03
	790	552	197.500000	48.000000	1.018579e+03
	962	552	240.500000	48.000000	1.011169e+03
	972	553	243.000000	48.250000	1.012309e+03
	983	553	245.750000	48.250000	1.012129e+03
	950	554	237.500000	48.500000	1.016344e+03
	954	554	238.500000	48.500000	1.016402e+03
	932	555	233.000000	48.750000	1.017944e+03
	991	555	247.750000	48.750000	1.009854e+03
	948	556	237.000000	49.000000	1.016284e+03
	970	557	242.500000	49.250000	1.013102e+03
	942	558	235.500000	49.500000	1.016427e+03
	978	558	244.500000	49.500000	1.011224e+03
	987	559	246.750000	49.750000	1.009194e+03
	939	561	234.750000	50.250000	1.016344e+03
	968	561	242.000000	50.250000	1.014444e+03
	961	562	240.250000	50.500000	1.013092e+03
	955	563	238.750000	50.750000	1.011157e+03
	975	563	243.750000	50.750000	1.012402e+03
	730	565	182.500000	51.250000	1.002199e+03
	1000	567	250.000000	51.750000	1.004287e+03
	950	568	237.500000	52.000000	1.009812e+03
	946	569	236.500000	52.250000	1.010024e+03
	961	572	240.250000	53.000000	1.013799e+03
	947	575	236.750000	53.750000	1.009379e+03
	772	576	193.000000	54.000000	1.016527e+03
	986	577	246.500000	54.250000	1.007427e+03
	877	578	219.250000	54.500000	1.008522e+03
	784	579	196.000000	54.750000	1.016932e+03
	941	579	235.250000	54.750000	1.008994e+03
	879	580	219.750000	55.000000	1.008444e+03
	991	580	247.750000	55.000000	1.007257e+03
	793	581	198.250000	55.250000	1.017087e+03
	921	581	230.250000	55.250000	1.012999e+03
	966	581	241.500000	55.250000	1.008844e+03
	779	582	194.750000	55.500000	1.017697e+03
	989	583	247.250000	55.750000	1.007324e+03
	804	584	201.000000	56.000000	1.015484e+03
	953	585	238.250000	56.250000	1.007869e+03
	960	585	240.000000	56.250000	1.008102e+03
	980	585	245.000000	56.250000	1.007792e+03
	941	586	235.250000	56.500000	1.007484e+03
	940	588	235.000000	57.000000	1.007157e+03
	815	589	203.750000	57.250000	1.014094e+03
	828	589	207.000000	57.250000	1.012242e+03
	944	589	236.000000	57.250000	1.008004e+03
	938	590	234.500000	57.500000	1.007177e+03
	962	590	240.500000	57.500000	1.008314e+03
	974	590	243.500000	57.500000	1.008149e+03
	822	592	205.500000	58.000000	1.012289e+03
	890	592	222.500000	58.000000	1.010539e+03
	926	592	231.500000	58.000000	1.007867e+03
	978	592	244.500000	58.000000	1.008267e+03
	868	593	217.000000	58.250000	1.008529e+03
	886	594	221.500000	58.500000	1.010389e+03
	957	595	239.250000	58.750000	1.007007e+03
	804	599	201.000000	59.750000	1.012177e+03
	828	599	207.000000	59.750000	1.009789e+03
	943	599	235.750000	59.750000	1.004619e+03
	692	600	173.000000	60.000000	1.014384e+03
	864	600	216.000000	60.000000	1.010677e+03
	928	600	232.000000	60.000000	1.004754e+03
