2015	8	14	172	3
	836	420	209.000000	15.000000	1.010100e+03
	948	421	237.000000	15.250000	1.010565e+03
	994	421	248.500000	15.250000	1.010010e+03
	995	421	248.750000	15.250000	1.010010e+03
	817	423	204.250000	15.750000	1.007715e+03
	986	424	246.500000	16.000000	1.010275e+03
	995	433	248.750000	18.250000	1.010660e+03
	815	436	203.750000	19.000000	1.010060e+03
	810	437	202.500000	19.250000	1.010737e+03
	814	438	203.500000	19.500000	1.010273e+03
	880	438	220.000000	19.500000	1.011365e+03
	812	439	203.000000	19.750000	1.010547e+03
	815	440	203.750000	20.000000	1.010140e+03
	820	441	205.000000	20.250000	1.012555e+03
	817	444	204.250000	21.000000	1.012415e+03
	999	452	249.750000	23.000000	1.010487e+03
	997	455	249.250000	23.750000	1.010602e+03
	994	459	248.500000	24.750000	1.010310e+03
	999	459	249.750000	24.750000	1.009535e+03
	996	464	249.000000	26.000000	1.009030e+03
	989	465	247.250000	26.250000	1.010050e+03
	987	467	246.750000	26.750000	1.009662e+03
	992	470	248.000000	27.500000	1.008675e+03
	995	470	248.750000	27.500000	1.008825e+03
	999	470	249.750000	27.500000	1.009015e+03
	985	471	246.250000	27.750000	1.010562e+03
	990	472	247.500000	28.000000	1.008590e+03
	996	472	249.000000	28.000000	1.008713e+03
	989	474	247.250000	28.500000	1.008720e+03
	994	476	248.500000	29.000000	1.008210e+03
	980	477	245.000000	29.250000	1.010575e+03
	988	479	247.000000	29.750000	1.008210e+03
	984	480	246.000000	30.000000	1.007975e+03
	691	481	172.750000	30.250000	1.013855e+03
	983	482	245.750000	30.500000	1.007850e+03
	994	482	248.500000	30.500000	1.009025e+03
	975	484	243.750000	31.000000	1.011242e+03
	987	485	246.750000	31.250000	1.007883e+03
	979	489	244.750000	32.250000	1.006828e+03
	971	492	242.750000	33.000000	1.011898e+03
	977	492	244.250000	33.000000	1.006278e+03
	988	492	247.000000	33.000000	1.006475e+03
	992	493	248.000000	33.250000	1.006922e+03
	982	495	245.500000	33.750000	1.006588e+03
	967	496	241.750000	34.000000	1.010845e+03
	970	496	242.500000	34.000000	1.011660e+03
	962	497	240.500000	34.250000	1.011020e+03
	979	497	244.750000	34.250000	1.007778e+03
	975	500	243.750000	35.000000	1.007825e+03
	1000	500	250.000000	35.000000	1.012880e+03
	996	502	249.000000	35.500000	1.013222e+03
	962	503	240.500000	35.750000	1.010102e+03
	971	503	242.750000	35.750000	1.008847e+03
	975	503	243.750000	35.750000	1.007528e+03
	990	504	247.500000	36.000000	1.015532e+03
	982	505	245.500000	36.250000	1.009302e+03
	972	506	243.000000	36.500000	1.006898e+03
	988	507	247.000000	36.750000	1.014878e+03
	995	508	248.750000	37.000000	1.013900e+03
	997	510	249.250000	37.500000	1.013287e+03
	986	511	246.500000	37.750000	1.014468e+03
	944	513	236.000000	38.250000	1.016275e+03
	968	513	242.000000	38.250000	1.010782e+03
	977	514	244.250000	38.500000	1.013150e+03
	982	514	245.500000	38.500000	1.014583e+03
	939	515	234.750000	38.750000	1.016112e+03
	1000	515	250.000000	38.750000	1.012042e+03
	966	516	241.500000	39.000000	1.007943e+03
	714	517	178.500000	39.250000	1.011200e+03
	989	517	247.250000	39.250000	1.012270e+03
	952	519	238.000000	39.750000	1.010653e+03
	966	519	241.500000	39.750000	1.006532e+03
	726	520	181.500000	40.000000	1.010115e+03
	950	521	237.500000	40.250000	1.010610e+03
	981	521	245.250000	40.250000	1.012130e+03
	987	521	246.750000	40.250000	1.010590e+03
	965	524	241.250000	41.000000	1.007177e+03
	978	524	244.500000	41.000000	1.011068e+03
	990	524	247.500000	41.000000	1.011448e+03
	949	527	237.250000	41.750000	1.011385e+03
	958	527	239.500000	41.750000	1.011605e+03
	973	528	243.250000	42.000000	1.008935e+03
	760	531	190.000000	42.750000	1.019378e+03
	969	531	242.250000	42.750000	1.007062e+03
	988	532	247.000000	43.000000	1.012347e+03
	761	533	190.250000	43.250000	1.019410e+03
	964	533	241.000000	43.250000	1.006830e+03
	967	534	241.750000	43.500000	1.007057e+03
	770	535	192.500000	43.750000	1.019555e+03
	770	536	192.500000	44.000000	1.019555e+03
	957	536	239.250000	44.000000	1.007200e+03
	960	536	240.000000	44.000000	1.007307e+03
	972	536	243.000000	44.000000	1.004045e+03
	991	536	247.750000	44.000000	1.012590e+03
	962	538	240.500000	44.500000	1.006635e+03
	969	539	242.250000	44.750000	1.006900e+03
	990	541	247.500000	45.250000	1.013013e+03
	950	542	237.500000	45.500000	1.011800e+03
	982	542	245.500000	45.500000	1.012393e+03
	993	544	248.250000	46.000000	1.011268e+03
	959	546	239.750000	46.500000	1.004938e+03
	963	546	240.750000	46.500000	1.004367e+03
	972	546	243.000000	46.500000	1.005628e+03
	975	546	243.750000	46.500000	1.005653e+03
	968	547	242.000000	46.750000	1.004680e+03
	984	547	246.000000	46.750000	1.008910e+03
	950	550	237.500000	47.500000	1.011535e+03
	982	550	245.500000	47.500000	1.007730e+03
	962	552	240.500000	48.000000	1.005915e+03
	997	553	249.250000	48.250000	1.007198e+03
	811	554	202.750000	48.500000	1.023338e+03
	954	554	238.500000	48.500000	1.012388e+03
	957	555	239.250000	48.750000	1.011747e+03
	968	555	242.000000	48.750000	1.006602e+03
	947	556	236.750000	49.000000	1.010948e+03
	951	557	237.750000	49.250000	1.011503e+03
	977	558	244.250000	49.500000	1.008117e+03
	933	559	233.250000	49.750000	1.013260e+03
	950	561	237.500000	50.250000	1.011845e+03
	968	561	242.000000	50.250000	1.008210e+03
	958	563	239.500000	50.750000	1.007708e+03
	963	563	240.750000	50.750000	1.006805e+03
	975	563	243.750000	50.750000	1.010090e+03
	993	564	248.250000	51.000000	1.005193e+03
	961	565	240.250000	51.250000	1.007615e+03
	720	566	180.000000	51.500000	1.010110e+03
	738	566	184.500000	51.500000	1.007917e+03
	843	566	210.750000	51.500000	1.020023e+03
	933	566	233.250000	51.500000	1.015420e+03
	970	566	242.500000	51.500000	1.009828e+03
	990	566	247.500000	51.500000	1.005302e+03
	993	567	248.250000	51.750000	1.005420e+03
	946	568	236.500000	52.000000	1.011797e+03
	928	569	232.000000	52.250000	1.016458e+03
	996	570	249.000000	52.500000	1.005718e+03
	691	572	172.750000	53.000000	1.014287e+03
	968	572	242.000000	53.000000	1.010997e+03
	949	573	237.250000	53.250000	1.013050e+03
	925	575	231.250000	53.750000	1.017052e+03
	950	576	237.500000	54.000000	1.013013e+03
	948	579	237.000000	54.750000	1.013580e+03
	784	580	196.000000	55.000000	1.020600e+03
	947	581	236.750000	55.250000	1.013350e+03
	803	584	200.750000	56.000000	1.021143e+03
	927	586	231.750000	56.500000	1.017677e+03
	813	588	203.250000	57.000000	1.020745e+03
	939	588	234.750000	57.000000	1.015547e+03
	828	590	207.000000	57.500000	1.019073e+03
	904	591	226.000000	57.750000	1.020482e+03
	934	591	233.500000	57.750000	1.016815e+03
	820	592	205.000000	58.000000	1.019367e+03
	914	592	228.500000	58.000000	1.018895e+03
	918	593	229.500000	58.250000	1.018800e+03
	930	593	232.500000	58.250000	1.017528e+03
	994	593	248.500000	58.250000	1.005545e+03
	817	594	204.250000	58.500000	1.020530e+03
	894	594	223.500000	58.500000	1.021050e+03
	988	594	247.000000	58.500000	1.005010e+03
	824	595	206.000000	58.750000	1.019045e+03
	998	595	249.500000	58.750000	1.005640e+03
	807	598	201.750000	59.500000	1.019062e+03
	864	598	216.000000	59.500000	1.020912e+03
	873	598	218.250000	59.500000	1.021003e+03
	944	598	236.000000	59.500000	1.013550e+03
	845	599	211.250000	59.750000	1.020010e+03
	868	599	217.000000	59.750000	1.020963e+03
	897	599	224.250000	59.750000	1.018912e+03
	933	599	233.250000	59.750000	1.015122e+03
	934	599	233.500000	59.750000	1.015122e+03
	971	599	242.750000	59.750000	1.007675e+03
	928	600	232.000000	60.000000	1.015175e+03
	988	600	247.000000	60.000000	1.006372e+03
