2014	10	28	148	12
	998	420	249.500000	15.000000	1.010242e+03
	683	421	170.750000	15.250000	1.012768e+03
	667	422	166.750000	15.500000	1.012722e+03
	982	422	245.500000	15.500000	1.010750e+03
	670	423	167.500000	15.750000	1.012785e+03
	671	424	167.750000	16.000000	1.012785e+03
	679	425	169.750000	16.250000	1.012948e+03
	706	425	176.500000	16.250000	1.012065e+03
	740	435	185.000000	18.750000	1.013520e+03
	822	435	205.500000	18.750000	1.014915e+03
	738	436	184.500000	19.000000	1.013487e+03
	815	436	203.750000	19.000000	1.014617e+03
	696	438	174.000000	19.500000	1.014292e+03
	796	438	199.000000	19.500000	1.015117e+03
	814	438	203.500000	19.500000	1.014737e+03
	796	439	199.000000	19.750000	1.015117e+03
	815	440	203.750000	20.000000	1.014578e+03
	810	441	202.500000	20.250000	1.015190e+03
	813	441	203.250000	20.250000	1.015050e+03
	820	441	205.000000	20.250000	1.015568e+03
	729	442	182.250000	20.500000	1.013900e+03
	704	443	176.000000	20.750000	1.014878e+03
	821	443	205.250000	20.750000	1.015695e+03
	814	445	203.500000	21.250000	1.015787e+03
	721	446	180.250000	21.500000	1.014372e+03
	818	446	204.500000	21.500000	1.015985e+03
	808	452	202.000000	23.000000	1.016688e+03
	815	453	203.750000	23.250000	1.016722e+03
	719	458	179.750000	24.500000	1.017255e+03
	718	459	179.500000	24.750000	1.017255e+03
	992	462	248.000000	25.500000	1.012775e+03
	996	464	249.000000	26.000000	1.011590e+03
	999	464	249.750000	26.000000	1.011532e+03
	990	465	247.500000	26.250000	1.012770e+03
	981	469	245.250000	27.250000	1.013775e+03
	813	470	203.250000	27.500000	1.018615e+03
	983	473	245.750000	28.250000	1.013590e+03
	814	474	203.500000	28.500000	1.018547e+03
	991	474	247.750000	28.500000	1.012013e+03
	992	474	248.000000	28.500000	1.012013e+03
	982	475	245.500000	28.750000	1.013542e+03
	820	476	205.000000	29.000000	1.018352e+03
	822	477	205.500000	29.250000	1.018378e+03
	980	477	245.000000	29.250000	1.013455e+03
	826	478	206.500000	29.500000	1.018430e+03
	989	478	247.250000	29.500000	1.012115e+03
	976	479	244.000000	29.750000	1.013760e+03
	830	480	207.500000	30.000000	1.018285e+03
	984	480	246.000000	30.000000	1.012273e+03
	834	482	208.500000	30.500000	1.018025e+03
	983	482	245.750000	30.500000	1.012305e+03
	975	483	243.750000	30.750000	1.013705e+03
	838	484	209.500000	31.000000	1.017852e+03
	982	485	245.500000	31.250000	1.012443e+03
	1000	486	250.000000	31.500000	1.016073e+03
	980	487	245.000000	31.750000	1.012583e+03
	979	489	244.750000	32.250000	1.012602e+03
	850	491	212.500000	32.750000	1.016638e+03
	982	491	245.500000	32.750000	1.012645e+03
	963	492	240.750000	33.000000	1.013903e+03
	972	492	243.000000	33.000000	1.014333e+03
	854	493	213.500000	33.250000	1.016657e+03
	969	493	242.250000	33.250000	1.014325e+03
	977	493	244.250000	33.250000	1.012713e+03
	987	493	246.750000	33.250000	1.012995e+03
	962	494	240.500000	33.500000	1.013862e+03
	859	495	214.750000	33.750000	1.016987e+03
	868	499	217.000000	34.750000	1.017198e+03
	996	499	249.000000	34.750000	1.017073e+03
	872	500	218.000000	35.000000	1.017112e+03
	876	502	219.000000	35.500000	1.017240e+03
	998	502	249.500000	35.500000	1.017090e+03
	980	504	245.000000	36.000000	1.016177e+03
	965	505	241.250000	36.250000	1.016620e+03
	984	505	246.000000	36.250000	1.016157e+03
	960	506	240.000000	36.500000	1.017367e+03
	989	506	247.250000	36.500000	1.017300e+03
	964	507	241.000000	36.750000	1.016893e+03
	954	509	238.500000	37.250000	1.017690e+03
	962	509	240.500000	37.250000	1.016867e+03
	988	509	247.000000	37.250000	1.017675e+03
	998	510	249.500000	37.500000	1.019107e+03
	960	512	240.000000	38.000000	1.016778e+03
	959	514	239.750000	38.500000	1.016775e+03
	949	516	237.250000	39.000000	1.017145e+03
	957	517	239.250000	39.250000	1.016680e+03
	987	517	246.750000	39.250000	1.022812e+03
	1000	517	250.000000	39.250000	1.020667e+03
	998	519	249.500000	39.750000	1.021075e+03
	977	521	244.250000	40.250000	1.020625e+03
	989	521	247.250000	40.250000	1.022860e+03
	993	523	248.250000	40.750000	1.023537e+03
	999	523	249.750000	40.750000	1.020307e+03
	947	525	236.750000	41.250000	1.017930e+03
	958	525	239.500000	41.250000	1.019787e+03
	989	525	247.250000	41.250000	1.022785e+03
	952	526	238.000000	41.500000	1.018578e+03
	975	526	243.750000	41.500000	1.021180e+03
	947	528	236.750000	42.000000	1.017870e+03
	1000	528	250.000000	42.000000	1.024902e+03
	963	529	240.750000	42.250000	1.021440e+03
	978	529	244.500000	42.250000	1.021188e+03
	970	530	242.500000	42.500000	1.021617e+03
	957	531	239.250000	42.750000	1.020010e+03
	966	532	241.500000	43.000000	1.020490e+03
	972	532	243.000000	43.000000	1.021292e+03
	992	533	248.000000	43.250000	1.024593e+03
	977	534	244.250000	43.500000	1.022938e+03
	981	535	245.250000	43.750000	1.022820e+03
	974	537	243.500000	44.250000	1.022495e+03
	987	539	246.750000	44.750000	1.024710e+03
	998	539	249.500000	44.750000	1.026728e+03
	957	540	239.250000	45.000000	1.016352e+03
	983	541	245.750000	45.250000	1.025137e+03
	963	542	240.750000	45.500000	1.016708e+03
	996	543	249.000000	45.750000	1.022338e+03
	967	545	241.750000	46.250000	1.016708e+03
	988	545	247.000000	46.250000	1.023285e+03
	999	545	249.750000	46.250000	1.021003e+03
	978	546	244.500000	46.500000	1.021833e+03
	999	549	249.750000	47.250000	1.020753e+03
	961	552	240.250000	48.000000	1.018830e+03
	984	553	246.000000	48.250000	1.022245e+03
	989	554	247.250000	48.500000	1.019580e+03
	983	561	245.750000	50.250000	1.016958e+03
	975	562	243.750000	50.500000	1.020523e+03
	982	563	245.500000	50.750000	1.016372e+03
	980	567	245.000000	51.750000	1.015780e+03
	978	569	244.500000	52.250000	1.015360e+03
	907	572	226.750000	53.000000	9.874825e+02
	936	572	234.000000	53.000000	1.001037e+03
	972	572	243.000000	53.000000	1.013220e+03
	904	575	226.000000	53.750000	9.870350e+02
	962	578	240.500000	54.500000	1.011795e+03
	1000	578	250.000000	54.500000	1.020508e+03
	825	580	206.250000	55.000000	9.954875e+02
	801	582	200.250000	55.500000	9.911575e+02
	795	585	198.750000	56.250000	9.909075e+02
	801	586	200.250000	56.500000	9.916875e+02
	958	586	239.500000	56.500000	1.015352e+03
	959	586	239.750000	56.500000	1.015352e+03
	890	594	222.500000	58.500000	9.994125e+02
	671	596	167.750000	59.000000	1.024193e+03
	975	598	243.750000	59.500000	1.018275e+03
	879	599	219.750000	59.750000	1.001698e+03
	964	599	241.000000	59.750000	1.017890e+03
	687	600	171.750000	60.000000	1.022745e+03
	873	600	218.250000	60.000000	1.002018e+03
