2014	11	8	171	0
	690	421	172.500000	15.250000	1.013078e+03
	989	422	247.250000	15.500000	1.010275e+03
	688	427	172.000000	16.750000	1.013468e+03
	675	430	168.750000	17.500000	1.013750e+03
	782	430	195.500000	17.500000	1.011778e+03
	820	436	205.000000	19.000000	1.011735e+03
	814	440	203.500000	20.000000	1.011992e+03
	982	440	245.500000	20.000000	1.012188e+03
	820	441	205.000000	20.250000	1.012135e+03
	818	442	204.500000	20.500000	1.012247e+03
	984	442	246.000000	20.500000	1.012185e+03
	809	444	202.250000	21.000000	1.012200e+03
	817	444	204.250000	21.000000	1.012338e+03
	814	445	203.500000	21.250000	1.012193e+03
	986	445	246.500000	21.250000	1.012070e+03
	802	446	200.500000	21.500000	1.012698e+03
	813	447	203.250000	21.750000	1.012343e+03
	991	447	247.750000	21.750000	1.011965e+03
	840	454	210.000000	23.500000	1.012718e+03
	815	455	203.750000	23.750000	1.013133e+03
	997	455	249.250000	23.750000	1.011850e+03
	994	459	248.500000	24.750000	1.011405e+03
	989	465	247.250000	26.250000	1.012078e+03
	821	466	205.250000	26.500000	1.012023e+03
	988	467	247.000000	26.750000	1.011740e+03
	820	470	205.000000	27.500000	1.011795e+03
	828	470	207.000000	27.500000	1.011165e+03
	984	473	246.000000	28.250000	1.012682e+03
	998	473	249.500000	28.250000	1.011968e+03
	826	474	206.500000	28.500000	1.011305e+03
	995	476	248.750000	29.000000	1.011790e+03
	841	481	210.250000	30.250000	1.009965e+03
	842	483	210.500000	30.750000	1.010005e+03
	991	483	247.750000	30.750000	1.013080e+03
	975	484	243.750000	31.000000	1.015170e+03
	837	486	209.250000	31.500000	1.009307e+03
	973	486	243.250000	31.500000	1.015177e+03
	987	486	246.750000	31.500000	1.012982e+03
	970	487	242.500000	31.750000	1.015105e+03
	1000	487	250.000000	31.750000	1.016167e+03
	994	490	248.500000	32.500000	1.014655e+03
	968	491	242.000000	32.750000	1.015170e+03
	971	492	242.750000	33.000000	1.014905e+03
	988	492	247.000000	33.000000	1.014138e+03
	993	492	248.250000	33.000000	1.014620e+03
	918	493	229.500000	33.250000	1.023280e+03
	845	494	211.250000	33.500000	1.010110e+03
	971	495	242.750000	33.750000	1.014955e+03
	998	495	249.500000	33.750000	1.016062e+03
	967	496	241.750000	34.000000	1.015117e+03
	983	496	245.750000	34.000000	1.015593e+03
	847	497	211.750000	34.250000	1.010135e+03
	959	498	239.750000	34.500000	1.015550e+03
	992	498	248.000000	34.500000	1.015545e+03
	972	500	243.000000	35.000000	1.017878e+03
	976	500	244.000000	35.000000	1.017495e+03
	996	500	249.000000	35.000000	1.017383e+03
	963	502	240.750000	35.500000	1.018093e+03
	995	502	248.750000	35.500000	1.017458e+03
	673	503	168.250000	35.750000	1.014845e+03
	971	503	242.750000	35.750000	1.018073e+03
	975	503	243.750000	35.750000	1.017812e+03
	850	504	212.500000	36.000000	1.010895e+03
	962	504	240.500000	36.000000	1.017985e+03
	980	504	245.000000	36.000000	1.017230e+03
	993	504	248.250000	36.000000	1.017357e+03
	989	505	247.250000	36.250000	1.017982e+03
	677	506	169.250000	36.500000	1.014190e+03
	972	506	243.000000	36.500000	1.017792e+03
	982	506	245.500000	36.500000	1.017110e+03
	962	507	240.500000	36.750000	1.018143e+03
	954	508	238.500000	37.000000	1.018660e+03
	981	508	245.250000	37.000000	1.017153e+03
	993	508	248.250000	37.000000	1.017105e+03
	1000	508	250.000000	37.000000	1.018290e+03
	844	509	211.000000	37.250000	1.010730e+03
	967	509	241.750000	37.250000	1.019927e+03
	997	509	249.250000	37.250000	1.018620e+03
	965	511	241.250000	37.750000	1.020270e+03
	985	511	246.250000	37.750000	1.017835e+03
	975	512	243.750000	38.000000	1.018775e+03
	998	512	249.500000	38.000000	1.018427e+03
	856	513	214.000000	38.250000	1.010010e+03
	970	513	242.500000	38.250000	1.020025e+03
	978	514	244.500000	38.500000	1.018775e+03
	997	514	249.250000	38.500000	1.018128e+03
	948	515	237.000000	38.750000	1.019170e+03
	954	515	238.500000	38.750000	1.018562e+03
	967	516	241.750000	39.000000	1.020823e+03
	988	516	247.000000	39.000000	1.020245e+03
	998	517	249.500000	39.250000	1.018602e+03
	834	518	208.500000	39.500000	1.009852e+03
	952	518	238.000000	39.500000	1.018665e+03
	959	518	239.750000	39.500000	1.020595e+03
	990	518	247.500000	39.500000	1.020213e+03
	841	519	210.250000	39.750000	1.009468e+03
	945	519	236.250000	39.750000	1.019938e+03
	966	519	241.500000	39.750000	1.021057e+03
	956	520	239.000000	40.000000	1.020583e+03
	986	522	246.500000	40.500000	1.022177e+03
	977	523	244.250000	40.750000	1.022812e+03
	983	523	245.750000	40.750000	1.022165e+03
	965	524	241.250000	41.000000	1.022540e+03
	991	524	247.750000	41.000000	1.022982e+03
	986	525	246.500000	41.250000	1.022335e+03
	995	525	248.750000	41.250000	1.023255e+03
	991	527	247.750000	41.750000	1.022460e+03
	951	532	237.750000	43.000000	1.023780e+03
	989	533	247.250000	43.250000	1.023037e+03
	981	534	245.250000	43.500000	1.023490e+03
	963	535	240.750000	43.750000	1.025505e+03
	978	537	244.500000	44.250000	1.024922e+03
	998	539	249.500000	44.750000	1.025318e+03
	993	543	248.250000	45.750000	1.024637e+03
	968	544	242.000000	46.000000	1.027887e+03
	958	545	239.500000	46.250000	1.028368e+03
	954	546	238.500000	46.500000	1.026713e+03
	969	546	242.250000	46.500000	1.027907e+03
	984	546	246.000000	46.500000	1.028147e+03
	944	548	236.000000	47.000000	1.029502e+03
	956	549	239.000000	47.250000	1.027665e+03
	945	550	236.250000	47.500000	1.029395e+03
	981	550	245.250000	47.500000	1.028473e+03
	992	550	248.000000	47.500000	1.025110e+03
	957	551	239.250000	47.750000	1.027468e+03
	990	553	247.500000	48.250000	1.025468e+03
	949	554	237.250000	48.500000	1.029892e+03
	941	555	235.250000	48.750000	1.030108e+03
	945	556	236.250000	49.000000	1.030118e+03
	949	556	237.250000	49.000000	1.029973e+03
	987	556	246.750000	49.000000	1.024610e+03
	960	557	240.000000	49.250000	1.026662e+03
	970	558	242.500000	49.500000	1.027065e+03
	984	558	246.000000	49.500000	1.023557e+03
	939	559	234.750000	49.750000	1.030055e+03
	962	559	240.500000	49.750000	1.026338e+03
	977	561	244.250000	50.250000	1.023547e+03
	999	561	249.750000	50.250000	1.027272e+03
	960	562	240.000000	50.500000	1.026807e+03
	980	563	245.000000	50.750000	1.022185e+03
	960	565	240.000000	51.250000	1.027182e+03
	949	566	237.250000	51.500000	1.024632e+03
	978	566	244.500000	51.500000	1.022448e+03
	943	568	235.750000	52.000000	1.024710e+03
	975	569	243.750000	52.250000	1.022865e+03
	909	571	227.250000	52.750000	1.013585e+03
	913	572	228.250000	53.000000	1.013807e+03
	972	572	243.000000	53.000000	1.023338e+03
	969	573	242.250000	53.250000	1.023307e+03
	916	574	229.000000	53.500000	1.014018e+03
	967	575	241.750000	53.750000	1.023950e+03
	977	575	244.250000	53.750000	1.024895e+03
	936	576	234.000000	54.000000	1.020787e+03
	677	579	169.250000	54.750000	9.266900e+02
	933	580	233.250000	55.000000	1.020617e+03
	928	581	232.000000	55.250000	1.019722e+03
	829	583	207.250000	55.750000	9.866775e+02
	950	583	237.500000	55.750000	1.024045e+03
	924	584	231.000000	56.000000	1.019180e+03
	917	587	229.250000	56.750000	1.018490e+03
	944	588	236.000000	57.000000	1.022273e+03
	918	589	229.500000	57.250000	1.018333e+03
	938	589	234.500000	57.250000	1.021237e+03
	916	591	229.000000	57.750000	1.017872e+03
	936	591	234.000000	57.750000	1.021073e+03
	984	591	246.000000	57.750000	1.032580e+03
	932	595	233.000000	58.750000	1.019182e+03
	896	598	224.000000	59.500000	1.016480e+03
	911	598	227.750000	59.500000	1.017380e+03
	973	599	243.250000	59.750000	1.033790e+03
	798	600	199.500000	60.000000	9.969450e+02
