2015	5	2	179	3
	978	436	244.500000	19.000000	1.012367e+03
	812	437	203.000000	19.250000	1.015165e+03
	992	437	248.000000	19.250000	1.012305e+03
	996	437	249.000000	19.250000	1.012280e+03
	814	438	203.500000	19.500000	1.015003e+03
	993	438	248.250000	19.500000	1.012305e+03
	991	439	247.750000	19.750000	1.012302e+03
	997	439	249.250000	19.750000	1.012278e+03
	815	440	203.750000	20.000000	1.015047e+03
	969	440	242.250000	20.000000	1.012400e+03
	820	441	205.000000	20.250000	1.016992e+03
	974	441	243.500000	20.250000	1.012347e+03
	821	443	205.250000	20.750000	1.017145e+03
	982	443	245.500000	20.750000	1.012385e+03
	817	444	204.250000	21.000000	1.017167e+03
	980	445	245.000000	21.250000	1.012345e+03
	959	447	239.750000	21.750000	1.012720e+03
	960	447	240.000000	21.750000	1.012720e+03
	996	450	249.000000	22.500000	1.012503e+03
	986	464	246.500000	26.000000	1.011703e+03
	996	464	249.000000	26.000000	1.009960e+03
	990	465	247.500000	26.250000	1.011830e+03
	985	466	246.250000	26.500000	1.011650e+03
	983	467	245.750000	26.750000	1.011645e+03
	993	468	248.250000	27.000000	1.009112e+03
	992	470	248.000000	27.500000	1.009190e+03
	995	470	248.750000	27.500000	1.009365e+03
	985	471	246.250000	27.750000	1.010925e+03
	988	475	247.000000	28.750000	1.008525e+03
	981	476	245.250000	29.000000	1.011415e+03
	997	477	249.250000	29.250000	1.009800e+03
	989	478	247.250000	29.500000	1.008500e+03
	985	479	246.250000	29.750000	1.007367e+03
	982	482	245.500000	30.500000	1.007083e+03
	975	484	243.750000	31.000000	1.010768e+03
	1000	487	250.000000	31.750000	1.008305e+03
	776	489	194.000000	32.250000	1.021328e+03
	966	489	241.500000	32.250000	1.011232e+03
	979	489	244.750000	32.250000	1.005790e+03
	995	489	248.750000	32.250000	1.006930e+03
	985	491	246.250000	32.750000	1.006338e+03
	971	492	242.750000	33.000000	1.010263e+03
	977	492	244.250000	33.000000	1.005275e+03
	988	492	247.000000	33.000000	1.006215e+03
	992	493	248.000000	33.250000	1.005893e+03
	982	495	245.500000	33.750000	1.005830e+03
	967	496	241.750000	34.000000	1.010165e+03
	978	497	244.500000	34.250000	1.006050e+03
	948	499	237.000000	34.750000	1.011568e+03
	951	499	237.750000	34.750000	1.011593e+03
	954	499	238.500000	34.750000	1.011580e+03
	975	500	243.750000	35.000000	1.006843e+03
	963	501	240.750000	35.250000	1.007590e+03
	974	503	243.500000	35.750000	1.006690e+03
	990	504	247.500000	36.000000	1.009537e+03
	995	504	248.750000	36.000000	1.009100e+03
	700	505	175.000000	36.250000	1.006675e+03
	962	505	240.500000	36.250000	1.007218e+03
	972	506	243.000000	36.500000	1.006068e+03
	982	506	245.500000	36.500000	1.005205e+03
	988	506	247.000000	36.500000	1.008740e+03
	958	508	239.500000	37.000000	1.006878e+03
	994	508	248.500000	37.000000	1.007378e+03
	1000	508	250.000000	37.000000	1.007968e+03
	997	510	249.250000	37.500000	1.007045e+03
	986	511	246.500000	37.750000	1.009120e+03
	969	512	242.250000	38.000000	1.006523e+03
	977	514	244.250000	38.500000	1.007122e+03
	1000	514	250.000000	38.500000	1.007500e+03
	987	515	246.750000	38.750000	1.007990e+03
	967	516	241.750000	39.000000	1.006945e+03
	972	516	243.000000	39.000000	1.008105e+03
	986	517	246.500000	39.250000	1.007920e+03
	952	518	238.000000	39.500000	1.005703e+03
	965	518	241.250000	39.500000	1.006510e+03
	974	518	243.500000	39.500000	1.008545e+03
	977	518	244.250000	39.500000	1.008535e+03
	990	518	247.500000	39.500000	1.007515e+03
	980	519	245.000000	39.750000	1.009388e+03
	945	520	236.250000	40.000000	1.009953e+03
	992	520	248.000000	40.000000	1.009075e+03
	981	521	245.250000	40.250000	1.009635e+03
	985	522	246.250000	40.500000	1.008415e+03
	972	523	243.000000	40.750000	1.007800e+03
	964	524	241.000000	41.000000	1.007255e+03
	978	524	244.500000	41.000000	1.008953e+03
	966	526	241.500000	41.500000	1.007727e+03
	950	527	237.500000	41.750000	1.008622e+03
	956	527	239.000000	41.750000	1.007385e+03
	991	527	247.750000	41.750000	1.009560e+03
	973	528	243.250000	42.000000	1.008375e+03
	995	528	248.750000	42.000000	1.011160e+03
	948	530	237.000000	42.500000	1.010455e+03
	967	530	241.750000	42.500000	1.007128e+03
	980	531	245.000000	42.750000	1.007612e+03
	977	532	244.250000	43.000000	1.007425e+03
	963	533	240.750000	43.250000	1.006745e+03
	989	533	247.250000	43.250000	1.007645e+03
	949	536	237.250000	44.000000	1.012518e+03
	969	536	242.250000	44.000000	1.007078e+03
	972	536	243.000000	44.000000	1.007050e+03
	991	536	247.750000	44.000000	1.007065e+03
	956	537	239.000000	44.250000	1.009463e+03
	963	538	240.750000	44.500000	1.008335e+03
	984	541	246.000000	45.250000	1.009320e+03
	993	543	248.250000	45.750000	1.006633e+03
	975	544	243.750000	46.000000	1.007662e+03
	966	546	241.500000	46.500000	1.005638e+03
	950	548	237.500000	47.000000	1.015003e+03
	968	548	242.000000	47.000000	1.005528e+03
	972	553	243.000000	48.250000	1.005290e+03
	982	554	245.500000	48.500000	1.006020e+03
	969	555	242.250000	48.750000	1.005357e+03
	974	555	243.500000	48.750000	1.005037e+03
	948	556	237.000000	49.000000	1.015427e+03
	940	557	235.000000	49.250000	1.016790e+03
	978	557	244.500000	49.250000	1.005138e+03
	1000	557	250.000000	49.250000	1.003715e+03
	800	558	200.000000	49.500000	9.945725e+02
	995	559	248.750000	49.750000	1.003047e+03
	988	560	247.000000	50.000000	1.003347e+03
	660	561	165.000000	50.250000	9.949975e+02
	969	561	242.250000	50.250000	1.007085e+03
	959	562	239.750000	50.500000	1.009698e+03
	965	562	241.250000	50.500000	1.007795e+03
	982	563	245.500000	50.750000	1.004703e+03
	929	566	232.250000	51.500000	1.021153e+03
	950	568	237.500000	52.000000	1.013203e+03
	960	568	240.000000	52.000000	1.012940e+03
	978	570	244.500000	52.500000	1.006953e+03
	954	571	238.500000	52.750000	1.013655e+03
	999	572	249.750000	53.000000	1.004755e+03
	949	573	237.250000	53.250000	1.013675e+03
	992	576	248.000000	54.000000	1.005565e+03
	983	579	245.750000	54.750000	1.005160e+03
	913	581	228.250000	55.250000	1.018198e+03
	947	581	236.750000	55.250000	1.011177e+03
	801	584	200.250000	56.000000	1.014795e+03
	910	584	227.500000	56.000000	1.017840e+03
	943	585	235.750000	56.250000	1.010620e+03
	998	585	249.500000	56.250000	1.002833e+03
	777	586	194.250000	56.500000	1.016742e+03
	902	588	225.500000	57.000000	1.016807e+03
	756	589	189.000000	57.250000	1.015625e+03
	812	590	203.000000	57.500000	1.015857e+03
	828	590	207.000000	57.500000	1.015763e+03
	940	590	235.000000	57.500000	1.010630e+03
	760	592	190.000000	58.000000	1.015660e+03
	818	592	204.500000	58.000000	1.015410e+03
	898	592	224.500000	58.000000	1.016453e+03
	946	592	236.500000	58.000000	1.007722e+03
	956	592	239.000000	58.000000	1.006347e+03
	830	593	207.500000	58.250000	1.016357e+03
	824	594	206.000000	58.500000	1.016275e+03
	894	594	223.500000	58.500000	1.016060e+03
	903	594	225.750000	58.500000	1.017080e+03
	933	594	233.250000	58.500000	1.010275e+03
	986	594	246.500000	58.500000	1.002528e+03
	993	595	248.250000	58.750000	1.002810e+03
	1000	595	250.000000	58.750000	1.002620e+03
	727	596	181.750000	59.000000	1.016242e+03
	740	596	185.000000	59.000000	1.015857e+03
	888	596	222.000000	59.000000	1.017218e+03
	892	596	223.000000	59.000000	1.016343e+03
	944	596	236.000000	59.000000	1.007703e+03
	716	597	179.000000	59.250000	1.016070e+03
	717	597	179.250000	59.250000	1.016070e+03
	950	597	237.500000	59.250000	1.007542e+03
	883	598	220.750000	59.500000	1.016693e+03
	757	599	189.250000	59.750000	1.015520e+03
	758	599	189.500000	59.750000	1.015520e+03
	841	599	210.250000	59.750000	1.014888e+03
	868	599	217.000000	59.750000	1.016515e+03
	665	600	166.250000	60.000000	1.016295e+03
	763	600	190.750000	60.000000	1.015560e+03
	828	600	207.000000	60.000000	1.014552e+03
	872	600	218.000000	60.000000	1.016345e+03
	911	600	227.750000	60.000000	1.011175e+03
	928	600	232.000000	60.000000	1.007807e+03
