2015	3	19	166	12
	668	423	167.000000	15.750000	1.015808e+03
	671	423	167.750000	15.750000	1.015816e+03
	668	424	167.000000	16.000000	1.015808e+03
	997	426	249.250000	16.500000	1.013083e+03
	820	436	205.000000	19.000000	1.017853e+03
	814	438	203.500000	19.500000	1.017908e+03
	998	438	249.500000	19.500000	1.013813e+03
	815	440	203.750000	20.000000	1.017978e+03
	821	440	205.250000	20.000000	1.018331e+03
	992	440	248.000000	20.000000	1.014213e+03
	811	442	202.750000	20.500000	1.018211e+03
	817	442	204.250000	20.500000	1.018366e+03
	821	443	205.250000	20.750000	1.018338e+03
	995	443	248.750000	20.750000	1.014168e+03
	817	444	204.250000	21.000000	1.018393e+03
	815	445	203.750000	21.250000	1.018408e+03
	825	446	206.250000	21.500000	1.018553e+03
	810	447	202.500000	21.750000	1.018658e+03
	832	452	208.000000	23.000000	1.018898e+03
	848	453	212.000000	23.250000	1.018606e+03
	989	453	247.250000	23.250000	1.014383e+03
	834	454	208.500000	23.500000	1.018941e+03
	997	454	249.250000	23.500000	1.014463e+03
	822	455	205.500000	23.750000	1.018853e+03
	995	456	248.750000	24.000000	1.014438e+03
	814	457	203.500000	24.250000	1.019083e+03
	825	457	206.250000	24.250000	1.018858e+03
	816	459	204.000000	24.750000	1.019096e+03
	991	460	247.750000	25.000000	1.014358e+03
	821	462	205.250000	25.500000	1.018951e+03
	850	462	212.500000	25.500000	1.018711e+03
	834	463	208.500000	25.750000	1.018336e+03
	836	464	209.000000	26.000000	1.018276e+03
	989	465	247.250000	26.250000	1.014291e+03
	861	466	215.250000	26.500000	1.019341e+03
	996	466	249.000000	26.500000	1.012871e+03
	843	469	210.750000	27.250000	1.017963e+03
	991	471	247.750000	27.750000	1.012881e+03
	994	471	248.500000	27.750000	1.012741e+03
	751	472	187.750000	28.000000	1.023881e+03
	985	472	246.250000	28.000000	1.014668e+03
	990	473	247.500000	28.250000	1.012723e+03
	994	473	248.500000	28.250000	1.012683e+03
	980	477	245.000000	29.250000	1.014276e+03
	977	478	244.250000	29.500000	1.014401e+03
	989	478	247.250000	29.500000	1.012531e+03
	969	483	242.250000	30.750000	1.014358e+03
	984	484	246.000000	31.000000	1.011403e+03
	1000	486	250.000000	31.500000	1.014271e+03
	966	488	241.500000	32.000000	1.014418e+03
	965	490	241.250000	32.500000	1.014368e+03
	980	491	245.000000	32.750000	1.012213e+03
	977	492	244.250000	33.000000	1.012226e+03
	999	493	249.750000	33.250000	1.014448e+03
	969	497	242.250000	34.250000	1.014908e+03
	960	498	240.000000	34.500000	1.014593e+03
	992	498	248.000000	34.500000	1.015228e+03
	976	501	244.000000	35.250000	1.013396e+03
	1000	502	250.000000	35.500000	1.012071e+03
	975	503	243.750000	35.750000	1.013323e+03
	953	504	238.250000	36.000000	1.016588e+03
	966	504	241.500000	36.000000	1.016321e+03
	982	505	245.500000	36.250000	1.013821e+03
	989	505	247.250000	36.250000	1.014918e+03
	962	507	240.500000	36.750000	1.016278e+03
	1000	508	250.000000	37.000000	1.012176e+03
	961	509	240.250000	37.250000	1.016238e+03
	879	511	219.750000	37.750000	1.011866e+03
	956	511	239.000000	37.750000	1.016303e+03
	827	512	206.750000	38.000000	1.009303e+03
	880	513	220.000000	38.250000	1.011803e+03
	958	513	239.500000	38.250000	1.015796e+03
	951	515	237.750000	38.750000	1.016148e+03
	952	515	238.000000	38.750000	1.016148e+03
	957	515	239.250000	38.750000	1.015798e+03
	884	516	221.000000	39.000000	1.012186e+03
	964	516	241.000000	39.000000	1.021678e+03
	993	517	248.250000	39.250000	1.019976e+03
	984	518	246.000000	39.500000	1.021873e+03
	732	521	183.000000	40.250000	9.975906e+02
	986	523	246.500000	40.750000	1.021923e+03
	975	524	243.750000	41.000000	1.024671e+03
	991	524	247.750000	41.000000	1.020111e+03
	1000	526	250.000000	41.500000	1.020706e+03
	980	527	245.000000	41.750000	1.024853e+03
	1000	528	250.000000	42.000000	1.020281e+03
	716	530	179.000000	42.500000	1.000616e+03
	969	530	242.250000	42.500000	1.024126e+03
	956	531	239.000000	42.750000	1.021328e+03
	711	532	177.750000	43.000000	1.001086e+03
	945	532	236.250000	43.000000	1.021193e+03
	974	532	243.500000	43.000000	1.023058e+03
	950	533	237.500000	43.250000	1.020293e+03
	968	533	242.000000	43.250000	1.023633e+03
	991	533	247.750000	43.250000	1.023786e+03
	981	534	245.250000	43.500000	1.022463e+03
	700	535	175.000000	43.750000	1.002983e+03
	969	536	242.250000	44.000000	1.023423e+03
	687	537	171.750000	44.250000	1.000393e+03
	952	537	238.000000	44.250000	1.020396e+03
	951	539	237.750000	44.750000	1.020463e+03
	957	539	239.250000	44.750000	1.021223e+03
	851	540	212.750000	45.000000	9.982957e+02
	962	542	240.500000	45.500000	1.021266e+03
	970	542	242.500000	45.500000	1.023271e+03
	958	544	239.500000	46.000000	1.021218e+03
	993	544	248.250000	46.000000	1.023661e+03
	955	546	238.750000	46.500000	1.020741e+03
	987	547	246.750000	46.750000	1.024786e+03
	988	547	247.000000	46.750000	1.024786e+03
	958	548	239.500000	47.000000	1.021191e+03
	951	549	237.750000	47.250000	1.021033e+03
	1000	549	250.000000	47.250000	1.020391e+03
	945	552	236.250000	48.000000	1.019531e+03
	973	552	243.250000	48.000000	1.023716e+03
	960	553	240.000000	48.250000	1.021371e+03
	992	553	248.000000	48.250000	1.019666e+03
	997	555	249.250000	48.750000	1.018931e+03
	780	556	195.000000	49.000000	9.835931e+02
	951	556	237.750000	49.000000	1.020518e+03
	979	556	244.750000	49.000000	1.023083e+03
	986	557	246.500000	49.250000	1.019106e+03
	1000	559	250.000000	49.750000	1.017428e+03
	975	562	243.750000	50.500000	1.020001e+03
	984	562	246.000000	50.500000	1.016261e+03
	920	563	230.000000	50.750000	1.006153e+03
	965	563	241.250000	50.750000	1.018541e+03
	999	563	249.750000	50.750000	1.017236e+03
	853	565	213.250000	51.250000	9.917356e+02
	999	565	249.750000	51.250000	1.017151e+03
	970	566	242.500000	51.500000	1.019656e+03
	945	567	236.250000	51.750000	1.015256e+03
	951	568	237.750000	52.000000	1.015238e+03
	993	568	248.250000	52.000000	1.016861e+03
	990	569	247.500000	52.250000	1.016858e+03
	909	571	227.250000	52.750000	1.009981e+03
	963	571	240.750000	52.750000	1.017983e+03
	949	572	237.250000	53.000000	1.015693e+03
	972	573	243.000000	53.250000	1.015393e+03
	941	575	235.250000	53.750000	1.014858e+03
	951	575	237.750000	53.750000	1.015596e+03
	945	576	236.250000	54.000000	1.014951e+03
	966	576	241.500000	54.000000	1.015263e+03
	962	578	240.500000	54.500000	1.015223e+03
	958	580	239.500000	55.000000	1.015201e+03
	925	582	231.250000	55.500000	1.015213e+03
	949	583	237.250000	55.750000	1.015911e+03
	939	586	234.750000	56.500000	1.015701e+03
	823	587	205.750000	56.750000	1.002778e+03
	938	588	234.500000	57.000000	1.015568e+03
	916	591	229.000000	57.750000	1.015281e+03
	828	593	207.000000	58.250000	1.002318e+03
	909	593	227.250000	58.250000	1.014856e+03
	938	593	234.500000	58.250000	1.015541e+03
	852	594	213.000000	58.500000	9.999681e+02
	886	594	221.500000	58.500000	1.012021e+03
	922	594	230.500000	58.500000	1.015773e+03
	930	594	232.500000	58.500000	1.015491e+03
	819	595	204.750000	58.750000	1.002978e+03
	913	595	228.250000	58.750000	1.015173e+03
	951	596	237.750000	59.000000	1.022686e+03
	978	596	244.500000	59.000000	1.024146e+03
	825	598	206.250000	59.500000	1.003883e+03
	796	599	199.000000	59.750000	1.003328e+03
	902	600	225.500000	60.000000	1.014776e+03
	966	600	241.500000	60.000000	1.025333e+03
