2015	1	10	229	9
	662	426	165.500000	16.500000	1.011184e+03
	677	427	169.250000	16.750000	1.011324e+03
	694	430	173.500000	17.500000	1.011582e+03
	660	435	165.000000	18.750000	1.011744e+03
	666	437	166.500000	19.250000	1.011674e+03
	670	439	167.500000	19.750000	1.011632e+03
	673	440	168.250000	20.000000	1.011587e+03
	815	440	203.750000	20.000000	1.015592e+03
	821	440	205.250000	20.000000	1.016239e+03
	679	441	169.750000	20.250000	1.011529e+03
	810	441	202.500000	20.250000	1.015984e+03
	682	442	170.500000	20.500000	1.011537e+03
	684	443	171.000000	20.750000	1.011509e+03
	817	444	204.250000	21.000000	1.016474e+03
	814	445	203.500000	21.250000	1.016459e+03
	690	446	172.500000	21.500000	1.011302e+03
	692	447	173.000000	21.750000	1.011277e+03
	923	447	230.750000	21.750000	1.016879e+03
	959	447	239.750000	21.750000	1.016237e+03
	694	449	173.500000	22.250000	1.011267e+03
	936	450	234.000000	22.500000	1.016762e+03
	784	452	196.000000	23.000000	1.016374e+03
	940	452	235.000000	23.000000	1.016744e+03
	971	463	242.750000	25.750000	1.016307e+03
	996	464	249.000000	26.000000	1.015319e+03
	970	465	242.500000	26.250000	1.016312e+03
	989	465	247.250000	26.250000	1.015544e+03
	994	468	248.500000	27.000000	1.015334e+03
	981	469	245.250000	27.250000	1.015682e+03
	992	470	248.000000	27.500000	1.015142e+03
	999	470	249.750000	27.500000	1.015319e+03
	990	472	247.500000	28.000000	1.014999e+03
	975	474	243.750000	28.500000	1.015942e+03
	983	474	245.750000	28.500000	1.015539e+03
	973	475	243.250000	28.750000	1.015957e+03
	988	475	247.000000	28.750000	1.014939e+03
	984	480	246.000000	30.000000	1.014462e+03
	982	482	245.500000	30.500000	1.014517e+03
	976	483	244.000000	30.750000	1.016009e+03
	941	486	235.250000	31.500000	1.013452e+03
	980	487	245.000000	31.750000	1.014617e+03
	955	488	238.750000	32.000000	1.013707e+03
	979	489	244.750000	32.250000	1.014572e+03
	951	490	237.750000	32.500000	1.013607e+03
	948	491	237.000000	32.750000	1.013672e+03
	962	491	240.500000	32.750000	1.014984e+03
	987	491	246.750000	32.750000	1.014687e+03
	973	492	243.250000	33.000000	1.015677e+03
	977	492	244.250000	33.000000	1.014562e+03
	880	493	220.000000	33.250000	1.022944e+03
	881	493	220.250000	33.250000	1.022944e+03
	981	494	245.250000	33.500000	1.014907e+03
	971	495	242.750000	33.750000	1.015692e+03
	968	496	242.000000	34.000000	1.015587e+03
	984	496	246.000000	34.000000	1.015232e+03
	978	497	244.500000	34.250000	1.015132e+03
	768	499	192.000000	34.750000	9.980269e+02
	957	499	239.250000	34.750000	1.014992e+03
	969	499	242.250000	34.750000	1.015162e+03
	996	499	249.000000	34.750000	1.018269e+03
	963	500	240.750000	35.000000	1.014777e+03
	976	500	244.000000	35.000000	1.015072e+03
	992	502	248.000000	35.500000	1.018014e+03
	960	503	240.000000	35.750000	1.014884e+03
	971	503	242.750000	35.750000	1.015027e+03
	974	503	243.500000	35.750000	1.015024e+03
	980	503	245.000000	35.750000	1.015432e+03
	1000	503	250.000000	35.750000	1.019067e+03
	963	504	240.750000	36.000000	1.014932e+03
	717	505	179.250000	36.250000	9.934244e+02
	953	505	238.250000	36.250000	1.015182e+03
	983	505	245.750000	36.250000	1.015517e+03
	956	506	239.000000	36.500000	1.015202e+03
	963	506	240.750000	36.500000	1.014954e+03
	972	506	243.000000	36.500000	1.014514e+03
	989	506	247.250000	36.500000	1.018322e+03
	998	506	249.500000	36.500000	1.019484e+03
	948	509	237.000000	37.250000	1.015112e+03
	953	510	238.250000	37.500000	1.015129e+03
	968	511	242.000000	37.750000	1.015262e+03
	1000	511	250.000000	37.750000	1.020557e+03
	976	514	244.000000	38.500000	1.015322e+03
	990	515	247.500000	38.750000	1.015812e+03
	956	516	239.000000	39.000000	1.014707e+03
	961	516	240.250000	39.000000	1.015584e+03
	984	516	246.000000	39.000000	1.015449e+03
	948	517	237.000000	39.250000	1.014702e+03
	976	517	244.000000	39.250000	1.015237e+03
	955	518	238.750000	39.500000	1.014847e+03
	960	518	240.000000	39.500000	1.015412e+03
	979	518	244.750000	39.500000	1.015382e+03
	693	519	173.250000	39.750000	9.887994e+02
	992	519	248.000000	39.750000	1.016227e+03
	684	520	171.000000	40.000000	9.887369e+02
	772	520	193.000000	40.000000	9.913943e+02
	946	520	236.500000	40.000000	1.014862e+03
	982	520	245.500000	40.000000	1.014752e+03
	952	522	238.000000	40.500000	1.015072e+03
	965	522	241.250000	40.500000	1.019024e+03
	957	523	239.250000	40.750000	1.015807e+03
	994	523	248.500000	40.750000	1.016072e+03
	998	524	249.500000	41.000000	1.015309e+03
	691	526	172.750000	41.500000	9.906619e+02
	952	526	238.000000	41.500000	1.015657e+03
	994	526	248.500000	41.500000	1.016819e+03
	963	527	240.750000	41.750000	1.016499e+03
	979	527	244.750000	41.750000	1.015412e+03
	946	528	236.500000	42.000000	1.015212e+03
	971	528	242.750000	42.000000	1.018852e+03
	985	528	246.250000	42.000000	1.017012e+03
	957	530	239.250000	42.500000	1.016369e+03
	974	530	243.500000	42.500000	1.019357e+03
	990	530	247.500000	42.500000	1.018872e+03
	997	530	249.250000	42.500000	1.015852e+03
	946	531	236.500000	42.750000	1.015854e+03
	966	531	241.500000	42.750000	1.019142e+03
	993	533	248.250000	43.250000	1.018649e+03
	998	533	249.500000	43.250000	1.017714e+03
	983	536	245.750000	44.000000	1.014524e+03
	952	537	238.000000	44.250000	1.015052e+03
	966	537	241.500000	44.250000	1.018567e+03
	957	538	239.250000	44.500000	1.016622e+03
	987	538	246.750000	44.500000	1.016164e+03
	982	539	245.500000	44.750000	1.016132e+03
	962	540	240.500000	45.000000	1.018129e+03
	966	540	241.500000	45.000000	1.017012e+03
	992	540	248.000000	45.000000	1.017359e+03
	971	542	242.750000	45.500000	1.018099e+03
	987	542	246.750000	45.500000	1.015637e+03
	995	542	248.750000	45.500000	1.014112e+03
	946	543	236.500000	45.750000	1.016542e+03
	978	543	244.500000	45.750000	1.017597e+03
	969	544	242.250000	46.000000	1.018822e+03
	990	544	247.500000	46.000000	1.014602e+03
	1000	545	250.000000	46.250000	1.010882e+03
	954	546	238.500000	46.500000	1.014722e+03
	982	546	245.500000	46.500000	1.017577e+03
	941	547	235.250000	46.750000	1.016062e+03
	808	548	202.000000	47.000000	1.000702e+03
	999	548	249.750000	47.000000	1.010349e+03
	712	549	178.000000	47.250000	9.747644e+02
	985	549	246.250000	47.250000	1.018917e+03
	965	550	241.250000	47.500000	1.020792e+03
	947	551	236.750000	47.750000	1.015679e+03
	989	551	247.250000	47.750000	1.012279e+03
	860	552	215.000000	48.000000	1.006864e+03
	956	553	239.000000	48.250000	1.015554e+03
	939	554	234.750000	48.500000	1.015814e+03
	945	554	236.250000	48.500000	1.016124e+03
	995	554	248.750000	48.500000	1.015474e+03
	965	555	241.250000	48.750000	1.020787e+03
	857	556	214.250000	49.000000	1.006922e+03
	935	556	233.750000	49.000000	1.015857e+03
	945	556	236.250000	49.000000	1.016112e+03
	958	556	239.500000	49.000000	1.013607e+03
	972	556	243.000000	49.000000	1.020957e+03
	953	561	238.250000	50.250000	1.015122e+03
	965	561	241.250000	50.250000	1.017704e+03
	975	561	243.750000	50.250000	1.016994e+03
	932	562	233.000000	50.500000	1.016442e+03
	939	563	234.750000	50.750000	1.016499e+03
	980	563	245.000000	50.750000	1.014419e+03
	933	564	233.250000	51.000000	1.016422e+03
	948	565	237.000000	51.250000	1.013519e+03
	958	565	239.500000	51.250000	1.017944e+03
	970	565	242.500000	51.250000	1.017752e+03
	978	565	244.500000	51.250000	1.015417e+03
	977	567	244.250000	51.750000	1.014567e+03
	926	568	231.500000	52.000000	1.016414e+03
	941	568	235.250000	52.000000	1.015404e+03
	972	570	243.000000	52.500000	1.014677e+03
	941	571	235.250000	52.750000	1.015029e+03
	933	572	233.250000	53.000000	1.017179e+03
	959	572	239.750000	53.000000	1.016092e+03
	967	572	241.750000	53.000000	1.017159e+03
	934	574	233.500000	53.500000	1.016439e+03
	965	574	241.250000	53.500000	1.015989e+03
	926	575	231.500000	53.750000	1.016677e+03
	961	575	240.250000	53.750000	1.017057e+03
	929	576	232.250000	54.000000	1.016384e+03
	977	578	244.250000	54.500000	1.024264e+03
	955	579	238.750000	54.750000	1.019289e+03
	851	581	212.750000	55.250000	1.010429e+03
	931	581	232.750000	55.250000	1.019957e+03
	818	582	204.500000	55.500000	1.007387e+03
	948	582	237.000000	55.500000	1.021014e+03
	851	583	212.750000	55.750000	1.010367e+03
	941	583	235.250000	55.750000	1.020789e+03
	931	584	232.750000	56.000000	1.018449e+03
	975	584	243.750000	56.000000	1.027777e+03
	852	585	213.000000	56.250000	1.010339e+03
	987	585	246.750000	56.250000	1.028104e+03
	982	586	245.500000	56.500000	1.027589e+03
	959	587	239.750000	56.750000	1.025304e+03
	974	587	243.500000	56.750000	1.027714e+03
	884	588	221.000000	57.000000	1.006469e+03
	935	588	233.750000	57.000000	1.017632e+03
	915	589	228.750000	57.250000	1.015534e+03
	929	589	232.250000	57.250000	1.017249e+03
	986	589	246.500000	57.250000	1.028167e+03
	844	590	211.000000	57.500000	1.010394e+03
	848	590	212.000000	57.500000	1.010389e+03
	924	590	231.000000	57.500000	1.015414e+03
	728	591	182.000000	57.750000	1.000512e+03
	918	591	229.500000	57.750000	1.016242e+03
	962	591	240.500000	57.750000	1.025794e+03
	976	591	244.000000	57.750000	1.027074e+03
	990	591	247.500000	57.750000	1.028274e+03
	732	592	183.000000	58.000000	1.000484e+03
	846	592	211.500000	58.000000	1.010417e+03
	910	592	227.500000	58.000000	1.013649e+03
	922	593	230.500000	58.250000	1.016352e+03
	928	593	232.000000	58.250000	1.016949e+03
	940	593	235.000000	58.250000	1.015922e+03
	858	594	214.500000	58.500000	1.009882e+03
	888	595	222.000000	58.750000	1.010767e+03
	818	596	204.500000	59.000000	1.010847e+03
	902	596	225.500000	59.000000	1.013029e+03
	916	596	229.000000	59.000000	1.018302e+03
	979	597	244.750000	59.250000	1.025884e+03
	907	598	226.750000	59.500000	1.016664e+03
	963	598	240.750000	59.500000	1.026977e+03
	874	599	218.500000	59.750000	1.011407e+03
	879	599	219.750000	59.750000	1.011362e+03
	949	599	237.250000	59.750000	1.026632e+03
	836	600	209.000000	60.000000	1.011667e+03
	870	600	217.500000	60.000000	1.011397e+03
	936	600	234.000000	60.000000	1.023957e+03
	968	600	242.000000	60.000000	1.026884e+03
