2015	8	9	228	21
	682	420	170.500000	15.000000	1.011841e+03
	892	420	223.000000	15.000000	1.012216e+03
	689	421	172.250000	15.250000	1.012044e+03
	935	421	233.750000	15.250000	1.010621e+03
	864	425	216.000000	16.250000	1.011364e+03
	891	426	222.750000	16.500000	1.012731e+03
	893	428	223.250000	17.000000	1.012669e+03
	899	429	224.750000	17.250000	1.012964e+03
	994	434	248.500000	18.500000	1.011679e+03
	995	434	248.750000	18.500000	1.011679e+03
	815	436	203.750000	19.000000	1.013929e+03
	818	436	204.500000	19.000000	1.013526e+03
	814	438	203.500000	19.500000	1.014031e+03
	815	440	203.750000	20.000000	1.013864e+03
	1000	451	250.000000	22.750000	1.010304e+03
	998	456	249.500000	24.000000	1.009699e+03
	996	458	249.000000	24.500000	1.009699e+03
	995	460	248.750000	25.000000	1.009669e+03
	998	462	249.500000	25.500000	1.009686e+03
	996	464	249.000000	26.000000	1.009496e+03
	991	465	247.750000	26.250000	1.009721e+03
	988	467	247.000000	26.750000	1.010076e+03
	993	467	248.250000	26.750000	1.009394e+03
	989	469	247.250000	27.250000	1.010254e+03
	1000	469	250.000000	27.250000	1.009171e+03
	679	471	169.750000	27.750000	1.017219e+03
	660	472	165.000000	28.000000	1.016399e+03
	680	472	170.000000	28.000000	1.017219e+03
	990	472	247.500000	28.000000	1.009659e+03
	662	473	165.500000	28.250000	1.016404e+03
	988	475	247.000000	28.750000	1.009554e+03
	995	476	248.750000	29.000000	1.008836e+03
	993	477	248.250000	29.250000	1.009011e+03
	985	478	246.250000	29.500000	1.008861e+03
	986	478	246.500000	29.500000	1.008861e+03
	675	480	168.750000	30.000000	1.016754e+03
	678	481	169.500000	30.250000	1.016749e+03
	681	482	170.250000	30.500000	1.016759e+03
	982	482	245.500000	30.500000	1.008109e+03
	992	482	248.000000	30.500000	1.008516e+03
	973	483	243.250000	30.750000	1.014471e+03
	987	485	246.750000	31.250000	1.008956e+03
	683	486	170.750000	31.500000	1.016679e+03
	1000	487	250.000000	31.750000	1.012389e+03
	696	488	174.000000	32.000000	1.017544e+03
	979	489	244.750000	32.250000	1.007286e+03
	991	489	247.750000	32.250000	1.009396e+03
	978	491	244.500000	32.750000	1.007416e+03
	986	491	246.500000	32.750000	1.007836e+03
	671	492	167.750000	33.000000	1.016014e+03
	993	492	248.250000	33.000000	1.008346e+03
	675	493	168.750000	33.250000	1.016056e+03
	678	493	169.500000	33.250000	1.016041e+03
	731	495	182.750000	33.750000	1.021094e+03
	982	495	245.500000	33.750000	1.007649e+03
	688	496	172.000000	34.000000	1.015519e+03
	979	497	244.750000	34.250000	1.008474e+03
	955	500	238.750000	35.000000	1.014724e+03
	969	500	242.250000	35.000000	1.010496e+03
	976	500	244.000000	35.000000	1.008879e+03
	1000	500	250.000000	35.000000	1.014049e+03
	963	501	240.750000	35.250000	1.009889e+03
	996	501	249.000000	35.250000	1.013574e+03
	717	502	179.250000	35.500000	1.018679e+03
	718	503	179.500000	35.750000	1.018679e+03
	971	503	242.750000	35.750000	1.009989e+03
	975	503	243.750000	35.750000	1.009164e+03
	981	503	245.250000	35.750000	1.009744e+03
	991	504	247.750000	36.000000	1.014871e+03
	720	505	180.000000	36.250000	1.018661e+03
	956	505	239.000000	36.250000	1.011911e+03
	960	505	240.000000	36.250000	1.009786e+03
	897	506	224.250000	36.500000	1.015654e+03
	972	506	243.000000	36.500000	1.009264e+03
	989	507	247.250000	36.750000	1.014354e+03
	978	508	244.500000	37.000000	1.011571e+03
	995	508	248.750000	37.000000	1.013034e+03
	1000	508	250.000000	37.000000	1.013459e+03
	957	509	239.250000	37.250000	1.010841e+03
	997	510	249.250000	37.500000	1.012686e+03
	901	511	225.250000	37.750000	1.016434e+03
	986	511	246.500000	37.750000	1.014424e+03
	969	512	242.250000	38.000000	1.011496e+03
	977	513	244.250000	38.250000	1.013216e+03
	997	513	249.250000	38.250000	1.013986e+03
	1000	515	250.000000	38.750000	1.012984e+03
	798	516	199.500000	39.000000	1.028506e+03
	912	516	228.000000	39.000000	1.015274e+03
	967	516	241.750000	39.000000	1.011169e+03
	972	517	243.000000	39.250000	1.013576e+03
	986	517	246.500000	39.250000	1.014176e+03
	989	517	247.250000	39.250000	1.013501e+03
	965	518	241.250000	39.500000	1.010836e+03
	979	518	244.750000	39.500000	1.014124e+03
	952	519	238.000000	39.750000	1.010544e+03
	969	520	242.250000	40.000000	1.011929e+03
	987	520	246.750000	40.000000	1.014739e+03
	992	520	248.000000	40.000000	1.015109e+03
	919	521	229.750000	40.250000	1.014316e+03
	950	521	237.500000	40.250000	1.010589e+03
	959	521	239.750000	40.250000	1.011621e+03
	991	522	247.750000	40.500000	1.015291e+03
	965	524	241.250000	41.000000	1.011431e+03
	971	524	242.750000	41.000000	1.012044e+03
	978	524	244.500000	41.000000	1.014354e+03
	995	525	248.750000	41.250000	1.017011e+03
	924	526	231.000000	41.500000	1.014426e+03
	957	526	239.250000	41.500000	1.011341e+03
	1000	526	250.000000	41.500000	1.016581e+03
	949	527	237.250000	41.750000	1.011624e+03
	988	527	247.000000	41.750000	1.015789e+03
	954	528	238.500000	42.000000	1.011196e+03
	973	528	243.250000	42.000000	1.012276e+03
	947	530	236.750000	42.500000	1.012234e+03
	1000	530	250.000000	42.500000	1.016999e+03
	969	531	242.250000	42.750000	1.009986e+03
	977	531	244.250000	42.750000	1.010764e+03
	740	533	185.000000	43.250000	1.013586e+03
	957	533	239.250000	43.250000	1.010691e+03
	963	533	240.750000	43.250000	1.009991e+03
	975	533	243.750000	43.250000	1.010634e+03
	741	535	185.250000	43.750000	1.013536e+03
	948	535	237.000000	43.750000	1.012924e+03
	968	535	242.000000	43.750000	1.010614e+03
	972	536	243.000000	44.000000	1.009604e+03
	956	537	239.000000	44.250000	1.010324e+03
	962	538	240.500000	44.500000	1.009856e+03
	948	539	237.000000	44.750000	1.012756e+03
	949	541	237.250000	45.250000	1.012684e+03
	968	542	242.000000	45.500000	1.010761e+03
	982	542	245.500000	45.500000	1.014399e+03
	990	542	247.500000	45.500000	1.015464e+03
	956	543	239.000000	45.750000	1.012236e+03
	948	544	237.000000	46.000000	1.013029e+03
	972	544	243.000000	46.000000	1.010921e+03
	993	544	248.250000	46.000000	1.014151e+03
	930	545	232.500000	46.250000	1.011856e+03
	959	545	239.750000	46.250000	1.011396e+03
	966	545	241.500000	46.250000	1.010846e+03
	976	545	244.000000	46.250000	1.010851e+03
	952	546	238.000000	46.500000	1.012784e+03
	963	546	240.750000	46.500000	1.011026e+03
	975	546	243.750000	46.500000	1.010851e+03
	984	547	246.000000	46.750000	1.012469e+03
	924	548	231.000000	47.000000	1.012589e+03
	981	549	245.250000	47.250000	1.011776e+03
	753	550	188.250000	47.500000	1.012821e+03
	912	550	228.000000	47.500000	1.011954e+03
	754	551	188.500000	47.750000	1.012821e+03
	993	551	248.250000	47.750000	1.011721e+03
	961	552	240.250000	48.000000	1.011391e+03
	983	552	245.750000	48.000000	1.012164e+03
	992	553	248.000000	48.250000	1.011621e+03
	944	555	236.000000	48.750000	1.014396e+03
	957	555	239.250000	48.750000	1.012414e+03
	968	555	242.000000	48.750000	1.011831e+03
	958	557	239.500000	49.250000	1.011859e+03
	970	557	242.500000	49.250000	1.012784e+03
	978	557	244.500000	49.250000	1.014324e+03
	962	558	240.500000	49.500000	1.011416e+03
	990	560	247.500000	50.000000	1.009801e+03
	939	561	234.750000	50.250000	1.014851e+03
	945	561	236.250000	50.250000	1.015154e+03
	968	561	242.000000	50.250000	1.012184e+03
	977	561	244.250000	50.250000	1.014269e+03
	702	562	175.500000	50.500000	1.009794e+03
	931	562	232.750000	50.500000	1.014509e+03
	932	562	233.000000	50.500000	1.014509e+03
	964	562	241.000000	50.500000	1.011246e+03
	985	562	246.250000	50.500000	1.009496e+03
	955	563	238.750000	50.750000	1.011696e+03
	974	564	243.500000	51.000000	1.013524e+03
	994	564	248.500000	51.000000	1.010184e+03
	961	565	240.250000	51.250000	1.011906e+03
	972	566	243.000000	51.500000	1.013554e+03
	995	566	248.750000	51.500000	1.010259e+03
	984	567	246.000000	51.750000	1.009451e+03
	947	568	236.750000	52.000000	1.010649e+03
	983	569	245.750000	52.250000	1.009431e+03
	939	570	234.750000	52.500000	1.013366e+03
	951	570	237.750000	52.500000	1.010199e+03
	912	572	228.000000	53.000000	1.014941e+03
	978	572	244.500000	53.000000	1.008786e+03
	959	573	239.750000	53.250000	1.012391e+03
	972	573	243.000000	53.250000	1.009791e+03
	947	574	236.750000	53.500000	1.010826e+03
	910	575	227.500000	53.750000	1.014439e+03
	950	576	237.500000	54.000000	1.011006e+03
	968	576	242.000000	54.000000	1.009714e+03
	942	578	235.500000	54.500000	1.011999e+03
	939	580	234.750000	55.000000	1.011996e+03
	975	580	243.750000	55.000000	1.009189e+03
	966	581	241.500000	55.250000	1.010174e+03
	910	582	227.500000	55.500000	1.013461e+03
	935	582	233.750000	55.500000	1.011916e+03
	945	582	236.250000	55.500000	1.011829e+03
	973	582	243.250000	55.500000	1.009449e+03
	943	584	235.750000	56.000000	1.011876e+03
	805	585	201.250000	56.250000	1.008279e+03
	953	585	238.250000	56.250000	1.010441e+03
	908	588	227.000000	57.000000	1.012636e+03
	964	588	241.000000	57.000000	1.010339e+03
	974	589	243.500000	57.250000	1.010221e+03
	902	590	225.500000	57.500000	1.012324e+03
	922	591	230.500000	57.750000	1.009216e+03
	966	591	241.500000	57.750000	1.010426e+03
	996	591	249.000000	57.750000	1.012124e+03
	898	592	224.500000	58.000000	1.012234e+03
	926	592	231.500000	58.000000	1.008899e+03
	946	592	236.500000	58.000000	1.010114e+03
	970	592	242.500000	58.000000	1.010291e+03
	980	592	245.000000	58.000000	1.011099e+03
	994	593	248.500000	58.250000	1.012371e+03
	890	594	222.500000	58.500000	1.012219e+03
	894	595	223.500000	58.750000	1.011906e+03
	920	595	230.000000	58.750000	1.008974e+03
	960	595	240.000000	58.750000	1.009651e+03
	965	595	241.250000	58.750000	1.009964e+03
	825	596	206.250000	59.000000	1.003234e+03
	842	596	210.500000	59.000000	1.003949e+03
	846	596	211.500000	59.000000	1.003819e+03
	930	598	232.500000	59.500000	1.007641e+03
	971	598	242.750000	59.500000	1.010381e+03
	666	599	166.500000	59.750000	1.009601e+03
	943	599	235.750000	59.750000	1.008534e+03
	954	599	238.500000	59.750000	1.008849e+03
	836	600	209.000000	60.000000	1.003776e+03
	923	600	230.750000	60.000000	1.007569e+03
