2015	6	23	174	6
	814	438	203.500000	19.500000	1.013828e+03
	954	438	238.500000	19.500000	1.013993e+03
	955	438	238.750000	19.500000	1.013993e+03
	812	439	203.000000	19.750000	1.013868e+03
	815	440	203.750000	20.000000	1.013613e+03
	821	440	205.250000	20.000000	1.015083e+03
	810	441	202.500000	20.250000	1.013913e+03
	817	442	204.250000	20.500000	1.014768e+03
	821	443	205.250000	20.750000	1.015288e+03
	817	444	204.250000	21.000000	1.015223e+03
	969	452	242.250000	23.000000	1.014528e+03
	998	453	249.500000	23.250000	1.013761e+03
	994	459	248.500000	24.750000	1.013713e+03
	977	462	244.250000	25.500000	1.014811e+03
	990	465	247.500000	26.250000	1.013403e+03
	987	468	246.750000	27.000000	1.013086e+03
	984	473	246.000000	28.250000	1.013583e+03
	989	474	247.250000	28.500000	1.009698e+03
	992	475	248.000000	28.750000	1.010048e+03
	979	478	244.750000	29.500000	1.013813e+03
	996	478	249.000000	29.500000	1.010773e+03
	984	480	246.000000	30.000000	1.008758e+03
	982	482	245.500000	30.500000	1.008013e+03
	806	484	201.500000	31.000000	1.021616e+03
	834	484	208.500000	31.000000	1.021511e+03
	975	484	243.750000	31.000000	1.013543e+03
	981	485	245.250000	31.250000	1.008081e+03
	691	486	172.750000	31.500000	1.018451e+03
	837	486	209.250000	31.500000	1.021556e+03
	812	487	203.000000	31.750000	1.021583e+03
	974	488	243.500000	32.000000	1.013851e+03
	1000	488	250.000000	32.000000	1.012058e+03
	979	489	244.750000	32.250000	1.007073e+03
	984	491	246.000000	32.750000	1.007691e+03
	985	491	246.250000	32.750000	1.007691e+03
	915	492	228.750000	33.000000	1.023476e+03
	977	492	244.250000	33.000000	1.006738e+03
	988	492	247.000000	33.000000	1.007846e+03
	915	493	228.750000	33.250000	1.023476e+03
	918	493	229.500000	33.250000	1.023463e+03
	969	493	242.250000	33.250000	1.013666e+03
	998	493	249.500000	33.250000	1.010753e+03
	991	494	247.750000	33.500000	1.007593e+03
	971	495	242.750000	33.750000	1.013433e+03
	673	497	168.250000	34.250000	1.018671e+03
	962	497	240.500000	34.250000	1.012021e+03
	979	497	244.750000	34.250000	1.006626e+03
	966	498	241.500000	34.500000	1.013066e+03
	996	502	249.000000	35.500000	1.010056e+03
	971	503	242.750000	35.750000	1.008708e+03
	975	503	243.750000	35.750000	1.007318e+03
	963	504	240.750000	36.000000	1.011876e+03
	990	504	247.500000	36.000000	1.012286e+03
	995	504	248.750000	36.000000	1.010116e+03
	960	505	240.000000	36.250000	1.012481e+03
	982	505	245.500000	36.250000	1.006451e+03
	972	506	243.000000	36.500000	1.005736e+03
	988	507	247.000000	36.750000	1.010971e+03
	908	508	227.000000	37.000000	1.022561e+03
	980	508	245.000000	37.000000	1.008221e+03
	995	508	248.750000	37.000000	1.008711e+03
	1000	508	250.000000	37.000000	1.008831e+03
	997	510	249.250000	37.500000	1.007656e+03
	971	511	242.750000	37.750000	1.009131e+03
	980	511	245.000000	37.750000	1.009673e+03
	986	511	246.500000	37.750000	1.011243e+03
	720	512	180.000000	38.000000	1.015178e+03
	732	514	183.000000	38.500000	1.014923e+03
	977	514	244.250000	38.500000	1.008593e+03
	997	514	249.250000	38.500000	1.007281e+03
	1000	515	250.000000	38.750000	1.006431e+03
	967	516	241.750000	39.000000	1.011236e+03
	986	517	246.500000	39.250000	1.007863e+03
	989	517	247.250000	39.250000	1.006933e+03
	952	518	238.000000	39.500000	1.012011e+03
	966	519	241.500000	39.750000	1.011043e+03
	992	520	248.000000	40.000000	1.009601e+03
	986	522	246.500000	40.500000	1.008216e+03
	973	523	243.250000	40.750000	1.012053e+03
	965	524	241.250000	41.000000	1.011628e+03
	991	524	247.750000	41.000000	1.008971e+03
	782	525	195.500000	41.250000	1.005153e+03
	980	525	245.000000	41.250000	1.012131e+03
	956	526	239.000000	41.500000	1.015743e+03
	950	527	237.500000	41.750000	1.017523e+03
	973	528	243.250000	42.000000	1.011911e+03
	948	530	237.000000	42.500000	1.018558e+03
	969	531	242.250000	42.750000	1.010728e+03
	980	531	245.000000	42.750000	1.010738e+03
	977	532	244.250000	43.000000	1.010611e+03
	989	533	247.250000	43.250000	1.011606e+03
	968	535	242.000000	43.750000	1.011481e+03
	990	535	247.500000	43.750000	1.011046e+03
	972	536	243.000000	44.000000	1.010163e+03
	949	537	237.250000	44.250000	1.019336e+03
	956	537	239.000000	44.250000	1.017928e+03
	963	539	240.750000	44.750000	1.016281e+03
	984	539	246.000000	44.750000	1.015633e+03
	980	540	245.000000	45.000000	1.016576e+03
	857	542	214.250000	45.500000	1.001348e+03
	950	542	237.500000	45.500000	1.018951e+03
	992	542	248.000000	45.500000	1.014911e+03
	956	544	239.000000	46.000000	1.016688e+03
	993	544	248.250000	46.000000	1.014418e+03
	966	546	241.500000	46.500000	1.012193e+03
	972	546	243.000000	46.500000	1.013413e+03
	989	546	247.250000	46.500000	1.015616e+03
	984	547	246.000000	46.750000	1.014631e+03
	992	548	248.000000	47.000000	1.014213e+03
	982	550	245.500000	47.500000	1.014038e+03
	950	551	237.500000	47.750000	1.018573e+03
	965	552	241.250000	48.000000	1.012173e+03
	983	552	245.750000	48.000000	1.014213e+03
	831	553	207.750000	48.250000	1.000586e+03
	953	553	238.250000	48.250000	1.018883e+03
	995	553	248.750000	48.250000	1.013483e+03
	968	555	242.000000	48.750000	1.012441e+03
	999	555	249.750000	48.750000	1.013256e+03
	945	557	236.250000	49.250000	1.017078e+03
	951	557	237.750000	49.250000	1.018276e+03
	977	558	244.250000	49.500000	1.014098e+03
	989	559	247.250000	49.750000	1.012116e+03
	827	560	206.750000	50.000000	1.000066e+03
	828	560	207.000000	50.000000	1.000066e+03
	940	560	235.000000	50.000000	1.016748e+03
	968	562	242.000000	50.500000	1.013858e+03
	977	562	244.250000	50.500000	1.013901e+03
	963	563	240.750000	50.750000	1.013083e+03
	992	564	248.000000	51.000000	1.012723e+03
	940	565	235.000000	51.250000	1.017108e+03
	960	566	240.000000	51.500000	1.012628e+03
	970	566	242.500000	51.500000	1.013988e+03
	953	569	238.250000	52.250000	1.012028e+03
	691	571	172.750000	52.750000	1.017633e+03
	914	572	228.500000	53.000000	1.017971e+03
	961	572	240.250000	53.000000	1.015081e+03
	909	573	227.250000	53.250000	1.018106e+03
	951	576	237.750000	54.000000	1.013066e+03
	948	577	237.000000	54.250000	1.013171e+03
	943	578	235.750000	54.500000	1.013051e+03
	782	579	195.500000	54.750000	1.013688e+03
	665	580	166.250000	55.000000	1.016861e+03
	961	580	240.250000	55.000000	1.014551e+03
	934	581	233.500000	55.250000	1.014043e+03
	791	582	197.750000	55.500000	1.014018e+03
	929	582	232.250000	55.500000	1.014883e+03
	945	582	236.250000	55.500000	1.014413e+03
	943	584	235.750000	56.000000	1.014408e+03
	675	585	168.750000	56.250000	1.017758e+03
	800	585	200.000000	56.250000	1.014016e+03
	924	585	231.000000	56.250000	1.014901e+03
	930	585	232.500000	56.250000	1.015123e+03
	954	585	238.500000	56.250000	1.013658e+03
	913	586	228.250000	56.500000	1.016363e+03
	920	587	230.000000	56.750000	1.015666e+03
	989	588	247.250000	57.000000	1.012956e+03
	808	589	202.000000	57.250000	1.014681e+03
	1000	589	250.000000	57.250000	1.012538e+03
	736	590	184.000000	57.500000	1.017553e+03
	904	590	226.000000	57.500000	1.015908e+03
	938	590	234.500000	57.500000	1.014033e+03
	826	591	206.500000	57.750000	1.014903e+03
	996	591	249.000000	57.750000	1.012491e+03
	916	592	229.000000	58.000000	1.015076e+03
	994	593	248.500000	58.250000	1.012521e+03
	973	594	243.250000	58.500000	1.011966e+03
	983	594	245.750000	58.500000	1.012491e+03
	774	595	193.500000	58.750000	1.014696e+03
	820	595	205.000000	58.750000	1.014051e+03
	894	595	223.500000	58.750000	1.016191e+03
	813	596	203.250000	59.000000	1.014676e+03
	836	599	209.000000	59.750000	1.015563e+03
	933	599	233.250000	59.750000	1.010546e+03
	988	600	247.000000	60.000000	1.011723e+03
