2015	7	4	176	9
	740	421	185.000000	15.250000	1.011802e+03
	973	421	243.250000	15.250000	1.009798e+03
	728	429	182.000000	17.250000	1.011781e+03
	968	431	242.000000	17.750000	1.010786e+03
	980	432	245.000000	18.000000	1.010633e+03
	815	436	203.750000	19.000000	1.013631e+03
	991	437	247.750000	19.250000	1.010458e+03
	814	438	203.500000	19.500000	1.013623e+03
	812	439	203.000000	19.750000	1.013762e+03
	775	440	193.750000	20.000000	1.012423e+03
	815	440	203.750000	20.000000	1.013423e+03
	803	442	200.750000	20.500000	1.013549e+03
	808	442	202.000000	20.500000	1.013608e+03
	810	443	202.500000	20.750000	1.013579e+03
	821	443	205.250000	20.750000	1.014394e+03
	767	444	191.750000	21.000000	1.012546e+03
	762	446	190.500000	21.500000	1.012658e+03
	802	446	200.500000	21.500000	1.013646e+03
	800	447	200.000000	21.750000	1.013693e+03
	772	448	193.000000	22.000000	1.012471e+03
	799	449	199.750000	22.250000	1.013644e+03
	803	449	200.750000	22.250000	1.014077e+03
	999	452	249.750000	23.000000	1.009182e+03
	776	453	194.000000	23.250000	1.012631e+03
	997	455	249.250000	23.750000	1.009422e+03
	755	456	188.750000	24.000000	1.013167e+03
	780	456	195.000000	24.000000	1.012709e+03
	768	457	192.000000	24.250000	1.012763e+03
	851	458	212.750000	24.500000	1.015966e+03
	854	458	213.500000	24.500000	1.015957e+03
	782	459	195.500000	24.750000	1.012798e+03
	896	460	224.000000	25.000000	1.016399e+03
	773	462	193.250000	25.500000	1.012738e+03
	912	462	228.000000	25.500000	1.016388e+03
	914	463	228.500000	25.750000	1.016372e+03
	996	464	249.000000	26.000000	1.006417e+03
	990	465	247.500000	26.250000	1.007973e+03
	773	466	193.250000	26.500000	1.012753e+03
	894	466	223.500000	26.500000	1.016401e+03
	995	466	248.750000	26.500000	1.006378e+03
	780	467	195.000000	26.750000	1.012571e+03
	874	469	218.500000	27.250000	1.016253e+03
	876	470	219.000000	27.500000	1.016264e+03
	992	470	248.000000	27.500000	1.006264e+03
	880	472	220.000000	28.000000	1.016316e+03
	783	473	195.750000	28.250000	1.012782e+03
	988	475	247.000000	28.750000	1.006024e+03
	881	476	220.250000	29.000000	1.016359e+03
	993	476	248.250000	29.000000	1.006018e+03
	891	477	222.750000	29.250000	1.016243e+03
	989	478	247.250000	29.500000	1.005819e+03
	984	480	246.000000	30.000000	1.005307e+03
	987	480	246.750000	30.000000	1.005587e+03
	982	482	245.500000	30.500000	1.004757e+03
	1000	482	250.000000	30.500000	1.010312e+03
	975	485	243.750000	31.250000	1.010583e+03
	1000	487	250.000000	31.750000	1.009699e+03
	979	489	244.750000	32.250000	1.004437e+03
	795	491	198.750000	32.750000	1.012236e+03
	978	491	244.500000	32.750000	1.004497e+03
	985	491	246.250000	32.750000	1.004841e+03
	993	492	248.250000	33.000000	1.005562e+03
	969	493	242.250000	33.250000	1.011616e+03
	993	493	248.250000	33.250000	1.005562e+03
	971	495	242.750000	33.750000	1.011419e+03
	981	495	245.250000	33.750000	1.004458e+03
	967	496	241.750000	34.000000	1.011348e+03
	961	498	240.250000	34.500000	1.010916e+03
	969	500	242.250000	35.000000	1.008521e+03
	963	501	240.750000	35.250000	1.008122e+03
	971	503	242.750000	35.750000	1.007004e+03
	975	503	243.750000	35.750000	1.005221e+03
	990	504	247.500000	36.000000	1.012484e+03
	956	505	239.000000	36.250000	1.010457e+03
	962	505	240.500000	36.250000	1.007588e+03
	982	505	245.500000	36.250000	1.004738e+03
	994	505	248.500000	36.250000	1.011376e+03
	972	506	243.000000	36.500000	1.003996e+03
	978	508	244.500000	37.000000	1.006822e+03
	993	508	248.250000	37.000000	1.008723e+03
	997	510	249.250000	37.500000	1.007944e+03
	980	511	245.000000	37.750000	1.008151e+03
	977	514	244.250000	38.500000	1.007926e+03
	997	514	249.250000	38.500000	1.006131e+03
	967	516	241.750000	39.000000	1.009659e+03
	972	517	243.000000	39.250000	1.010321e+03
	989	517	247.250000	39.250000	1.004614e+03
	952	518	238.000000	39.500000	1.007447e+03
	986	518	246.500000	39.500000	1.005629e+03
	726	519	181.500000	39.750000	1.006492e+03
	966	519	241.500000	39.750000	1.008159e+03
	978	519	244.500000	39.750000	1.008488e+03
	945	520	236.250000	40.000000	1.010329e+03
	969	520	242.250000	40.000000	1.007861e+03
	987	521	246.750000	40.250000	1.004674e+03
	985	523	246.250000	40.750000	1.004229e+03
	972	524	243.000000	41.000000	1.006828e+03
	978	524	244.500000	41.000000	1.008218e+03
	991	524	247.750000	41.000000	1.004402e+03
	944	525	236.000000	41.250000	1.010744e+03
	954	525	238.500000	41.250000	1.011056e+03
	769	526	192.250000	41.500000	9.964156e+02
	968	526	242.000000	41.500000	1.007001e+03
	988	526	247.000000	41.500000	1.004094e+03
	1000	526	250.000000	41.500000	1.007798e+03
	950	527	237.500000	41.750000	1.010576e+03
	943	528	235.750000	42.000000	1.010176e+03
	954	528	238.500000	42.000000	1.010648e+03
	973	528	243.250000	42.000000	1.006673e+03
	995	528	248.750000	42.000000	1.008388e+03
	1000	528	250.000000	42.000000	1.007796e+03
	714	529	178.500000	42.250000	1.006066e+03
	948	530	237.000000	42.500000	1.010848e+03
	963	531	240.750000	42.750000	1.008862e+03
	969	531	242.250000	42.750000	1.004921e+03
	977	532	244.250000	43.000000	1.003537e+03
	984	532	246.000000	43.000000	1.005046e+03
	989	534	247.250000	43.500000	1.004244e+03
	972	536	243.000000	44.000000	1.003442e+03
	956	537	239.000000	44.250000	1.010211e+03
	963	539	240.750000	44.750000	1.009459e+03
	979	539	244.750000	44.750000	1.010804e+03
	984	539	246.000000	44.750000	1.009224e+03
	950	543	237.500000	45.750000	1.011112e+03
	956	543	239.000000	45.750000	1.007937e+03
	994	544	248.500000	46.000000	1.006158e+03
	951	546	237.750000	46.500000	1.011146e+03
	959	546	239.750000	46.500000	1.006176e+03
	972	546	243.000000	46.500000	1.004957e+03
	989	546	247.250000	46.500000	1.007251e+03
	963	547	240.750000	46.750000	1.004469e+03
	984	547	246.000000	46.750000	1.006801e+03
	942	551	235.500000	47.750000	1.010989e+03
	968	551	242.000000	47.750000	1.003772e+03
	950	552	237.500000	48.000000	1.010253e+03
	998	552	249.500000	48.000000	1.003096e+03
	973	553	243.250000	48.250000	1.004114e+03
	983	553	245.750000	48.250000	1.005177e+03
	941	554	235.250000	48.500000	1.010984e+03
	979	554	244.750000	48.500000	1.005157e+03
	991	554	247.750000	48.500000	1.003691e+03
	1000	554	250.000000	48.500000	1.002932e+03
	937	556	234.250000	49.000000	1.010581e+03
	947	556	236.750000	49.000000	1.009681e+03
	993	556	248.250000	49.000000	1.003836e+03
	979	557	244.750000	49.250000	1.004996e+03
	996	557	249.000000	49.250000	1.003709e+03
	944	558	236.000000	49.500000	1.010187e+03
	732	559	183.000000	49.750000	9.987381e+02
	962	560	240.500000	50.000000	1.008743e+03
	949	561	237.250000	50.250000	1.011517e+03
	968	561	242.000000	50.250000	1.008427e+03
	963	563	240.750000	50.750000	1.008354e+03
	975	563	243.750000	50.750000	1.007923e+03
	972	566	243.000000	51.500000	1.009441e+03
	780	570	195.000000	52.500000	9.990594e+02
	932	570	233.000000	52.500000	1.016787e+03
	929	571	232.250000	52.750000	1.017004e+03
	937	573	234.250000	53.250000	1.016334e+03
	954	573	238.500000	53.250000	1.013762e+03
	969	573	242.250000	53.250000	1.012272e+03
	955	576	238.750000	54.000000	1.013232e+03
	968	581	242.000000	55.250000	1.011063e+03
	798	585	199.500000	56.250000	1.004727e+03
	888	589	222.000000	57.250000	1.024856e+03
	918	593	229.500000	58.250000	1.020882e+03
	932	593	233.000000	58.250000	1.018992e+03
	879	594	219.750000	58.500000	1.024643e+03
	897	595	224.250000	58.750000	1.024758e+03
	884	596	221.000000	59.000000	1.024761e+03
	892	596	223.000000	59.000000	1.023747e+03
	1000	596	250.000000	59.000000	1.005161e+03
	792	599	198.000000	59.750000	1.011541e+03
	879	599	219.750000	59.750000	1.024748e+03
	896	599	224.000000	59.750000	1.022529e+03
	911	600	227.750000	60.000000	1.021317e+03
