2015	3	22	159	12
	674	430	168.500000	17.500000	1.013055e+03
	664	431	166.000000	17.750000	1.012917e+03
	674	431	168.500000	17.750000	1.013055e+03
	669	433	167.250000	18.250000	1.013003e+03
	661	434	165.250000	18.500000	1.012963e+03
	664	436	166.000000	19.000000	1.012968e+03
	815	436	203.750000	19.000000	1.017495e+03
	810	440	202.500000	20.000000	1.018468e+03
	815	440	203.750000	20.000000	1.017657e+03
	993	462	248.250000	25.500000	1.017073e+03
	923	468	230.750000	27.000000	1.023085e+03
	898	469	224.500000	27.250000	1.023070e+03
	981	469	245.250000	27.250000	1.019122e+03
	901	470	225.250000	27.500000	1.023095e+03
	992	470	248.000000	27.500000	1.017005e+03
	990	472	247.500000	28.000000	1.016900e+03
	905	473	226.250000	28.250000	1.023133e+03
	994	473	248.500000	28.250000	1.017037e+03
	907	474	226.750000	28.500000	1.023185e+03
	909	475	227.250000	28.750000	1.023220e+03
	988	475	247.000000	28.750000	1.016710e+03
	911	476	227.750000	29.000000	1.023240e+03
	914	477	228.500000	29.250000	1.023222e+03
	916	478	229.000000	29.500000	1.023230e+03
	818	479	204.500000	29.750000	1.025782e+03
	919	479	229.750000	29.750000	1.023198e+03
	984	480	246.000000	30.000000	1.016097e+03
	925	481	231.250000	30.250000	1.023107e+03
	982	483	245.500000	30.750000	1.015720e+03
	979	488	244.750000	32.000000	1.015910e+03
	972	489	243.000000	32.250000	1.020718e+03
	685	490	171.250000	32.500000	1.002768e+03
	982	491	245.500000	32.750000	1.015782e+03
	977	493	244.250000	33.250000	1.015825e+03
	985	494	246.250000	33.500000	1.015665e+03
	965	495	241.250000	33.750000	1.020090e+03
	979	498	244.750000	34.500000	1.014472e+03
	963	500	240.750000	35.000000	1.018638e+03
	975	500	243.750000	35.000000	1.014713e+03
	981	500	245.250000	35.000000	1.014360e+03
	995	502	248.750000	35.500000	1.017460e+03
	960	505	240.000000	36.250000	1.018555e+03
	982	505	245.500000	36.250000	1.013265e+03
	972	506	243.000000	36.500000	1.012763e+03
	739	507	184.750000	36.750000	9.972575e+02
	995	507	248.750000	36.750000	1.017075e+03
	731	508	182.750000	37.000000	9.988925e+02
	978	508	244.500000	37.000000	1.014388e+03
	992	508	248.000000	37.000000	1.017230e+03
	957	509	239.250000	37.250000	1.019102e+03
	718	510	179.500000	37.500000	9.972550e+02
	976	510	244.000000	37.500000	1.014895e+03
	998	510	249.500000	37.500000	1.015875e+03
	959	511	239.750000	37.750000	1.018835e+03
	721	512	180.250000	38.000000	9.971650e+02
	998	512	249.500000	38.000000	1.015862e+03
	723	514	180.750000	38.500000	9.971375e+02
	996	514	249.000000	38.500000	1.015675e+03
	957	515	239.250000	38.750000	1.019420e+03
	984	515	246.000000	38.750000	1.016597e+03
	989	515	247.250000	38.750000	1.016380e+03
	999	515	249.750000	38.750000	1.015438e+03
	965	518	241.250000	39.500000	1.017492e+03
	1000	518	250.000000	39.500000	1.015487e+03
	969	520	242.250000	40.000000	1.017680e+03
	988	520	247.000000	40.000000	1.017153e+03
	950	521	237.500000	40.250000	1.017213e+03
	961	521	240.250000	40.250000	1.018105e+03
	731	522	182.750000	40.500000	9.975250e+02
	941	523	235.250000	40.750000	1.017383e+03
	972	523	243.000000	40.750000	1.016785e+03
	733	524	183.250000	41.000000	9.975400e+02
	955	524	238.750000	41.000000	1.017617e+03
	991	524	247.750000	41.000000	1.017285e+03
	997	525	249.250000	41.250000	1.018838e+03
	951	527	237.750000	41.750000	1.016450e+03
	972	527	243.000000	41.750000	1.016630e+03
	999	528	249.750000	42.000000	1.018758e+03
	739	529	184.750000	42.250000	9.973900e+02
	950	529	237.500000	42.250000	1.016537e+03
	969	529	242.250000	42.250000	1.015880e+03
	742	530	185.500000	42.500000	9.974000e+02
	976	530	244.000000	42.500000	1.016670e+03
	990	531	247.500000	42.750000	1.019328e+03
	996	532	249.000000	43.000000	1.019807e+03
	948	533	237.000000	43.250000	1.017237e+03
	966	533	241.500000	43.250000	1.015715e+03
	972	533	243.000000	43.250000	1.015885e+03
	983	533	245.750000	43.250000	1.018143e+03
	988	534	247.000000	43.500000	1.018265e+03
	998	534	249.500000	43.500000	1.019688e+03
	975	535	243.750000	43.750000	1.016292e+03
	959	537	239.750000	44.250000	1.015047e+03
	990	537	247.500000	44.250000	1.019225e+03
	952	540	238.000000	45.000000	1.016458e+03
	964	540	241.000000	45.000000	1.015648e+03
	970	541	242.500000	45.250000	1.017487e+03
	966	543	241.500000	45.750000	1.016440e+03
	975	543	243.750000	45.750000	1.019242e+03
	994	543	248.500000	45.750000	1.018625e+03
	967	545	241.750000	46.250000	1.016713e+03
	989	545	247.250000	46.250000	1.019630e+03
	949	546	237.250000	46.500000	1.015898e+03
	993	546	248.250000	46.500000	1.018448e+03
	950	552	237.500000	48.000000	1.016607e+03
	974	552	243.500000	48.000000	1.019650e+03
	998	552	249.500000	48.000000	1.016347e+03
	947	553	236.750000	48.250000	1.016385e+03
	984	553	246.000000	48.250000	1.019097e+03
	910	554	227.500000	48.500000	1.005792e+03
	960	555	240.000000	48.750000	1.018335e+03
	969	555	242.250000	48.750000	1.019455e+03
	990	555	247.500000	48.750000	1.016040e+03
	947	556	236.750000	49.000000	1.016715e+03
	980	556	245.000000	49.000000	1.019068e+03
	986	557	246.500000	49.250000	1.016083e+03
	966	558	241.500000	49.500000	1.019220e+03
	963	559	240.750000	49.750000	1.018737e+03
	840	561	210.000000	50.250000	9.917125e+02
	841	561	210.250000	50.250000	9.917125e+02
	891	562	222.750000	50.500000	1.003840e+03
	954	562	238.500000	50.500000	1.018420e+03
	884	564	221.000000	51.000000	1.003965e+03
	885	564	221.250000	51.000000	1.003965e+03
	949	565	237.250000	51.250000	1.018640e+03
	970	566	242.500000	51.500000	1.017513e+03
	977	566	244.250000	51.500000	1.016068e+03
	945	567	236.250000	51.750000	1.018005e+03
	787	569	196.750000	52.250000	1.005393e+03
	776	571	194.000000	52.750000	1.005290e+03
	970	571	242.500000	52.750000	1.017242e+03
	956	572	239.000000	53.000000	1.020810e+03
	967	572	241.750000	53.000000	1.017415e+03
	932	575	233.000000	53.750000	1.017445e+03
	984	578	246.000000	54.500000	1.023750e+03
	984	579	246.000000	54.750000	1.023750e+03
	991	580	247.750000	55.000000	1.023790e+03
	928	581	232.000000	55.250000	1.017417e+03
	973	581	243.250000	55.250000	1.022643e+03
	988	582	247.000000	55.500000	1.023750e+03
	970	584	242.500000	56.000000	1.022537e+03
	934	588	233.500000	57.000000	1.017982e+03
	943	590	235.750000	57.500000	1.019068e+03
	916	591	229.000000	57.750000	1.018630e+03
	987	592	246.750000	58.000000	1.025800e+03
	928	593	232.000000	58.250000	1.018355e+03
	940	593	235.000000	58.250000	1.019037e+03
	907	594	226.750000	58.500000	1.017625e+03
	861	595	215.250000	58.750000	1.013410e+03
	936	595	234.000000	58.750000	1.018792e+03
	892	596	223.000000	59.000000	1.016992e+03
	924	596	231.000000	59.000000	1.018282e+03
	859	597	214.750000	59.250000	1.013580e+03
	868	597	217.000000	59.250000	1.012815e+03
	978	597	244.500000	59.250000	1.024655e+03
	889	598	222.250000	59.500000	1.016520e+03
	896	598	224.000000	59.500000	1.017307e+03
	913	599	228.250000	59.750000	1.017148e+03
	937	600	234.250000	60.000000	1.021578e+03
