2014	11	14	230	9
	739	420	184.750000	15.000000	1.012737e+03
	748	420	187.000000	15.000000	1.012700e+03
	760	421	190.000000	15.250000	1.012463e+03
	761	421	190.250000	15.250000	1.012463e+03
	761	422	190.250000	15.500000	1.012463e+03
	779	422	194.750000	15.500000	1.012888e+03
	692	423	173.000000	15.750000	1.013440e+03
	805	423	201.250000	15.750000	1.012820e+03
	769	425	192.250000	16.250000	1.012607e+03
	782	425	195.500000	16.250000	1.012905e+03
	786	425	196.500000	16.250000	1.013035e+03
	954	425	238.500000	16.250000	1.012325e+03
	769	426	192.250000	16.500000	1.012607e+03
	956	426	239.000000	16.500000	1.012333e+03
	765	427	191.250000	16.750000	1.012595e+03
	951	427	237.750000	16.750000	1.012343e+03
	670	428	167.500000	17.000000	1.013797e+03
	811	428	202.750000	17.000000	1.012705e+03
	772	429	193.000000	17.250000	1.012620e+03
	790	430	197.500000	17.500000	1.012980e+03
	814	430	203.500000	17.500000	1.012747e+03
	773	431	193.250000	17.750000	1.012622e+03
	784	431	196.000000	17.750000	1.012742e+03
	776	432	194.000000	18.000000	1.012643e+03
	784	432	196.000000	18.000000	1.012742e+03
	949	432	237.250000	18.000000	1.012450e+03
	996	432	249.000000	18.000000	1.012800e+03
	740	433	185.000000	18.250000	1.013545e+03
	788	435	197.000000	18.750000	1.012737e+03
	999	435	249.750000	18.750000	1.012755e+03
	820	441	205.000000	20.250000	1.011540e+03
	817	442	204.250000	20.500000	1.011682e+03
	811	443	202.750000	20.750000	1.011725e+03
	812	443	203.000000	20.750000	1.011725e+03
	821	443	205.250000	20.750000	1.011742e+03
	817	444	204.250000	21.000000	1.011600e+03
	815	445	203.750000	21.250000	1.011537e+03
	841	445	210.250000	21.250000	1.013612e+03
	802	446	200.500000	21.500000	1.011878e+03
	786	447	196.500000	21.750000	1.011578e+03
	800	447	200.000000	21.750000	1.011872e+03
	823	448	205.750000	22.000000	1.010980e+03
	796	449	199.000000	22.250000	1.011750e+03
	799	449	199.750000	22.250000	1.011727e+03
	796	450	199.000000	22.500000	1.011750e+03
	802	450	200.500000	22.500000	1.011677e+03
	998	453	249.500000	23.250000	1.013615e+03
	811	456	202.750000	24.000000	1.011245e+03
	784	458	196.000000	24.500000	1.010097e+03
	813	460	203.250000	25.000000	1.011205e+03
	822	463	205.500000	25.750000	1.011698e+03
	812	464	203.000000	26.000000	1.011213e+03
	952	464	238.000000	26.000000	1.017605e+03
	996	464	249.000000	26.000000	1.013105e+03
	999	464	249.750000	26.000000	1.013160e+03
	990	465	247.500000	26.250000	1.014213e+03
	956	467	239.000000	26.750000	1.017732e+03
	993	469	248.250000	27.250000	1.013240e+03
	992	470	248.000000	27.500000	1.013240e+03
	783	473	195.750000	28.250000	1.008713e+03
	824	473	206.000000	28.250000	1.010765e+03
	813	474	203.250000	28.500000	1.009770e+03
	807	475	201.750000	28.750000	1.009800e+03
	808	475	202.000000	28.750000	1.009800e+03
	819	477	204.750000	29.250000	1.009657e+03
	927	477	231.750000	29.250000	1.018693e+03
	980	477	245.000000	29.250000	1.014710e+03
	823	480	205.750000	30.000000	1.009537e+03
	931	480	232.750000	30.000000	1.018477e+03
	984	480	246.000000	30.000000	1.011965e+03
	836	482	209.000000	30.500000	1.010530e+03
	933	482	233.250000	30.500000	1.018407e+03
	982	482	245.500000	30.500000	1.011787e+03
	813	485	203.250000	31.250000	1.009495e+03
	938	485	234.500000	31.250000	1.018790e+03
	818	486	204.500000	31.500000	1.009630e+03
	972	487	243.000000	31.750000	1.015710e+03
	980	487	245.000000	31.750000	1.011857e+03
	1000	487	250.000000	31.750000	1.015125e+03
	931	488	232.750000	32.000000	1.019073e+03
	977	492	244.250000	33.000000	1.012185e+03
	988	492	247.000000	33.000000	1.012938e+03
	933	493	233.250000	33.250000	1.019347e+03
	993	493	248.250000	33.250000	1.013213e+03
	933	494	233.250000	33.500000	1.019347e+03
	936	494	234.000000	33.500000	1.019297e+03
	968	494	242.000000	33.500000	1.015175e+03
	985	494	246.250000	33.500000	1.013010e+03
	858	497	214.500000	34.250000	1.012385e+03
	962	497	240.500000	34.250000	1.015450e+03
	979	497	244.750000	34.250000	1.011820e+03
	981	499	245.250000	34.750000	1.012130e+03
	963	500	240.750000	35.000000	1.015905e+03
	975	500	243.750000	35.000000	1.012227e+03
	989	500	247.250000	35.000000	1.015180e+03
	963	504	240.750000	36.000000	1.015787e+03
	951	505	237.750000	36.250000	1.018203e+03
	960	505	240.000000	36.250000	1.016323e+03
	982	505	245.500000	36.250000	1.011260e+03
	972	506	243.000000	36.500000	1.010855e+03
	988	506	247.000000	36.500000	1.013167e+03
	994	506	248.500000	36.500000	1.013010e+03
	952	508	238.000000	37.000000	1.018203e+03
	992	508	248.000000	37.000000	1.013180e+03
	986	511	246.500000	37.750000	1.013347e+03
	995	512	248.750000	38.000000	1.013778e+03
	984	514	246.000000	38.500000	1.013355e+03
	945	515	236.250000	38.750000	1.018333e+03
	990	515	247.500000	38.750000	1.014400e+03
	954	516	238.500000	39.000000	1.016935e+03
	952	518	238.000000	39.500000	1.016932e+03
	997	519	249.250000	39.750000	1.015292e+03
	669	520	167.250000	40.000000	1.011713e+03
	975	520	243.750000	40.000000	1.014083e+03
	984	520	246.000000	40.000000	1.013367e+03
	950	521	237.500000	40.250000	1.017160e+03
	674	522	168.500000	40.500000	1.011455e+03
	982	522	245.500000	40.500000	1.013700e+03
	989	522	247.250000	40.500000	1.015265e+03
	972	523	243.000000	40.750000	1.014000e+03
	977	523	244.250000	40.750000	1.014205e+03
	964	524	241.000000	41.000000	1.014895e+03
	1000	525	250.000000	41.250000	1.012903e+03
	967	526	241.750000	41.500000	1.014340e+03
	807	529	201.750000	42.250000	1.003472e+03
	978	529	244.500000	42.250000	1.011550e+03
	997	530	249.250000	42.500000	1.014535e+03
	974	531	243.500000	42.750000	1.011732e+03
	991	532	247.750000	43.000000	1.017585e+03
	963	533	240.750000	43.250000	1.011740e+03
	967	533	241.750000	43.250000	1.011360e+03
	978	534	244.500000	43.500000	1.014755e+03
	954	535	238.500000	43.750000	1.011943e+03
	959	535	239.750000	43.750000	1.012013e+03
	999	535	249.750000	43.750000	1.016860e+03
	829	536	207.250000	44.000000	1.002250e+03
	946	536	236.500000	44.000000	1.012760e+03
	983	536	245.750000	44.000000	1.013150e+03
	942	537	235.500000	44.250000	1.012720e+03
	966	537	241.500000	44.250000	1.012185e+03
	951	538	237.750000	44.500000	1.012953e+03
	1000	538	250.000000	44.500000	1.016135e+03
	929	539	232.250000	44.750000	1.013172e+03
	873	541	218.250000	45.250000	1.003807e+03
	923	541	230.750000	45.250000	1.013250e+03
	989	541	247.250000	45.250000	1.017810e+03
	993	541	248.250000	45.250000	1.018503e+03
	970	542	242.500000	45.500000	1.017153e+03
	975	542	243.750000	45.500000	1.017160e+03
	985	543	246.250000	45.750000	1.017490e+03
	988	543	247.000000	45.750000	1.017905e+03
	955	544	238.750000	46.000000	1.020042e+03
	997	545	249.250000	46.250000	1.022060e+03
	912	546	228.000000	46.500000	1.013203e+03
	949	546	237.250000	46.500000	1.015883e+03
	869	547	217.250000	46.750000	1.003305e+03
	962	549	240.500000	47.250000	1.019602e+03
	972	550	243.000000	47.500000	1.019090e+03
	983	550	245.750000	47.500000	1.021680e+03
	865	551	216.250000	47.750000	1.003935e+03
	864	553	216.000000	48.250000	1.003975e+03
	949	554	237.250000	48.500000	1.017013e+03
	995	555	248.750000	48.750000	1.030578e+03
	935	556	233.750000	49.000000	1.017555e+03
	990	556	247.500000	49.000000	1.029142e+03
	944	558	236.000000	49.500000	1.018550e+03
	1000	558	250.000000	49.500000	1.030025e+03
	929	559	232.250000	49.750000	1.017665e+03
	773	563	193.250000	50.750000	9.810275e+02
	852	563	213.000000	50.750000	1.001815e+03
	963	563	240.750000	50.750000	1.022482e+03
	975	565	243.750000	51.250000	1.026223e+03
	990	565	247.500000	51.250000	1.031395e+03
	671	567	167.750000	51.750000	9.950375e+02
	958	567	239.500000	51.750000	1.026490e+03
	969	568	242.250000	52.000000	1.026068e+03
	940	569	235.000000	52.250000	1.028738e+03
	987	569	246.750000	52.250000	1.029875e+03
	959	571	239.750000	52.750000	1.026047e+03
	994	572	248.500000	53.000000	1.029953e+03
	963	573	240.750000	53.250000	1.027820e+03
	837	574	209.250000	53.500000	1.001140e+03
	979	574	244.750000	53.500000	1.031135e+03
	834	575	208.500000	53.750000	1.001045e+03
	954	576	238.500000	54.000000	1.028147e+03
	829	577	207.250000	54.250000	1.001145e+03
	951	577	237.750000	54.250000	1.028225e+03
	826	578	206.500000	54.500000	1.001145e+03
	979	579	244.750000	54.750000	1.030488e+03
	819	580	204.750000	55.000000	1.001130e+03
	815	581	203.750000	55.250000	1.001215e+03
	943	581	235.750000	55.250000	1.027652e+03
	811	582	202.750000	55.500000	1.001370e+03
	964	582	241.000000	55.500000	1.032162e+03
	931	583	232.750000	55.750000	1.027718e+03
	944	583	236.000000	55.750000	1.027780e+03
	801	585	200.250000	56.250000	1.001247e+03
	936	586	234.000000	56.500000	1.027412e+03
	962	587	240.500000	56.750000	1.031880e+03
	976	587	244.000000	56.750000	1.032185e+03
	910	588	227.500000	57.000000	1.021722e+03
	916	588	229.000000	57.000000	1.024407e+03
	930	588	232.500000	57.000000	1.027377e+03
	944	588	236.000000	57.000000	1.027715e+03
	922	589	230.500000	57.250000	1.024698e+03
	934	589	233.500000	57.250000	1.028725e+03
	918	590	229.500000	57.500000	1.025020e+03
	942	590	235.500000	57.500000	1.027555e+03
	962	590	240.500000	57.500000	1.032887e+03
	976	590	244.000000	57.500000	1.032387e+03
	902	591	225.500000	57.750000	1.022188e+03
	908	591	227.000000	57.750000	1.021120e+03
	932	592	233.000000	58.000000	1.027970e+03
	940	592	235.000000	58.000000	1.026600e+03
	923	594	230.750000	58.500000	1.026860e+03
	928	594	232.000000	58.500000	1.027932e+03
	1000	594	250.000000	58.500000	1.030335e+03
	902	595	225.500000	58.750000	1.021263e+03
	890	596	222.500000	59.000000	1.019737e+03
	921	596	230.250000	59.000000	1.028910e+03
	976	596	244.000000	59.000000	1.032468e+03
	916	597	229.000000	59.250000	1.026432e+03
	954	597	238.500000	59.250000	1.032345e+03
	907	598	226.750000	59.500000	1.027282e+03
	939	599	234.750000	59.750000	1.029890e+03
	949	599	237.250000	59.750000	1.032262e+03
	964	599	241.000000	59.750000	1.033280e+03
	836	600	209.000000	60.000000	1.018125e+03
	896	600	224.000000	60.000000	1.020005e+03
	969	600	242.250000	60.000000	1.033730e+03
