2015	5	26	186	6
	993	420	248.250000	15.000000	1.012290e+03
	856	424	214.000000	16.000000	1.013562e+03
	856	425	214.000000	16.250000	1.013562e+03
	855	427	213.750000	16.750000	1.013560e+03
	824	428	206.000000	17.000000	1.013805e+03
	822	435	205.500000	18.750000	1.014472e+03
	810	436	202.500000	19.000000	1.014330e+03
	826	436	206.500000	19.000000	1.014562e+03
	814	438	203.500000	19.500000	1.014247e+03
	810	441	202.500000	20.250000	1.014232e+03
	813	441	203.250000	20.250000	1.014175e+03
	868	441	217.000000	20.250000	1.013907e+03
	849	442	212.250000	20.500000	1.014190e+03
	818	444	204.500000	21.000000	1.014430e+03
	807	445	201.750000	21.250000	1.014528e+03
	814	445	203.500000	21.250000	1.014448e+03
	957	445	239.250000	21.250000	1.016258e+03
	802	446	200.500000	21.500000	1.014690e+03
	813	447	203.250000	21.750000	1.014410e+03
	878	450	219.500000	22.500000	1.014227e+03
	817	451	204.250000	22.750000	1.014287e+03
	882	455	220.500000	23.750000	1.014370e+03
	883	457	220.750000	24.250000	1.014400e+03
	998	462	249.500000	25.500000	1.011843e+03
	1000	463	250.000000	25.750000	1.011872e+03
	996	464	249.000000	26.000000	1.011585e+03
	990	465	247.500000	26.250000	1.013278e+03
	995	466	248.750000	26.500000	1.011550e+03
	993	469	248.250000	27.250000	1.011685e+03
	995	470	248.750000	27.500000	1.011675e+03
	997	471	249.250000	27.750000	1.011715e+03
	989	474	247.250000	28.500000	1.011640e+03
	851	476	212.750000	29.000000	1.010477e+03
	890	479	222.500000	29.750000	1.012562e+03
	917	479	229.250000	29.750000	1.017945e+03
	984	480	246.000000	30.000000	1.010968e+03
	917	482	229.250000	30.500000	1.017975e+03
	982	482	245.500000	30.500000	1.010497e+03
	915	484	228.750000	31.000000	1.018080e+03
	981	484	245.250000	31.000000	1.010573e+03
	847	485	211.750000	31.250000	1.010278e+03
	848	485	212.000000	31.250000	1.010278e+03
	841	486	210.250000	31.500000	1.010165e+03
	914	486	228.500000	31.500000	1.018208e+03
	979	488	244.750000	32.000000	1.010107e+03
	1000	488	250.000000	32.000000	1.012773e+03
	984	491	246.000000	32.750000	1.010790e+03
	977	492	244.250000	33.000000	1.009450e+03
	927	493	231.750000	33.250000	1.019352e+03
	992	493	248.000000	33.250000	1.009977e+03
	841	494	210.250000	33.500000	1.010222e+03
	858	495	214.500000	33.750000	1.007875e+03
	917	495	229.250000	33.750000	1.019375e+03
	916	497	229.000000	34.250000	1.019378e+03
	978	497	244.500000	34.250000	1.009203e+03
	843	498	210.750000	34.500000	1.010102e+03
	981	499	245.250000	34.750000	1.009458e+03
	990	499	247.500000	34.750000	1.012990e+03
	976	500	244.000000	35.000000	1.009157e+03
	1000	500	250.000000	35.000000	1.013225e+03
	963	501	240.750000	35.250000	1.011225e+03
	996	502	249.000000	35.500000	1.011895e+03
	971	503	242.750000	35.750000	1.009347e+03
	975	503	243.750000	35.750000	1.008250e+03
	995	504	248.750000	36.000000	1.011787e+03
	982	505	245.500000	36.250000	1.007792e+03
	972	506	243.000000	36.500000	1.006555e+03
	962	507	240.500000	36.750000	1.010815e+03
	988	507	247.000000	36.750000	1.011403e+03
	978	508	244.500000	37.000000	1.009328e+03
	994	508	248.500000	37.000000	1.011250e+03
	1000	508	250.000000	37.000000	1.012157e+03
	959	510	239.750000	37.500000	1.011820e+03
	997	510	249.250000	37.500000	1.010985e+03
	677	511	169.250000	37.750000	1.009445e+03
	980	511	245.000000	37.750000	1.010040e+03
	986	511	246.500000	37.750000	1.011542e+03
	681	512	170.250000	38.000000	1.009528e+03
	684	512	171.000000	38.000000	1.009515e+03
	969	513	242.250000	38.250000	1.013725e+03
	997	514	249.250000	38.500000	1.011255e+03
	1000	515	250.000000	38.750000	1.010282e+03
	989	517	247.250000	39.250000	1.010925e+03
	986	518	246.500000	39.500000	1.011435e+03
	801	519	200.250000	39.750000	1.023062e+03
	951	519	237.750000	39.750000	1.010540e+03
	966	519	241.500000	39.750000	1.012230e+03
	946	520	236.500000	40.000000	1.012722e+03
	969	520	242.250000	40.000000	1.012380e+03
	992	520	248.000000	40.000000	1.012182e+03
	950	521	237.500000	40.250000	1.010458e+03
	960	522	240.000000	40.500000	1.012307e+03
	986	522	246.500000	40.500000	1.010655e+03
	802	523	200.500000	40.750000	1.023057e+03
	972	523	243.000000	40.750000	1.012318e+03
	977	523	244.250000	40.750000	1.012917e+03
	964	524	241.000000	41.000000	1.012280e+03
	987	524	246.750000	41.000000	1.010755e+03
	990	524	247.500000	41.000000	1.010532e+03
	954	525	238.500000	41.250000	1.012380e+03
	802	526	200.500000	41.500000	1.023057e+03
	946	526	236.500000	41.500000	1.012932e+03
	956	527	239.000000	41.750000	1.012513e+03
	944	528	236.000000	42.000000	1.013093e+03
	995	528	248.750000	42.000000	1.013570e+03
	948	530	237.000000	42.500000	1.014095e+03
	1000	530	250.000000	42.500000	1.012490e+03
	963	531	240.750000	42.750000	1.011185e+03
	977	532	244.250000	43.000000	1.009545e+03
	974	534	243.500000	43.500000	1.009450e+03
	988	534	247.000000	43.500000	1.010378e+03
	950	536	237.500000	44.000000	1.015470e+03
	972	536	243.000000	44.000000	1.008523e+03
	956	537	239.000000	44.250000	1.013472e+03
	963	538	240.750000	44.500000	1.012102e+03
	984	538	246.000000	44.500000	1.012172e+03
	950	542	237.500000	45.500000	1.016105e+03
	992	542	248.000000	45.500000	1.011023e+03
	981	544	245.250000	46.000000	1.012713e+03
	995	544	248.750000	46.000000	1.009795e+03
	966	545	241.500000	46.250000	1.009153e+03
	995	546	248.750000	46.500000	1.009980e+03
	816	548	204.000000	47.000000	1.023735e+03
	986	548	246.500000	47.000000	1.011715e+03
	942	551	235.500000	47.750000	1.016590e+03
	947	551	236.750000	47.750000	1.016055e+03
	983	551	245.750000	47.750000	1.011115e+03
	977	553	244.250000	48.250000	1.011560e+03
	995	553	248.750000	48.250000	1.008350e+03
	947	554	236.750000	48.500000	1.015540e+03
	945	556	236.250000	49.000000	1.015253e+03
	967	556	241.750000	49.000000	1.011403e+03
	941	558	235.250000	49.500000	1.014963e+03
	977	558	244.250000	49.500000	1.012090e+03
	935	559	233.750000	49.750000	1.015297e+03
	939	560	234.750000	50.000000	1.014857e+03
	950	561	237.500000	50.250000	1.013977e+03
	993	561	248.250000	50.250000	1.007698e+03
	968	562	242.000000	50.500000	1.011660e+03
	977	562	244.250000	50.500000	1.011847e+03
	943	563	235.750000	50.750000	1.014760e+03
	963	563	240.750000	50.750000	1.010995e+03
	975	564	243.750000	51.000000	1.011390e+03
	940	565	235.000000	51.250000	1.014390e+03
	965	565	241.250000	51.250000	1.011372e+03
	875	566	218.750000	51.500000	1.019950e+03
	972	566	243.000000	51.500000	1.012110e+03
	960	569	240.000000	52.250000	1.011573e+03
	955	570	238.750000	52.500000	1.011323e+03
	936	572	234.000000	53.000000	1.015475e+03
	950	572	237.500000	53.000000	1.011948e+03
	738	573	184.500000	53.250000	9.902725e+02
	959	573	239.750000	53.250000	1.012990e+03
	735	576	183.750000	54.000000	9.899875e+02
	950	576	237.500000	54.000000	1.011573e+03
	889	577	222.250000	54.250000	1.021172e+03
	926	578	231.500000	54.500000	1.014720e+03
	943	578	235.750000	54.500000	1.012465e+03
	973	578	243.250000	54.500000	1.011210e+03
	929	582	232.250000	55.500000	1.013927e+03
	935	582	233.750000	55.500000	1.013593e+03
	691	583	172.750000	55.750000	9.802050e+02
	925	584	231.250000	56.000000	1.014395e+03
	920	587	230.000000	56.750000	1.015503e+03
	907	588	226.750000	57.000000	1.017138e+03
	825	589	206.250000	57.250000	1.020940e+03
	932	589	233.000000	57.250000	1.014982e+03
	812	590	203.000000	57.500000	1.019115e+03
	906	590	226.500000	57.500000	1.017160e+03
	962	590	240.500000	57.500000	1.014107e+03
	830	591	207.500000	57.750000	1.019900e+03
	930	591	232.500000	57.750000	1.015060e+03
	936	591	234.000000	57.750000	1.014912e+03
	856	592	214.000000	58.000000	1.021787e+03
	916	592	229.000000	58.000000	1.014682e+03
	926	592	231.500000	58.000000	1.014888e+03
	932	594	233.000000	58.500000	1.014958e+03
	892	595	223.000000	58.750000	1.017607e+03
	818	596	204.500000	59.000000	1.019237e+03
	839	596	209.750000	59.000000	1.021153e+03
	949	596	237.250000	59.000000	1.013562e+03
	796	598	199.000000	59.500000	1.018680e+03
	849	599	212.250000	59.750000	1.021380e+03
	880	599	220.000000	59.750000	1.019530e+03
	806	600	201.500000	60.000000	1.018795e+03
	924	600	231.000000	60.000000	1.013167e+03
