2015	1	13	178	15
	951	422	237.750000	15.500000	1.014816e+03
	678	429	169.500000	17.250000	1.012549e+03
	967	430	241.750000	17.500000	1.016291e+03
	972	431	243.000000	17.750000	1.016124e+03
	970	432	242.500000	18.000000	1.016131e+03
	683	434	170.750000	18.500000	1.012149e+03
	767	434	191.750000	18.500000	1.012694e+03
	821	434	205.250000	18.500000	1.013894e+03
	791	435	197.750000	18.750000	1.013689e+03
	800	436	200.000000	19.000000	1.013791e+03
	812	436	203.000000	19.000000	1.013854e+03
	820	436	205.000000	19.000000	1.013979e+03
	814	438	203.500000	19.500000	1.013914e+03
	866	438	216.500000	19.500000	1.014644e+03
	999	438	249.750000	19.500000	1.015396e+03
	822	439	205.500000	19.750000	1.014066e+03
	815	440	203.750000	20.000000	1.013991e+03
	835	440	208.750000	20.000000	1.014366e+03
	820	441	205.000000	20.250000	1.014076e+03
	837	441	209.250000	20.250000	1.014361e+03
	821	443	205.250000	20.750000	1.014174e+03
	817	444	204.250000	21.000000	1.014196e+03
	810	445	202.500000	21.250000	1.013981e+03
	823	445	205.750000	21.250000	1.014254e+03
	842	446	210.500000	21.500000	1.014336e+03
	864	446	216.000000	21.500000	1.014611e+03
	844	448	211.000000	22.000000	1.014321e+03
	867	448	216.750000	22.000000	1.014629e+03
	868	449	217.000000	22.250000	1.014629e+03
	991	460	247.750000	25.000000	1.016971e+03
	991	461	247.750000	25.250000	1.016971e+03
	845	467	211.250000	26.750000	1.012344e+03
	984	471	246.000000	27.750000	1.018244e+03
	982	474	245.500000	28.500000	1.018289e+03
	1000	474	250.000000	28.500000	1.015904e+03
	999	476	249.750000	29.000000	1.015979e+03
	976	479	244.000000	29.750000	1.018746e+03
	989	480	247.250000	30.000000	1.017181e+03
	973	482	243.250000	30.500000	1.018701e+03
	985	483	246.250000	30.750000	1.016939e+03
	985	484	246.250000	31.000000	1.016939e+03
	968	485	242.000000	31.250000	1.018549e+03
	987	489	246.750000	32.250000	1.016964e+03
	993	489	248.250000	32.250000	1.016849e+03
	974	490	243.500000	32.500000	1.018831e+03
	992	491	248.000000	32.750000	1.016851e+03
	996	491	249.000000	32.750000	1.016826e+03
	973	492	243.250000	33.000000	1.018771e+03
	985	492	246.250000	33.000000	1.016854e+03
	994	493	248.500000	33.250000	1.016796e+03
	964	494	241.000000	33.500000	1.019069e+03
	987	494	246.750000	33.500000	1.016831e+03
	991	495	247.750000	33.750000	1.016891e+03
	968	496	242.000000	34.000000	1.019076e+03
	963	497	240.750000	34.250000	1.019096e+03
	973	501	243.250000	35.250000	1.021049e+03
	988	501	247.000000	35.250000	1.019019e+03
	967	502	241.750000	35.500000	1.021316e+03
	995	503	248.750000	35.750000	1.016381e+03
	966	504	241.500000	36.000000	1.021314e+03
	774	505	193.500000	36.250000	9.856188e+02
	960	505	240.000000	36.250000	1.022144e+03
	980	505	245.000000	36.250000	1.020006e+03
	982	507	245.500000	36.750000	1.020479e+03
	1000	507	250.000000	36.750000	1.017676e+03
	957	508	239.250000	37.000000	1.022184e+03
	964	508	241.000000	37.000000	1.021534e+03
	961	510	240.250000	37.500000	1.021281e+03
	998	510	249.500000	37.500000	1.019176e+03
	947	511	236.750000	37.750000	1.021896e+03
	995	511	248.750000	37.750000	1.018879e+03
	959	512	239.750000	38.000000	1.021789e+03
	873	514	218.250000	38.500000	9.960287e+02
	783	515	195.750000	38.750000	9.826188e+02
	947	516	236.750000	39.000000	1.021741e+03
	956	516	239.000000	39.000000	1.022024e+03
	966	516	241.500000	39.000000	1.028794e+03
	988	516	247.000000	39.000000	1.024991e+03
	873	517	218.250000	39.250000	9.960563e+02
	963	517	240.750000	39.250000	1.028276e+03
	1000	517	250.000000	39.250000	1.019996e+03
	953	519	238.250000	39.750000	1.022821e+03
	984	522	246.000000	40.500000	1.026506e+03
	999	522	249.750000	40.500000	1.020276e+03
	841	523	210.250000	40.750000	9.810237e+02
	957	523	239.250000	40.750000	1.030799e+03
	971	523	242.750000	40.750000	1.030154e+03
	964	524	241.000000	41.000000	1.030191e+03
	985	524	246.250000	41.000000	1.026559e+03
	957	527	239.250000	41.750000	1.030454e+03
	998	529	249.500000	42.250000	1.022779e+03
	967	530	241.750000	42.500000	1.031336e+03
	980	530	245.000000	42.500000	1.030854e+03
	976	531	244.000000	42.750000	1.030864e+03
	762	532	190.500000	43.000000	9.586512e+02
	969	532	242.250000	43.000000	1.031279e+03
	817	533	204.250000	43.250000	9.936238e+02
	855	533	213.750000	43.250000	9.802888e+02
	973	533	243.250000	43.250000	1.031209e+03
	1000	533	250.000000	43.250000	1.023666e+03
	980	534	245.000000	43.500000	1.029096e+03
	987	534	246.750000	43.500000	1.028584e+03
	955	535	238.750000	43.750000	1.031674e+03
	976	536	244.000000	44.000000	1.030451e+03
	969	537	242.250000	44.250000	1.032001e+03
	990	537	247.500000	44.250000	1.028496e+03
	958	538	239.500000	44.500000	1.032309e+03
	984	538	246.000000	44.500000	1.033006e+03
	949	539	237.250000	44.750000	1.029384e+03
	741	540	185.250000	45.000000	9.736238e+02
	964	541	241.000000	45.250000	1.034231e+03
	978	541	244.500000	45.250000	1.034496e+03
	736	542	184.000000	45.500000	9.733937e+02
	991	543	247.750000	45.750000	1.030771e+03
	996	543	249.000000	45.750000	1.031399e+03
	1000	544	250.000000	46.000000	1.028894e+03
	951	545	237.750000	46.250000	1.030024e+03
	969	545	242.250000	46.250000	1.034401e+03
	987	545	246.750000	46.250000	1.032259e+03
	993	546	248.250000	46.500000	1.031796e+03
	694	547	173.500000	46.750000	9.699913e+02
	953	547	238.250000	46.750000	1.029501e+03
	975	549	243.750000	47.250000	1.035401e+03
	999	549	249.750000	47.250000	1.029246e+03
	945	551	236.250000	47.750000	1.029621e+03
	996	551	249.000000	47.750000	1.030286e+03
	991	552	247.750000	48.000000	1.029231e+03
	955	553	238.750000	48.250000	1.030714e+03
	965	554	241.250000	48.500000	1.034309e+03
	952	555	238.000000	48.750000	1.031341e+03
	997	555	249.250000	48.750000	1.027926e+03
	958	556	239.500000	49.000000	1.029649e+03
	972	556	243.000000	49.000000	1.035726e+03
	990	556	247.500000	49.000000	1.028579e+03
	948	558	237.000000	49.500000	1.031576e+03
	960	559	240.000000	49.750000	1.032329e+03
	964	559	241.000000	49.750000	1.033459e+03
	975	560	243.750000	50.000000	1.033729e+03
	952	561	238.000000	50.250000	1.031046e+03
	988	562	247.000000	50.500000	1.025974e+03
	965	563	241.250000	50.750000	1.034701e+03
	970	564	242.500000	51.000000	1.034409e+03
	948	565	237.000000	51.250000	1.025529e+03
	958	565	239.500000	51.250000	1.033294e+03
	964	565	241.000000	51.250000	1.034891e+03
	984	567	246.000000	51.750000	1.023631e+03
	939	568	234.750000	52.000000	1.027089e+03
	979	569	244.750000	52.250000	1.022859e+03
	941	572	235.250000	53.000000	1.024544e+03
	975	572	243.750000	53.000000	1.022044e+03
	941	574	235.250000	53.500000	1.024519e+03
	956	574	239.000000	53.500000	1.028786e+03
	925	575	231.250000	53.750000	1.024111e+03
	934	575	233.500000	53.750000	1.023881e+03
	950	576	237.500000	54.000000	1.028311e+03
	813	577	203.250000	54.250000	9.729512e+02
	939	577	234.750000	54.250000	1.024514e+03
	969	578	242.250000	54.500000	1.020551e+03
	997	578	249.250000	54.500000	1.023499e+03
	979	580	244.750000	55.000000	1.021116e+03
	958	583	239.500000	55.750000	1.019079e+03
	964	583	241.000000	55.750000	1.019201e+03
	770	585	192.500000	56.250000	9.741562e+02
	936	588	234.000000	57.000000	1.020069e+03
	964	588	241.000000	57.000000	1.018769e+03
	973	588	243.250000	57.000000	1.020851e+03
	934	590	233.500000	57.500000	1.019971e+03
	946	591	236.500000	57.750000	1.015504e+03
	960	591	240.000000	57.750000	1.017521e+03
	910	594	227.500000	58.500000	1.011581e+03
	942	594	235.500000	58.500000	1.013366e+03
	897	595	224.250000	58.750000	1.009739e+03
	937	596	234.250000	59.000000	1.013724e+03
	952	596	238.000000	59.000000	1.019744e+03
	975	596	243.750000	59.000000	1.022266e+03
	933	597	233.250000	59.250000	1.012614e+03
	923	598	230.750000	59.500000	1.011201e+03
	906	600	226.500000	60.000000	1.008176e+03
