2015	8	26	219	15
	943	421	235.750000	15.250000	1.010431e+03
	725	422	181.250000	15.500000	1.006959e+03
	936	424	234.000000	16.000000	1.010156e+03
	710	426	177.500000	16.500000	1.006764e+03
	716	429	179.000000	17.250000	1.006756e+03
	722	429	180.500000	17.250000	1.006674e+03
	725	431	181.250000	17.750000	1.006741e+03
	665	434	166.250000	18.500000	1.005239e+03
	770	434	192.500000	18.500000	1.001729e+03
	821	434	205.250000	18.500000	1.010521e+03
	668	435	167.000000	18.750000	1.005201e+03
	670	436	167.500000	19.000000	1.005196e+03
	675	436	168.750000	19.000000	1.005244e+03
	820	436	205.000000	19.000000	1.010596e+03
	800	437	200.000000	19.250000	1.009529e+03
	814	438	203.500000	19.500000	1.010001e+03
	812	439	203.000000	19.750000	1.009899e+03
	673	440	168.250000	20.000000	1.005131e+03
	810	440	202.500000	20.000000	1.009889e+03
	815	440	203.750000	20.000000	1.009796e+03
	663	441	165.750000	20.250000	1.005266e+03
	675	441	168.750000	20.250000	1.005151e+03
	808	441	202.000000	20.250000	1.009914e+03
	820	441	205.000000	20.250000	1.010489e+03
	665	442	166.250000	20.500000	1.005216e+03
	666	442	166.500000	20.500000	1.005216e+03
	811	442	202.750000	20.500000	1.009931e+03
	817	442	204.250000	20.500000	1.010209e+03
	678	443	169.500000	20.750000	1.005141e+03
	821	443	205.250000	20.750000	1.010556e+03
	809	444	202.250000	21.000000	1.009924e+03
	817	444	204.250000	21.000000	1.010251e+03
	814	445	203.500000	21.250000	1.010114e+03
	801	446	200.250000	21.500000	1.009849e+03
	811	446	202.750000	21.500000	1.009949e+03
	692	447	173.000000	21.750000	1.004816e+03
	806	447	201.500000	21.750000	1.009949e+03
	810	447	202.500000	21.750000	1.009949e+03
	686	448	171.500000	22.000000	1.004776e+03
	800	450	200.000000	22.500000	1.010099e+03
	1000	451	250.000000	22.750000	1.012499e+03
	798	452	199.500000	23.000000	1.010134e+03
	802	453	200.500000	23.250000	1.010161e+03
	998	453	249.500000	23.250000	1.012571e+03
	809	455	202.250000	23.750000	1.010149e+03
	997	455	249.250000	23.750000	1.012586e+03
	995	456	248.750000	24.000000	1.012676e+03
	671	457	167.750000	24.250000	1.004216e+03
	806	458	201.500000	24.500000	1.010079e+03
	722	459	180.500000	24.750000	1.004874e+03
	993	460	248.250000	25.000000	1.012836e+03
	811	461	202.750000	25.250000	1.010059e+03
	812	462	203.000000	25.500000	1.010059e+03
	726	464	181.500000	26.000000	1.004351e+03
	996	464	249.000000	26.000000	1.012094e+03
	724	465	181.000000	26.250000	1.004331e+03
	989	465	247.250000	26.250000	1.012501e+03
	988	467	247.000000	26.750000	1.012639e+03
	981	469	245.250000	27.250000	1.013679e+03
	737	470	184.250000	27.500000	1.004871e+03
	992	470	248.000000	27.500000	1.012004e+03
	995	470	248.750000	27.500000	1.012021e+03
	985	471	246.250000	27.750000	1.013184e+03
	997	471	249.250000	27.750000	1.011929e+03
	984	473	246.000000	28.250000	1.013286e+03
	982	475	245.500000	28.750000	1.013209e+03
	992	475	248.000000	28.750000	1.011826e+03
	840	477	210.000000	29.250000	1.013221e+03
	889	477	222.250000	29.250000	1.015781e+03
	980	477	245.000000	29.250000	1.012971e+03
	737	478	184.250000	29.500000	1.004559e+03
	872	478	218.000000	29.500000	1.015946e+03
	989	478	247.250000	29.500000	1.011841e+03
	890	479	222.500000	29.750000	1.015776e+03
	984	480	246.000000	30.000000	1.011816e+03
	983	482	245.750000	30.500000	1.011719e+03
	862	483	215.500000	30.750000	1.015849e+03
	868	483	217.000000	30.750000	1.015856e+03
	973	483	243.250000	30.750000	1.014409e+03
	968	484	242.000000	31.000000	1.014846e+03
	880	486	220.000000	31.500000	1.015756e+03
	930	487	232.500000	31.750000	1.018459e+03
	980	487	245.000000	31.750000	1.012001e+03
	884	488	221.000000	32.000000	1.015676e+03
	971	488	242.750000	32.000000	1.014681e+03
	979	489	244.750000	32.250000	1.011884e+03
	722	490	180.500000	32.500000	1.001901e+03
	712	492	178.000000	33.000000	1.002481e+03
	888	492	222.000000	33.000000	1.015664e+03
	978	492	244.500000	33.000000	1.011701e+03
	988	492	247.000000	33.000000	1.013916e+03
	969	493	242.250000	33.250000	1.014251e+03
	993	493	248.250000	33.250000	1.014434e+03
	710	495	177.500000	33.750000	1.002451e+03
	963	495	240.750000	33.750000	1.013894e+03
	967	495	241.750000	33.750000	1.014186e+03
	709	497	177.250000	34.250000	1.002441e+03
	928	497	232.000000	34.250000	1.018754e+03
	709	498	177.250000	34.500000	1.002441e+03
	959	498	239.750000	34.500000	1.013404e+03
	978	498	244.500000	34.500000	1.015171e+03
	968	499	242.000000	34.750000	1.015049e+03
	972	500	243.000000	35.000000	1.015276e+03
	1000	500	250.000000	35.000000	1.019391e+03
	728	501	182.000000	35.250000	9.966613e+02
	963	501	240.750000	35.250000	1.014361e+03
	997	501	249.250000	35.250000	1.019211e+03
	705	502	176.250000	35.500000	1.002544e+03
	901	502	225.250000	35.500000	1.015229e+03
	955	502	238.750000	35.500000	1.014619e+03
	974	503	243.500000	35.750000	1.014809e+03
	960	505	240.000000	36.250000	1.014096e+03
	982	505	245.500000	36.250000	1.015406e+03
	904	506	226.000000	36.500000	1.015021e+03
	972	506	243.000000	36.500000	1.013119e+03
	961	508	240.250000	37.000000	1.014236e+03
	995	508	248.750000	37.000000	1.020261e+03
	958	510	239.500000	37.500000	1.014469e+03
	980	511	245.000000	37.750000	1.019254e+03
	986	511	246.500000	37.750000	1.019364e+03
	969	512	242.250000	38.000000	1.017019e+03
	956	514	239.000000	38.500000	1.014809e+03
	977	514	244.250000	38.500000	1.017846e+03
	997	514	249.250000	38.500000	1.020404e+03
	1000	515	250.000000	38.750000	1.019251e+03
	955	516	238.750000	39.000000	1.014734e+03
	986	518	246.500000	39.500000	1.017581e+03
	990	518	247.500000	39.500000	1.018531e+03
	952	519	238.000000	39.750000	1.014341e+03
	966	519	241.500000	39.750000	1.015571e+03
	969	520	242.250000	40.000000	1.015536e+03
	957	521	239.250000	40.250000	1.017824e+03
	985	522	246.250000	40.500000	1.015786e+03
	965	524	241.250000	41.000000	1.015711e+03
	972	524	243.000000	41.000000	1.014744e+03
	978	524	244.500000	41.000000	1.015941e+03
	983	524	245.750000	41.000000	1.016301e+03
	965	525	241.250000	41.250000	1.015711e+03
	957	526	239.250000	41.500000	1.017009e+03
	968	526	242.000000	41.500000	1.015549e+03
	950	527	237.500000	41.750000	1.016001e+03
	973	529	243.250000	42.250000	1.015081e+03
	949	530	237.250000	42.500000	1.015829e+03
	969	532	242.250000	43.000000	1.014439e+03
	965	533	241.250000	43.250000	1.015866e+03
	975	533	243.750000	43.250000	1.012736e+03
	990	533	247.500000	43.250000	1.016316e+03
	973	535	243.250000	43.750000	1.012736e+03
	951	538	237.750000	44.500000	1.015616e+03
	984	538	246.000000	44.500000	1.018351e+03
	965	539	241.250000	44.750000	1.015526e+03
	999	539	249.750000	44.750000	1.019561e+03
	986	541	246.500000	45.250000	1.018136e+03
	995	543	248.750000	45.750000	1.016884e+03
	961	544	240.250000	46.000000	1.013201e+03
	976	545	244.000000	46.250000	1.014479e+03
	947	546	236.750000	46.500000	1.016319e+03
	952	546	238.000000	46.500000	1.015681e+03
	963	546	240.750000	46.500000	1.013081e+03
	967	546	241.750000	46.500000	1.013169e+03
	984	546	246.000000	46.500000	1.016706e+03
	988	546	247.000000	46.500000	1.017384e+03
	896	548	224.000000	47.000000	1.010374e+03
	987	548	246.750000	47.000000	1.017349e+03
	911	550	227.750000	47.500000	1.010879e+03
	983	550	245.750000	47.500000	1.016016e+03
	944	551	236.000000	47.750000	1.016171e+03
	984	553	246.000000	48.250000	1.016041e+03
	1000	553	250.000000	48.250000	1.014934e+03
	947	554	236.750000	48.500000	1.016226e+03
	909	555	227.250000	48.750000	1.010994e+03
	943	555	235.750000	48.750000	1.016356e+03
	946	556	236.500000	49.000000	1.016156e+03
	989	556	247.250000	49.000000	1.015424e+03
	958	557	239.500000	49.250000	1.016809e+03
	992	557	248.000000	49.250000	1.015419e+03
	999	557	249.750000	49.250000	1.015926e+03
	934	558	233.500000	49.500000	1.016299e+03
	944	558	236.000000	49.500000	1.016246e+03
	984	558	246.000000	49.500000	1.016726e+03
	997	559	249.250000	49.750000	1.015536e+03
	963	560	240.750000	50.000000	1.016629e+03
	972	561	243.000000	50.250000	1.017836e+03
	955	562	238.750000	50.500000	1.017404e+03
	960	563	240.000000	50.750000	1.017011e+03
	975	563	243.750000	50.750000	1.018361e+03
	933	564	233.250000	51.000000	1.016726e+03
	945	565	236.250000	51.250000	1.018229e+03
	960	565	240.000000	51.250000	1.017021e+03
	928	567	232.000000	51.750000	1.016541e+03
	956	570	239.000000	52.500000	1.017201e+03
	945	573	236.250000	53.250000	1.018686e+03
	965	575	241.250000	53.750000	1.020916e+03
	693	576	173.250000	54.000000	1.016686e+03
	667	577	166.750000	54.250000	1.016296e+03
	930	582	232.500000	55.500000	1.021489e+03
	979	582	244.750000	55.500000	1.021259e+03
	804	584	201.000000	56.000000	1.025651e+03
	966	585	241.500000	56.250000	1.022511e+03
	983	585	245.750000	56.250000	1.021826e+03
	976	588	244.000000	57.000000	1.022401e+03
	906	589	226.500000	57.250000	1.020081e+03
	908	589	227.000000	57.250000	1.020081e+03
	994	589	248.500000	57.250000	1.021511e+03
	832	590	208.000000	57.500000	1.020581e+03
	918	590	229.500000	57.500000	1.022414e+03
	924	590	231.000000	57.500000	1.022609e+03
	968	590	242.000000	57.500000	1.022749e+03
	904	592	226.000000	58.000000	1.020299e+03
	824	593	206.000000	58.250000	1.020701e+03
	922	593	230.500000	58.250000	1.022981e+03
	895	594	223.750000	58.500000	1.020754e+03
	902	594	225.500000	58.500000	1.020514e+03
	914	594	228.500000	58.500000	1.022471e+03
	928	595	232.000000	58.750000	1.022374e+03
	886	596	221.500000	59.000000	1.020946e+03
	892	596	223.000000	59.000000	1.020479e+03
	879	599	219.750000	59.750000	1.020416e+03
	920	600	230.000000	60.000000	1.020739e+03
