2014	10	19	145	0
	792	420	198.000000	15.000000	1.011534e+03
	667	436	166.750000	19.000000	1.011191e+03
	732	438	183.000000	19.500000	1.012714e+03
	804	438	201.000000	19.500000	1.003466e+03
	730	439	182.500000	19.750000	1.012714e+03
	731	439	182.750000	19.750000	1.012714e+03
	816	441	204.000000	20.250000	1.014369e+03
	819	441	204.750000	20.250000	1.014181e+03
	817	444	204.250000	21.000000	1.014939e+03
	949	449	237.250000	22.250000	1.014206e+03
	996	464	249.000000	26.000000	1.006409e+03
	990	465	247.500000	26.250000	1.008334e+03
	995	466	248.750000	26.500000	1.006536e+03
	911	469	227.750000	27.250000	1.014686e+03
	990	473	247.500000	28.250000	1.006841e+03
	999	474	249.750000	28.500000	1.005719e+03
	988	475	247.000000	28.750000	1.006789e+03
	998	477	249.500000	29.250000	1.005851e+03
	986	478	246.500000	29.500000	1.006724e+03
	989	478	247.250000	29.500000	1.006726e+03
	984	480	246.000000	30.000000	1.006574e+03
	995	482	248.750000	30.500000	1.006294e+03
	1000	482	250.000000	30.500000	1.007361e+03
	948	485	237.000000	31.250000	1.011446e+03
	951	485	237.750000	31.250000	1.011471e+03
	948	486	237.000000	31.500000	1.011446e+03
	1000	487	250.000000	31.750000	1.006886e+03
	1000	488	250.000000	32.000000	1.006886e+03
	993	490	248.250000	32.500000	1.005416e+03
	982	491	245.500000	32.750000	1.005209e+03
	988	492	247.000000	33.000000	1.005326e+03
	982	494	245.500000	33.500000	1.005394e+03
	991	494	247.750000	33.500000	1.005539e+03
	944	496	236.000000	34.000000	1.011726e+03
	970	496	242.500000	34.000000	1.009104e+03
	983	496	245.750000	34.000000	1.005696e+03
	966	497	241.500000	34.250000	1.009459e+03
	959	499	239.750000	34.750000	1.009949e+03
	976	500	244.000000	35.000000	1.007886e+03
	1000	500	250.000000	35.000000	1.008759e+03
	997	501	249.250000	35.250000	1.008866e+03
	957	503	239.250000	35.750000	1.010379e+03
	971	503	242.750000	35.750000	1.008671e+03
	975	503	243.750000	35.750000	1.008189e+03
	987	504	246.750000	36.000000	1.009044e+03
	960	505	240.000000	36.250000	1.010301e+03
	982	505	245.500000	36.250000	1.007836e+03
	668	506	167.000000	36.500000	1.017454e+03
	972	506	243.000000	36.500000	1.008564e+03
	994	508	248.500000	37.000000	1.010626e+03
	1000	508	250.000000	37.000000	1.011191e+03
	957	509	239.250000	37.250000	1.010724e+03
	997	509	249.250000	37.250000	1.011049e+03
	985	511	246.250000	37.750000	1.011129e+03
	970	512	242.500000	38.000000	1.011119e+03
	987	513	246.750000	38.250000	1.011271e+03
	991	513	247.750000	38.250000	1.013164e+03
	997	513	249.250000	38.250000	1.012236e+03
	977	514	244.250000	38.500000	1.012176e+03
	1000	514	250.000000	38.500000	1.012254e+03
	961	516	240.250000	39.000000	1.012269e+03
	967	516	241.750000	39.000000	1.011879e+03
	972	517	243.000000	39.250000	1.011356e+03
	989	517	247.250000	39.250000	1.011271e+03
	952	519	238.000000	39.750000	1.009829e+03
	956	520	239.000000	40.000000	1.011544e+03
	969	520	242.250000	40.000000	1.011491e+03
	988	520	247.000000	40.000000	1.012166e+03
	992	520	248.000000	40.000000	1.011654e+03
	680	521	170.000000	40.250000	1.015576e+03
	979	521	244.750000	40.250000	1.012174e+03
	683	523	170.750000	40.750000	1.015876e+03
	941	523	235.250000	40.750000	1.012069e+03
	973	523	243.250000	40.750000	1.011886e+03
	977	523	244.250000	40.750000	1.011956e+03
	984	523	246.000000	40.750000	1.012869e+03
	955	524	238.750000	41.000000	1.010764e+03
	995	525	248.750000	41.250000	1.013024e+03
	983	526	245.750000	41.500000	1.012811e+03
	950	527	237.500000	41.750000	1.011304e+03
	988	528	247.000000	42.000000	1.012631e+03
	965	529	241.250000	42.250000	1.013094e+03
	948	530	237.000000	42.500000	1.010909e+03
	959	530	239.750000	42.500000	1.012474e+03
	963	531	240.750000	42.750000	1.012746e+03
	969	531	242.250000	42.750000	1.012964e+03
	984	532	246.000000	43.000000	1.012879e+03
	946	533	236.500000	43.250000	1.010901e+03
	955	533	238.750000	43.250000	1.011726e+03
	976	533	244.000000	43.250000	1.012799e+03
	989	534	247.250000	43.500000	1.012506e+03
	997	535	249.250000	43.750000	1.014569e+03
	948	536	237.000000	44.000000	1.011176e+03
	971	536	242.750000	44.000000	1.012391e+03
	955	537	238.750000	44.250000	1.011036e+03
	968	538	242.000000	44.500000	1.013039e+03
	984	539	246.000000	44.750000	1.013259e+03
	980	541	245.000000	45.250000	1.013816e+03
	983	541	245.750000	45.250000	1.013824e+03
	967	542	241.750000	45.500000	1.013344e+03
	973	542	243.250000	45.500000	1.013506e+03
	960	543	240.000000	45.750000	1.011859e+03
	994	544	248.500000	46.000000	1.011619e+03
	959	545	239.750000	46.250000	1.012084e+03
	984	547	246.000000	46.750000	1.014369e+03
	982	550	245.500000	47.500000	1.014626e+03
	947	552	236.750000	48.000000	1.010886e+03
	983	552	245.750000	48.000000	1.014784e+03
	951	556	237.750000	49.000000	1.011659e+03
	954	557	238.500000	49.250000	1.012119e+03
	992	564	248.000000	51.000000	1.005271e+03
	993	564	248.250000	51.000000	1.005271e+03
	970	567	242.500000	51.750000	1.011869e+03
	711	570	177.750000	52.500000	1.002861e+03
	669	571	167.250000	52.750000	9.934963e+02
	937	572	234.250000	53.000000	9.999238e+02
	866	573	216.500000	53.250000	9.753212e+02
	936	576	234.000000	54.000000	9.991213e+02
	660	578	165.000000	54.500000	9.953387e+02
	872	578	218.000000	54.500000	9.767863e+02
	931	578	232.750000	54.500000	9.988787e+02
	666	580	166.500000	55.000000	9.955287e+02
	925	583	231.250000	55.750000	9.962963e+02
	986	586	246.500000	56.500000	1.001314e+03
	996	586	249.000000	56.500000	1.001074e+03
	985	587	246.250000	56.750000	1.001314e+03
	970	588	242.500000	57.000000	1.001111e+03
	978	588	244.500000	57.000000	1.001194e+03
	937	589	234.250000	57.250000	9.997587e+02
	948	590	237.000000	57.500000	1.000164e+03
	999	590	249.750000	57.500000	1.000939e+03
	994	591	248.500000	57.750000	1.000696e+03
	918	592	229.500000	58.000000	9.941337e+02
	944	592	236.000000	58.000000	1.000159e+03
	826	594	206.500000	58.500000	9.917637e+02
	733	595	183.250000	58.750000	1.014149e+03
	888	595	222.000000	58.750000	9.883013e+02
	938	595	234.500000	58.750000	9.998713e+02
	980	595	245.000000	58.750000	1.001946e+03
	923	596	230.750000	59.000000	9.962737e+02
	957	596	239.250000	59.000000	1.004534e+03
	913	598	228.250000	59.500000	9.944062e+02
	1000	598	250.000000	59.500000	1.001364e+03
	904	599	226.000000	59.750000	9.937463e+02
	964	599	241.000000	59.750000	1.004404e+03
