2015	8	7	196	6
	949	420	237.250000	15.000000	1.011396e+03
	931	421	232.750000	15.250000	1.011366e+03
	934	421	233.500000	15.250000	1.011338e+03
	995	421	248.750000	15.250000	1.012433e+03
	954	424	238.500000	16.000000	1.012028e+03
	962	427	240.500000	16.750000	1.012263e+03
	971	432	242.750000	18.000000	1.012681e+03
	812	437	203.000000	19.250000	1.012213e+03
	814	438	203.500000	19.500000	1.012286e+03
	821	440	205.250000	20.000000	1.012948e+03
	970	440	242.500000	20.000000	1.013303e+03
	949	441	237.250000	20.250000	1.013511e+03
	818	442	204.500000	20.500000	1.012641e+03
	811	443	202.750000	20.750000	1.012011e+03
	807	445	201.750000	21.250000	1.012103e+03
	810	445	202.500000	21.250000	1.011861e+03
	802	446	200.500000	21.500000	1.012588e+03
	800	447	200.000000	21.750000	1.012621e+03
	813	449	203.250000	22.250000	1.011141e+03
	801	450	200.250000	22.500000	1.013341e+03
	999	452	249.750000	23.000000	1.011028e+03
	997	455	249.250000	23.750000	1.011063e+03
	995	456	248.750000	24.000000	1.011158e+03
	994	459	248.500000	24.750000	1.011313e+03
	999	460	249.750000	25.000000	1.009621e+03
	992	462	248.000000	25.500000	1.011336e+03
	991	464	247.750000	26.000000	1.011203e+03
	996	464	249.000000	26.000000	1.009548e+03
	989	465	247.250000	26.250000	1.011086e+03
	987	467	246.750000	26.750000	1.010881e+03
	679	468	169.750000	27.000000	1.017576e+03
	981	469	245.250000	27.250000	1.011408e+03
	681	470	170.250000	27.500000	1.017661e+03
	992	470	248.000000	27.500000	1.009086e+03
	995	470	248.750000	27.500000	1.009221e+03
	684	471	171.000000	27.750000	1.017618e+03
	997	471	249.250000	27.750000	1.009291e+03
	684	472	171.000000	28.000000	1.017618e+03
	693	472	173.250000	28.000000	1.017908e+03
	985	472	246.250000	28.000000	1.011008e+03
	702	475	175.500000	28.750000	1.017886e+03
	988	475	247.000000	28.750000	1.007923e+03
	980	477	245.000000	29.250000	1.010496e+03
	697	478	174.250000	29.500000	1.018088e+03
	709	478	177.250000	29.500000	1.018348e+03
	976	482	244.000000	30.500000	1.011033e+03
	1000	482	250.000000	30.500000	1.013233e+03
	975	484	243.750000	31.000000	1.010811e+03
	983	484	245.750000	31.000000	1.005258e+03
	980	491	245.000000	32.750000	1.005331e+03
	985	491	246.250000	32.750000	1.005796e+03
	988	492	247.000000	33.000000	1.005748e+03
	969	493	242.250000	33.250000	1.011036e+03
	981	494	245.250000	33.500000	1.006308e+03
	991	494	247.750000	33.500000	1.006326e+03
	967	496	241.750000	34.000000	1.010586e+03
	970	496	242.500000	34.000000	1.010853e+03
	983	496	245.750000	34.000000	1.006946e+03
	962	497	240.500000	34.250000	1.010683e+03
	755	498	188.750000	34.500000	1.019998e+03
	756	499	189.000000	34.750000	1.019998e+03
	969	500	242.250000	35.000000	1.008686e+03
	975	500	243.750000	35.000000	1.008848e+03
	963	501	240.750000	35.250000	1.006893e+03
	996	501	249.000000	35.250000	1.011771e+03
	1000	501	250.000000	35.250000	1.012308e+03
	996	502	249.000000	35.500000	1.011771e+03
	971	503	242.750000	35.750000	1.008316e+03
	963	504	240.750000	36.000000	1.006843e+03
	991	504	247.750000	36.000000	1.014646e+03
	995	504	248.750000	36.000000	1.011556e+03
	757	505	189.250000	36.250000	1.019866e+03
	758	505	189.500000	36.250000	1.019866e+03
	956	505	239.000000	36.250000	1.010588e+03
	982	505	245.500000	36.250000	1.010128e+03
	960	506	240.000000	36.500000	1.007633e+03
	972	506	243.000000	36.500000	1.007751e+03
	951	507	237.750000	36.750000	1.011546e+03
	755	508	188.750000	37.000000	1.019893e+03
	995	508	248.750000	37.000000	1.010516e+03
	957	510	239.250000	37.500000	1.008253e+03
	998	510	249.500000	37.500000	1.006401e+03
	968	513	242.000000	38.250000	1.009061e+03
	997	514	249.250000	38.500000	1.006916e+03
	1000	515	250.000000	38.750000	1.006581e+03
	946	517	236.500000	39.250000	1.009146e+03
	972	517	243.000000	39.250000	1.010056e+03
	989	517	247.250000	39.250000	1.005786e+03
	952	518	238.000000	39.500000	1.006628e+03
	965	518	241.250000	39.500000	1.006743e+03
	986	518	246.500000	39.500000	1.005938e+03
	945	519	236.250000	39.750000	1.008681e+03
	987	520	246.750000	40.000000	1.005173e+03
	962	521	240.500000	40.250000	1.007858e+03
	992	521	248.000000	40.250000	1.007793e+03
	986	522	246.500000	40.500000	1.005621e+03
	973	523	243.250000	40.750000	1.007653e+03
	774	524	193.500000	41.000000	1.021456e+03
	945	524	236.250000	41.000000	1.009943e+03
	965	524	241.250000	41.000000	1.007581e+03
	978	524	244.500000	41.000000	1.008206e+03
	991	524	247.750000	41.000000	1.006603e+03
	778	525	194.500000	41.250000	1.021501e+03
	943	526	235.750000	41.500000	1.009173e+03
	957	526	239.250000	41.500000	1.008883e+03
	967	526	241.750000	41.500000	1.007756e+03
	782	527	195.500000	41.750000	1.021511e+03
	950	527	237.500000	41.750000	1.011216e+03
	972	529	243.000000	42.250000	1.010021e+03
	948	530	237.000000	42.500000	1.012178e+03
	787	531	196.750000	42.750000	1.021571e+03
	963	531	240.750000	42.750000	1.010493e+03
	969	531	242.250000	42.750000	1.008646e+03
	980	531	245.000000	42.750000	1.008483e+03
	977	532	244.250000	43.000000	1.008438e+03
	984	532	246.000000	43.000000	1.009158e+03
	965	533	241.250000	43.250000	1.010646e+03
	971	533	242.750000	43.250000	1.009603e+03
	948	536	237.000000	44.000000	1.013843e+03
	972	536	243.000000	44.000000	1.008468e+03
	990	536	247.500000	44.000000	1.008118e+03
	693	537	173.250000	44.250000	9.981181e+02
	956	537	239.000000	44.250000	1.012916e+03
	984	538	246.000000	44.500000	1.012186e+03
	962	539	240.500000	44.750000	1.013831e+03
	981	539	245.250000	44.750000	1.013791e+03
	956	540	239.000000	45.000000	1.013416e+03
	950	542	237.500000	45.500000	1.014813e+03
	992	542	248.000000	45.500000	1.011881e+03
	956	543	239.000000	45.750000	1.013178e+03
	962	544	240.500000	46.000000	1.012031e+03
	974	544	243.500000	46.000000	1.013996e+03
	981	544	245.250000	46.000000	1.015011e+03
	994	544	248.500000	46.000000	1.011533e+03
	950	546	237.500000	46.500000	1.015831e+03
	963	546	240.750000	46.500000	1.011898e+03
	975	546	243.750000	46.500000	1.013538e+03
	984	547	246.000000	46.750000	1.013461e+03
	962	548	240.500000	47.000000	1.011911e+03
	950	549	237.500000	47.250000	1.015816e+03
	807	550	201.750000	47.500000	1.018621e+03
	982	551	245.500000	47.750000	1.013113e+03
	962	553	240.500000	48.250000	1.011631e+03
	972	553	243.000000	48.250000	1.012541e+03
	998	553	249.500000	48.250000	1.010326e+03
	982	554	245.500000	48.500000	1.012838e+03
	946	556	236.500000	49.000000	1.015643e+03
	933	557	233.250000	49.250000	1.017418e+03
	942	558	235.500000	49.500000	1.015793e+03
	978	558	244.500000	49.500000	1.011901e+03
	988	559	247.000000	49.750000	1.010281e+03
	940	560	235.000000	50.000000	1.015873e+03
	946	560	236.500000	50.000000	1.016658e+03
	968	561	242.000000	50.250000	1.014448e+03
	963	562	240.750000	50.500000	1.013508e+03
	975	563	243.750000	50.750000	1.013148e+03
	970	566	242.500000	51.500000	1.014478e+03
	950	567	237.500000	51.750000	1.010571e+03
	732	569	183.000000	52.250000	1.002398e+03
	950	572	237.500000	53.000000	1.010851e+03
	948	576	237.000000	54.000000	1.010271e+03
	990	579	247.500000	54.750000	1.006833e+03
	784	580	196.000000	55.000000	1.016928e+03
	879	580	219.750000	55.000000	1.007916e+03
	920	581	230.000000	55.250000	1.012541e+03
	926	583	231.500000	55.750000	1.012196e+03
	804	584	201.000000	56.000000	1.015193e+03
	985	584	246.250000	56.000000	1.007338e+03
	893	585	223.250000	56.250000	1.009198e+03
	942	585	235.500000	56.250000	1.007846e+03
	960	585	240.000000	56.250000	1.007773e+03
	971	585	242.750000	56.250000	1.008213e+03
	981	585	245.250000	56.250000	1.007603e+03
	952	586	238.000000	56.500000	1.007411e+03
	814	588	203.500000	57.000000	1.013996e+03
	940	588	235.000000	57.000000	1.007401e+03
	956	588	239.000000	57.000000	1.007526e+03
	828	589	207.000000	57.250000	1.012263e+03
	938	590	234.500000	57.500000	1.007238e+03
	980	590	245.000000	57.500000	1.007871e+03
	864	591	216.000000	57.750000	1.008926e+03
	980	591	245.000000	57.750000	1.007871e+03
	822	592	205.500000	58.000000	1.012148e+03
	900	592	225.000000	58.000000	1.010786e+03
	972	592	243.000000	58.000000	1.007931e+03
	826	594	206.500000	58.500000	1.011621e+03
	827	594	206.750000	58.500000	1.011621e+03
	886	594	221.500000	58.500000	1.010526e+03
	969	594	242.250000	58.500000	1.008118e+03
	839	598	209.750000	59.500000	1.010618e+03
	936	598	234.000000	59.500000	1.005713e+03
	829	599	207.250000	59.750000	1.009718e+03
	943	599	235.750000	59.750000	1.004528e+03
	695	600	173.750000	60.000000	1.013631e+03
	806	600	201.500000	60.000000	1.011473e+03
	864	600	216.000000	60.000000	1.010783e+03
