2014	10	25	190	6
	683	420	170.750000	15.000000	1.012429e+03
	815	436	203.750000	19.000000	1.015976e+03
	692	437	173.000000	19.250000	1.013749e+03
	812	437	203.000000	19.250000	1.015826e+03
	814	438	203.500000	19.500000	1.015761e+03
	705	440	176.250000	20.000000	1.014204e+03
	815	440	203.750000	20.000000	1.015819e+03
	820	441	205.000000	20.250000	1.017004e+03
	811	442	202.750000	20.500000	1.016026e+03
	817	442	204.250000	20.500000	1.016671e+03
	821	443	205.250000	20.750000	1.017139e+03
	817	444	204.250000	21.000000	1.016989e+03
	708	450	177.000000	22.500000	1.014526e+03
	690	452	172.500000	23.000000	1.014556e+03
	711	453	177.750000	23.250000	1.014581e+03
	740	453	185.000000	23.250000	1.015329e+03
	732	454	183.000000	23.500000	1.015381e+03
	906	454	226.500000	23.500000	1.017271e+03
	963	454	240.750000	23.500000	1.017251e+03
	885	455	221.250000	23.750000	1.017434e+03
	908	455	227.000000	23.750000	1.017336e+03
	997	455	249.250000	23.750000	1.014416e+03
	995	456	248.750000	24.000000	1.014731e+03
	890	457	222.500000	24.250000	1.017449e+03
	891	457	222.750000	24.250000	1.017449e+03
	913	458	228.250000	24.500000	1.017486e+03
	717	459	179.250000	24.750000	1.014726e+03
	898	460	224.500000	25.000000	1.017419e+03
	993	460	248.250000	25.000000	1.015161e+03
	722	461	180.500000	25.250000	1.014661e+03
	711	462	177.750000	25.500000	1.014889e+03
	901	462	225.250000	25.500000	1.017404e+03
	992	462	248.000000	25.500000	1.015231e+03
	703	463	175.750000	25.750000	1.015189e+03
	713	463	178.250000	25.750000	1.014904e+03
	905	464	226.250000	26.000000	1.017386e+03
	906	464	226.500000	26.000000	1.017386e+03
	922	464	230.500000	26.000000	1.017504e+03
	996	464	249.000000	26.000000	1.012921e+03
	924	465	231.000000	26.250000	1.017509e+03
	984	467	246.000000	26.750000	1.015814e+03
	987	467	246.750000	26.750000	1.015621e+03
	982	468	245.500000	27.000000	1.015879e+03
	986	469	246.500000	27.250000	1.015779e+03
	998	469	249.500000	27.250000	1.012669e+03
	985	471	246.250000	27.750000	1.015634e+03
	997	471	249.250000	27.750000	1.012531e+03
	983	472	245.750000	28.000000	1.015754e+03
	974	474	243.500000	28.500000	1.015644e+03
	972	476	243.000000	29.000000	1.015604e+03
	980	476	245.000000	29.000000	1.015616e+03
	993	476	248.250000	29.000000	1.012489e+03
	978	477	244.500000	29.250000	1.015659e+03
	990	478	247.500000	29.500000	1.012841e+03
	984	480	246.000000	30.000000	1.013211e+03
	983	482	245.750000	30.500000	1.013046e+03
	988	482	247.000000	30.500000	1.012959e+03
	975	483	243.750000	30.750000	1.015276e+03
	987	484	246.750000	31.000000	1.012976e+03
	967	486	241.750000	31.500000	1.015744e+03
	972	487	243.000000	31.750000	1.015391e+03
	980	487	245.000000	31.750000	1.012884e+03
	772	488	193.000000	32.000000	1.002539e+03
	667	489	166.750000	32.250000	1.019661e+03
	979	489	244.750000	32.250000	1.012824e+03
	985	491	246.250000	32.750000	1.013274e+03
	970	492	242.500000	33.000000	1.015136e+03
	977	492	244.250000	33.000000	1.012766e+03
	988	492	247.000000	33.000000	1.013574e+03
	981	494	245.250000	33.500000	1.013119e+03
	985	494	246.250000	33.500000	1.014124e+03
	991	494	247.750000	33.500000	1.014009e+03
	967	495	241.750000	33.750000	1.015209e+03
	970	495	242.500000	33.750000	1.015404e+03
	961	497	240.250000	34.250000	1.015309e+03
	979	497	244.750000	34.250000	1.013316e+03
	982	499	245.500000	34.750000	1.013451e+03
	830	500	207.500000	35.000000	1.025954e+03
	968	500	242.000000	35.000000	1.014936e+03
	969	500	242.250000	35.000000	1.014936e+03
	975	500	243.750000	35.000000	1.013266e+03
	963	501	240.750000	35.250000	1.012689e+03
	996	502	249.000000	35.500000	1.017424e+03
	971	503	242.750000	35.750000	1.013704e+03
	974	503	243.500000	35.750000	1.013139e+03
	962	504	240.500000	36.000000	1.012666e+03
	982	505	245.500000	36.250000	1.013681e+03
	972	506	243.000000	36.500000	1.012066e+03
	959	507	239.750000	36.750000	1.011939e+03
	988	507	247.000000	36.750000	1.016591e+03
	1000	508	250.000000	37.000000	1.018286e+03
	968	509	242.000000	37.250000	1.014446e+03
	997	509	249.250000	37.250000	1.017249e+03
	828	510	207.000000	37.500000	1.026194e+03
	986	511	246.500000	37.750000	1.017104e+03
	957	512	239.250000	38.000000	1.012014e+03
	968	512	242.000000	38.000000	1.013471e+03
	956	514	239.000000	38.500000	1.012049e+03
	977	514	244.250000	38.500000	1.015519e+03
	997	514	249.250000	38.500000	1.017834e+03
	1000	514	250.000000	38.500000	1.017449e+03
	989	517	247.250000	39.250000	1.014634e+03
	918	518	229.500000	39.500000	9.834263e+02
	966	519	241.500000	39.750000	1.009604e+03
	986	520	246.500000	40.000000	1.012809e+03
	950	521	237.500000	40.250000	1.009201e+03
	981	523	245.250000	40.750000	1.013764e+03
	955	524	238.750000	41.000000	1.010451e+03
	970	524	242.500000	41.000000	1.009376e+03
	978	524	244.500000	41.000000	1.012414e+03
	990	524	247.500000	41.000000	1.012364e+03
	998	526	249.500000	41.500000	1.017074e+03
	950	527	237.500000	41.750000	1.007084e+03
	973	527	243.250000	41.750000	1.009739e+03
	979	529	244.750000	42.250000	1.010754e+03
	947	531	236.750000	42.750000	1.003716e+03
	971	531	242.750000	42.750000	1.009396e+03
	990	532	247.500000	43.000000	1.014256e+03
	948	533	237.000000	43.250000	1.003584e+03
	976	533	244.000000	43.250000	1.010874e+03
	993	535	248.250000	43.750000	1.015516e+03
	957	536	239.250000	44.000000	1.007129e+03
	930	539	232.500000	44.750000	9.965338e+02
	931	539	232.750000	44.750000	9.965338e+02
	984	539	246.000000	44.750000	1.015499e+03
	962	540	240.500000	45.000000	1.009204e+03
	993	541	248.250000	45.250000	1.015929e+03
	765	542	191.250000	45.500000	1.000066e+03
	997	542	249.250000	45.500000	1.016761e+03
	1000	542	250.000000	45.500000	1.017236e+03
	956	543	239.000000	45.750000	1.011361e+03
	975	543	243.750000	45.750000	1.012494e+03
	949	544	237.250000	46.000000	1.005756e+03
	967	545	241.750000	46.250000	1.009906e+03
	985	545	246.250000	46.250000	1.015471e+03
	991	546	247.750000	46.500000	1.016629e+03
	982	549	245.500000	47.250000	1.015816e+03
	992	550	248.000000	47.500000	1.016304e+03
	1000	550	250.000000	47.500000	1.016861e+03
	991	554	247.750000	48.500000	1.016561e+03
	963	555	240.750000	48.750000	1.015464e+03
	997	555	249.250000	48.750000	1.016714e+03
	948	556	237.000000	49.000000	1.009794e+03
	978	557	244.500000	49.250000	1.017116e+03
	963	559	240.750000	49.750000	1.015286e+03
	941	560	235.250000	50.000000	1.010351e+03
	961	560	240.250000	50.000000	1.015286e+03
	987	561	246.750000	50.250000	1.016286e+03
	952	563	238.000000	50.750000	1.014221e+03
	972	566	243.000000	51.500000	1.019726e+03
	985	566	246.250000	51.500000	1.016426e+03
	995	566	248.750000	51.500000	1.015739e+03
	944	567	236.000000	51.750000	1.012689e+03
	939	569	234.750000	52.250000	1.012631e+03
	950	571	237.500000	52.750000	1.014491e+03
	963	571	240.750000	52.750000	1.018814e+03
	758	572	189.500000	53.000000	1.016249e+03
	974	572	243.500000	53.000000	1.016766e+03
	898	573	224.500000	53.250000	1.001409e+03
	989	573	247.250000	53.250000	1.015321e+03
	975	575	243.750000	53.750000	1.016116e+03
	975	576	243.750000	54.000000	1.016116e+03
	962	579	240.500000	54.750000	1.015606e+03
	956	582	239.000000	55.500000	1.015091e+03
	803	583	200.750000	55.750000	1.016936e+03
	925	583	231.250000	55.750000	1.013661e+03
	964	583	241.000000	55.750000	1.015556e+03
	774	584	193.500000	56.000000	1.014274e+03
	942	585	235.500000	56.250000	1.015341e+03
	951	586	237.750000	56.500000	1.014111e+03
	799	587	199.750000	56.750000	1.017269e+03
	939	588	234.750000	57.000000	1.015186e+03
	808	590	202.000000	57.500000	1.017034e+03
	876	590	219.000000	57.500000	1.009526e+03
	930	590	232.500000	57.500000	1.015316e+03
	916	591	229.000000	57.750000	1.012989e+03
	878	592	219.500000	58.000000	1.009566e+03
	825	593	206.250000	58.250000	1.013104e+03
	800	594	200.000000	58.500000	1.017111e+03
	801	594	200.250000	58.500000	1.017111e+03
	861	595	215.250000	58.750000	1.008099e+03
	920	595	230.000000	58.750000	1.013409e+03
	912	596	228.000000	59.000000	1.012636e+03
	984	596	246.000000	59.000000	1.011179e+03
	853	598	213.250000	59.500000	1.007856e+03
	913	598	228.250000	59.500000	1.012624e+03
	967	598	241.750000	59.500000	1.012746e+03
	928	599	232.000000	59.750000	1.011754e+03
	971	599	242.750000	59.750000	1.012581e+03
	932	600	233.000000	60.000000	1.011794e+03
