2015	9	7	250	15
	666	420	166.500000	15.000000	1.007866e+03
	706	420	176.500000	15.000000	1.007806e+03
	720	420	180.000000	15.000000	1.008006e+03
	676	421	169.000000	15.250000	1.008106e+03
	743	421	185.750000	15.250000	1.007201e+03
	851	421	212.750000	15.250000	1.011206e+03
	816	422	204.000000	15.500000	1.010361e+03
	681	423	170.250000	15.750000	1.007883e+03
	709	423	177.250000	15.750000	1.007628e+03
	713	423	178.250000	15.750000	1.007843e+03
	667	425	166.750000	16.250000	1.007531e+03
	680	425	170.000000	16.250000	1.007943e+03
	694	425	173.500000	16.250000	1.008248e+03
	687	427	171.750000	16.750000	1.008293e+03
	704	427	176.000000	16.750000	1.007701e+03
	721	427	180.250000	16.750000	1.007778e+03
	710	430	177.500000	17.500000	1.007796e+03
	740	430	185.000000	17.500000	1.007793e+03
	688	431	172.000000	17.750000	1.008381e+03
	993	431	248.250000	17.750000	9.987281e+02
	715	432	178.750000	18.000000	1.007958e+03
	731	432	182.750000	18.000000	1.007926e+03
	762	432	190.500000	18.000000	1.007866e+03
	703	433	175.750000	18.250000	1.007666e+03
	726	433	181.500000	18.250000	1.008036e+03
	734	433	183.500000	18.250000	1.007913e+03
	714	434	178.500000	18.500000	1.007958e+03
	762	434	190.500000	18.500000	1.007861e+03
	816	434	204.000000	18.500000	1.011036e+03
	711	435	177.750000	18.750000	1.007951e+03
	736	435	184.000000	18.750000	1.007963e+03
	763	435	190.750000	18.750000	1.007861e+03
	821	435	205.250000	18.750000	1.011151e+03
	812	436	203.000000	19.000000	1.010991e+03
	815	436	203.750000	19.000000	1.011058e+03
	819	436	204.750000	19.000000	1.011123e+03
	709	437	177.250000	19.250000	1.008041e+03
	738	437	184.500000	19.250000	1.008033e+03
	764	437	191.000000	19.250000	1.007871e+03
	706	438	176.500000	19.500000	1.008066e+03
	707	438	176.750000	19.500000	1.008066e+03
	705	439	176.250000	19.750000	1.008066e+03
	741	439	185.250000	19.750000	1.008008e+03
	742	439	185.500000	19.750000	1.008008e+03
	742	440	185.500000	20.000000	1.008008e+03
	816	441	204.000000	20.250000	1.011448e+03
	820	441	205.000000	20.250000	1.011348e+03
	818	442	204.500000	20.500000	1.011398e+03
	821	443	205.250000	20.750000	1.011508e+03
	824	443	206.000000	20.750000	1.011601e+03
	827	443	206.750000	20.750000	1.011601e+03
	809	444	202.250000	21.000000	1.011356e+03
	817	444	204.250000	21.000000	1.011463e+03
	827	444	206.750000	21.000000	1.011601e+03
	830	444	207.500000	21.000000	1.011581e+03
	814	445	203.500000	21.250000	1.011491e+03
	823	445	205.750000	21.250000	1.011623e+03
	801	446	200.250000	21.500000	1.011321e+03
	811	446	202.750000	21.500000	1.011428e+03
	806	447	201.500000	21.750000	1.011433e+03
	804	449	201.000000	22.250000	1.011436e+03
	801	450	200.250000	22.500000	1.011391e+03
	801	451	200.250000	22.750000	1.011391e+03
	751	454	187.750000	23.500000	1.008956e+03
	758	455	189.500000	23.750000	1.009293e+03
	999	458	249.750000	24.500000	1.009888e+03
	998	462	249.500000	25.500000	1.009806e+03
	991	463	247.750000	25.750000	1.009773e+03
	996	464	249.000000	26.000000	1.009838e+03
	839	466	209.750000	26.500000	9.939056e+02
	984	467	246.000000	26.750000	1.010488e+03
	981	469	245.250000	27.250000	1.010916e+03
	1000	469	250.000000	27.250000	1.009698e+03
	995	470	248.750000	27.500000	1.009681e+03
	985	471	246.250000	27.750000	1.010746e+03
	997	471	249.250000	27.750000	1.009573e+03
	990	472	247.500000	28.000000	1.009896e+03
	983	473	245.750000	28.250000	1.010931e+03
	993	473	248.250000	28.250000	1.009788e+03
	982	475	245.500000	28.750000	1.010971e+03
	980	476	245.000000	29.000000	1.010983e+03
	977	478	244.250000	29.500000	1.011241e+03
	989	478	247.250000	29.500000	1.009996e+03
	984	480	246.000000	30.000000	1.010086e+03
	976	481	244.000000	30.250000	1.011311e+03
	983	482	245.750000	30.500000	1.010058e+03
	975	483	243.750000	30.750000	1.011181e+03
	973	485	243.250000	31.250000	1.011341e+03
	984	486	246.000000	31.500000	1.010201e+03
	972	487	243.000000	31.750000	1.011463e+03
	980	487	245.000000	31.750000	1.010073e+03
	1000	487	250.000000	31.750000	1.015833e+03
	979	489	244.750000	32.250000	1.009996e+03
	984	491	246.000000	32.750000	1.010413e+03
	978	492	244.500000	33.000000	1.009718e+03
	969	493	242.250000	33.250000	1.011666e+03
	988	493	247.000000	33.250000	1.010683e+03
	998	493	249.500000	33.250000	1.014888e+03
	967	495	241.750000	33.750000	1.011736e+03
	982	495	245.500000	33.750000	1.010361e+03
	962	496	240.500000	34.000000	1.011851e+03
	1000	498	250.000000	34.500000	1.018193e+03
	957	500	239.250000	35.000000	1.012176e+03
	968	500	242.000000	35.000000	1.013481e+03
	976	500	244.000000	35.000000	1.012301e+03
	970	502	242.500000	35.500000	1.013533e+03
	996	502	249.000000	35.500000	1.017763e+03
	975	503	243.750000	35.750000	1.012226e+03
	982	505	245.500000	36.250000	1.012188e+03
	994	505	248.500000	36.250000	1.018138e+03
	972	506	243.000000	36.500000	1.012601e+03
	953	507	238.250000	36.750000	1.012861e+03
	962	507	240.500000	36.750000	1.012456e+03
	995	508	248.750000	37.000000	1.017203e+03
	1000	508	250.000000	37.000000	1.017051e+03
	956	510	239.000000	37.500000	1.013221e+03
	997	510	249.250000	37.500000	1.016201e+03
	986	511	246.500000	37.750000	1.017563e+03
	998	512	249.500000	38.000000	1.016538e+03
	987	513	246.750000	38.250000	1.017523e+03
	997	514	249.250000	38.500000	1.016243e+03
	1000	514	250.000000	38.500000	1.015843e+03
	989	515	247.250000	38.750000	1.018396e+03
	947	516	236.750000	39.000000	1.013588e+03
	998	516	249.500000	39.000000	1.016176e+03
	992	517	248.000000	39.250000	1.018428e+03
	952	518	238.000000	39.500000	1.013923e+03
	964	518	241.000000	39.500000	1.018396e+03
	983	518	245.750000	39.500000	1.019493e+03
	746	519	186.500000	39.750000	1.020571e+03
	968	519	242.000000	39.750000	1.017998e+03
	750	521	187.500000	40.250000	1.020571e+03
	961	521	240.250000	40.250000	1.018418e+03
	944	525	236.000000	41.250000	1.016503e+03
	991	525	247.750000	41.250000	1.018943e+03
	969	528	242.250000	42.000000	1.019616e+03
	1000	528	250.000000	42.000000	1.018448e+03
	981	530	245.250000	42.500000	1.019346e+03
	984	531	246.000000	42.750000	1.019556e+03
	996	532	249.000000	43.000000	1.020483e+03
	988	534	247.000000	43.500000	1.019518e+03
	955	535	238.750000	43.750000	1.021948e+03
	993	535	248.250000	43.750000	1.020156e+03
	997	535	249.250000	43.750000	1.020368e+03
	951	536	237.750000	44.000000	1.021401e+03
	975	537	243.750000	44.250000	1.020021e+03
	990	537	247.500000	44.250000	1.020043e+03
	961	538	240.250000	44.500000	1.022011e+03
	999	538	249.750000	44.500000	1.020121e+03
	979	539	244.750000	44.750000	1.020831e+03
	985	539	246.250000	44.750000	1.020983e+03
	953	540	238.250000	45.000000	1.022101e+03
	990	540	247.500000	45.000000	1.019873e+03
	968	541	242.000000	45.250000	1.021578e+03
	956	542	239.000000	45.500000	1.021781e+03
	998	542	249.500000	45.500000	1.018833e+03
	666	544	166.500000	46.000000	1.012766e+03
	976	544	244.000000	46.000000	1.021541e+03
	958	545	239.500000	46.250000	1.020223e+03
	969	546	242.250000	46.500000	1.020778e+03
	995	546	248.750000	46.500000	1.019353e+03
	961	548	240.250000	47.000000	1.020111e+03
	986	548	246.500000	47.000000	1.021576e+03
	947	550	236.750000	47.500000	1.022333e+03
	950	550	237.500000	47.500000	1.022273e+03
	953	550	238.250000	47.500000	1.022571e+03
	1000	550	250.000000	47.500000	1.017281e+03
	809	551	202.250000	47.750000	1.000228e+03
	983	552	245.750000	48.000000	1.021141e+03
	973	553	243.250000	48.250000	1.021483e+03
	991	553	247.750000	48.250000	1.017546e+03
	947	554	236.750000	48.500000	1.021938e+03
	968	554	242.000000	48.500000	1.021556e+03
	978	554	244.500000	48.500000	1.021576e+03
	955	555	238.750000	48.750000	1.023196e+03
	962	555	240.500000	48.750000	1.020651e+03
	947	556	236.750000	49.000000	1.021873e+03
	979	556	244.750000	49.000000	1.021318e+03
	998	556	249.500000	49.000000	1.017383e+03
	991	557	247.750000	49.250000	1.017461e+03
	970	558	242.500000	49.500000	1.021826e+03
	974	558	243.500000	49.500000	1.021413e+03
	939	561	234.750000	50.250000	1.021181e+03
	985	561	246.250000	50.250000	1.016676e+03
	975	562	243.750000	50.500000	1.022058e+03
	954	563	238.500000	50.750000	1.019793e+03
	982	563	245.500000	50.750000	1.016638e+03
	962	565	240.500000	51.250000	1.019251e+03
	783	569	195.750000	52.250000	1.016116e+03
	889	569	222.250000	52.250000	1.014528e+03
	904	569	226.000000	52.250000	1.014708e+03
	979	569	244.750000	52.250000	1.015621e+03
	897	571	224.250000	52.750000	1.014566e+03
	898	571	224.500000	52.750000	1.014566e+03
	893	572	223.250000	53.000000	1.014556e+03
	894	572	223.500000	53.000000	1.014556e+03
	949	572	237.250000	53.000000	1.018733e+03
	934	573	233.500000	53.250000	1.019133e+03
	972	573	243.000000	53.250000	1.014983e+03
	895	575	223.750000	53.750000	1.014601e+03
	977	575	244.250000	53.750000	1.014791e+03
	808	578	202.000000	54.500000	1.015048e+03
	815	579	203.750000	54.750000	1.015123e+03
	943	579	235.750000	54.750000	1.017606e+03
	947	581	236.750000	55.250000	1.017261e+03
	681	583	170.250000	55.750000	1.001386e+03
	958	583	239.500000	55.750000	1.014048e+03
	964	583	241.000000	55.750000	1.014048e+03
	965	583	241.250000	55.750000	1.014048e+03
	934	585	233.500000	56.250000	1.017858e+03
	975	585	243.750000	56.250000	1.013596e+03
	990	585	247.500000	56.250000	1.013361e+03
	931	587	232.750000	56.750000	1.017733e+03
	950	587	237.500000	56.750000	1.013908e+03
	902	588	225.500000	57.000000	1.014641e+03
	974	588	243.500000	57.000000	1.013513e+03
	940	589	235.000000	57.250000	1.016226e+03
	954	589	238.500000	57.250000	1.014058e+03
	740	590	185.000000	57.500000	1.008926e+03
	948	590	237.000000	57.500000	1.014266e+03
	968	590	242.000000	57.500000	1.012553e+03
	914	591	228.500000	57.750000	1.015946e+03
	964	591	241.000000	57.750000	1.012916e+03
	974	591	243.500000	57.750000	1.013571e+03
	822	592	205.500000	58.000000	1.013243e+03
	823	592	205.750000	58.000000	1.013243e+03
	926	592	231.500000	58.000000	1.016186e+03
	876	593	219.000000	58.250000	1.008801e+03
	944	593	236.000000	58.250000	1.014578e+03
	826	594	206.500000	58.500000	1.012971e+03
	853	594	213.250000	58.500000	1.009688e+03
	854	594	213.500000	58.500000	1.009688e+03
	861	594	215.250000	58.500000	1.009826e+03
	918	595	229.500000	58.750000	1.015871e+03
	983	595	245.750000	58.750000	1.014673e+03
	806	596	201.500000	59.000000	1.013286e+03
	912	596	228.000000	59.000000	1.015413e+03
	971	596	242.750000	59.000000	1.014183e+03
	833	597	208.250000	59.250000	1.012693e+03
	936	597	234.000000	59.250000	1.014753e+03
	976	597	244.000000	59.250000	1.013826e+03
	967	598	241.750000	59.500000	1.014166e+03
	819	599	204.750000	59.750000	1.013091e+03
	829	599	207.250000	59.750000	1.012471e+03
	830	599	207.500000	59.750000	1.012471e+03
	879	599	219.750000	59.750000	1.010186e+03
	902	599	225.500000	59.750000	1.014581e+03
	932	599	233.000000	59.750000	1.014493e+03
	971	599	242.750000	59.750000	1.014078e+03
	872	600	218.000000	60.000000	1.010558e+03
