2015	9	4	215	6
	718	420	179.500000	15.000000	1.008054e+03
	745	420	186.250000	15.000000	1.009002e+03
	746	420	186.500000	15.000000	1.009002e+03
	755	420	188.750000	15.000000	1.009094e+03
	792	420	198.000000	15.000000	1.010202e+03
	713	421	178.250000	15.250000	1.007964e+03
	984	421	246.000000	15.250000	1.009812e+03
	697	422	174.250000	15.500000	1.007474e+03
	734	423	183.500000	15.750000	1.009102e+03
	745	423	186.250000	15.750000	1.009014e+03
	765	423	191.250000	15.750000	1.009082e+03
	985	423	246.250000	15.750000	1.009817e+03
	739	424	184.750000	16.000000	1.009112e+03
	785	424	196.250000	16.000000	1.010029e+03
	754	425	188.500000	16.250000	1.009164e+03
	773	425	193.250000	16.250000	1.009067e+03
	788	426	197.000000	16.500000	1.010077e+03
	792	426	198.000000	16.500000	1.010144e+03
	751	427	187.750000	16.750000	1.009142e+03
	752	427	188.000000	16.750000	1.009142e+03
	691	428	172.750000	17.000000	1.007352e+03
	751	428	187.750000	17.000000	1.009142e+03
	770	428	192.500000	17.000000	1.009029e+03
	772	428	193.000000	17.000000	1.009029e+03
	795	428	198.750000	17.000000	1.010154e+03
	748	429	187.000000	17.250000	1.009132e+03
	767	429	191.750000	17.250000	1.009017e+03
	784	430	196.000000	17.500000	1.009984e+03
	793	431	198.250000	17.750000	1.010339e+03
	822	435	205.500000	18.750000	1.011417e+03
	815	436	203.750000	19.000000	1.011172e+03
	820	436	205.000000	19.000000	1.011537e+03
	754	437	188.500000	19.250000	1.009034e+03
	976	437	244.000000	19.250000	1.004327e+03
	785	438	196.250000	19.500000	1.009844e+03
	814	438	203.500000	19.500000	1.011062e+03
	860	438	215.000000	19.500000	9.753219e+02
	737	439	184.250000	19.750000	1.009149e+03
	738	439	184.500000	19.750000	1.009149e+03
	760	439	190.000000	19.750000	1.009032e+03
	812	439	203.000000	19.750000	1.011009e+03
	737	440	184.250000	20.000000	1.009149e+03
	815	440	203.750000	20.000000	1.011017e+03
	820	441	205.000000	20.250000	1.011727e+03
	994	441	248.500000	20.250000	1.009707e+03
	821	443	205.250000	20.750000	1.011757e+03
	802	444	200.500000	21.000000	1.010767e+03
	817	444	204.250000	21.000000	1.011772e+03
	814	445	203.500000	21.250000	1.011739e+03
	812	446	203.000000	21.500000	1.011734e+03
	992	447	248.000000	21.750000	1.009742e+03
	993	447	248.250000	21.750000	1.009742e+03
	799	448	199.750000	22.000000	1.010959e+03
	809	448	202.250000	22.000000	1.012104e+03
	803	449	200.750000	22.250000	1.011532e+03
	996	449	249.000000	22.250000	1.009834e+03
	811	450	202.750000	22.500000	1.012067e+03
	808	451	202.000000	22.750000	1.012069e+03
	735	452	183.750000	23.000000	1.009792e+03
	803	453	200.750000	23.250000	1.011572e+03
	998	453	249.500000	23.250000	1.009487e+03
	705	455	176.250000	23.750000	9.688569e+02
	997	455	249.250000	23.750000	1.009347e+03
	995	456	248.750000	24.000000	1.009474e+03
	988	457	247.000000	24.250000	1.009964e+03
	799	459	199.750000	24.750000	1.011697e+03
	1000	459	250.000000	24.750000	1.008767e+03
	984	463	246.000000	25.750000	1.010449e+03
	991	464	247.750000	26.000000	1.010084e+03
	996	464	249.000000	26.000000	1.008799e+03
	989	465	247.250000	26.250000	1.010067e+03
	984	467	246.000000	26.750000	1.010442e+03
	987	467	246.750000	26.750000	1.010332e+03
	1000	467	250.000000	26.750000	1.008617e+03
	981	469	245.250000	27.250000	1.010799e+03
	985	471	246.250000	27.750000	1.010509e+03
	997	471	249.250000	27.750000	1.008904e+03
	984	473	246.000000	28.250000	1.010637e+03
	990	473	247.500000	28.250000	1.008384e+03
	982	475	245.500000	28.750000	1.010524e+03
	988	475	247.000000	28.750000	1.007892e+03
	980	477	245.000000	29.250000	1.010132e+03
	984	480	246.000000	30.000000	1.006679e+03
	785	482	196.250000	30.500000	9.815969e+02
	976	482	244.000000	30.500000	1.010874e+03
	748	484	187.000000	31.000000	1.012229e+03
	981	485	245.250000	31.250000	1.005322e+03
	980	487	245.000000	31.750000	1.005194e+03
	971	488	242.750000	32.000000	1.010997e+03
	979	489	244.750000	32.250000	1.005002e+03
	977	492	244.250000	33.000000	1.004672e+03
	969	493	242.250000	33.250000	1.010877e+03
	971	495	242.750000	33.750000	1.011017e+03
	961	497	240.250000	34.250000	1.010354e+03
	978	497	244.500000	34.250000	1.004979e+03
	981	499	245.250000	34.750000	1.005182e+03
	976	500	244.000000	35.000000	1.005167e+03
	975	503	243.750000	35.750000	1.004664e+03
	963	504	240.750000	36.000000	1.007289e+03
	995	504	248.750000	36.000000	1.009979e+03
	960	505	240.000000	36.250000	1.007797e+03
	982	505	245.500000	36.250000	1.003972e+03
	972	506	243.000000	36.500000	1.003359e+03
	981	507	245.250000	36.750000	1.004294e+03
	994	508	248.500000	37.000000	1.006984e+03
	968	509	242.000000	37.250000	1.004824e+03
	997	510	249.250000	37.500000	1.006304e+03
	986	511	246.500000	37.750000	1.007272e+03
	969	512	242.250000	38.000000	1.003929e+03
	714	513	178.500000	38.250000	1.019379e+03
	717	513	179.250000	38.250000	1.019392e+03
	982	514	245.500000	38.500000	1.006902e+03
	997	514	249.250000	38.500000	1.005332e+03
	977	515	244.250000	38.750000	1.005569e+03
	1000	515	250.000000	38.750000	1.004677e+03
	967	516	241.750000	39.000000	1.007007e+03
	732	518	183.000000	39.500000	1.018664e+03
	952	518	238.000000	39.500000	1.007564e+03
	977	518	244.250000	39.500000	1.004702e+03
	767	519	191.750000	39.750000	1.010909e+03
	966	519	241.500000	39.750000	1.006429e+03
	974	521	243.500000	40.250000	1.004617e+03
	963	523	240.750000	40.750000	1.007767e+03
	968	524	242.000000	41.000000	1.007654e+03
	990	524	247.500000	41.000000	1.000314e+03
	965	525	241.250000	41.250000	1.007444e+03
	737	527	184.250000	41.750000	1.018542e+03
	770	527	192.500000	41.750000	1.012027e+03
	1000	527	250.000000	41.750000	1.004742e+03
	962	528	240.500000	42.000000	1.009362e+03
	950	530	237.500000	42.500000	1.013497e+03
	967	530	241.750000	42.500000	1.009369e+03
	738	532	184.500000	43.000000	1.018467e+03
	969	532	242.250000	43.000000	1.009042e+03
	996	532	249.000000	43.000000	1.006134e+03
	738	533	184.500000	43.250000	1.018467e+03
	965	533	241.250000	43.250000	1.009697e+03
	976	533	244.000000	43.250000	1.008044e+03
	988	533	247.000000	43.250000	1.004449e+03
	943	534	235.750000	43.500000	1.015469e+03
	939	537	234.750000	44.250000	1.015619e+03
	948	537	237.000000	44.250000	1.014944e+03
	999	537	249.750000	44.250000	1.008432e+03
	955	538	238.750000	44.500000	1.013974e+03
	950	542	237.500000	45.500000	1.015242e+03
	998	543	249.500000	45.750000	1.009812e+03
	970	544	242.500000	46.000000	1.012694e+03
	940	545	235.000000	46.250000	1.015399e+03
	948	546	237.000000	46.500000	1.015529e+03
	963	546	240.750000	46.500000	1.011082e+03
	941	547	235.250000	46.750000	1.015324e+03
	668	548	167.000000	47.000000	1.002427e+03
	797	548	199.250000	47.000000	1.018112e+03
	944	548	236.000000	47.000000	1.015317e+03
	947	548	236.750000	47.000000	1.015412e+03
	939	549	234.750000	47.250000	1.015329e+03
	950	549	237.500000	47.250000	1.015417e+03
	942	550	235.500000	47.500000	1.015297e+03
	982	550	245.500000	47.500000	1.013914e+03
	770	551	192.500000	47.750000	1.018367e+03
	802	551	200.500000	47.750000	1.018684e+03
	965	551	241.250000	47.750000	1.011614e+03
	805	553	201.250000	48.250000	1.018864e+03
	992	553	248.000000	48.250000	1.013869e+03
	948	554	237.000000	48.500000	1.015582e+03
	948	556	237.000000	49.000000	1.015867e+03
	978	556	244.500000	49.000000	1.013689e+03
	987	557	246.750000	49.250000	1.013009e+03
	932	558	233.000000	49.500000	1.015939e+03
	941	560	235.250000	50.000000	1.016544e+03
	950	561	237.500000	50.250000	1.017699e+03
	964	561	241.000000	50.250000	1.015239e+03
	972	562	243.000000	50.500000	1.016077e+03
	969	563	242.250000	50.750000	1.016074e+03
	993	563	248.250000	50.750000	1.014594e+03
	980	564	245.000000	51.000000	1.015864e+03
	1000	564	250.000000	51.000000	1.014597e+03
	930	565	232.500000	51.250000	1.016627e+03
	935	565	233.750000	51.250000	1.016602e+03
	995	566	248.750000	51.500000	1.014694e+03
	970	567	242.500000	51.750000	1.017147e+03
	927	568	231.750000	52.000000	1.016652e+03
	938	570	234.500000	52.500000	1.019517e+03
	957	570	239.250000	52.500000	1.017119e+03
	909	571	227.250000	52.750000	1.018944e+03
	938	573	234.500000	53.250000	1.019172e+03
	952	573	238.000000	53.250000	1.017034e+03
	919	577	229.750000	54.250000	1.018239e+03
	917	579	229.250000	54.750000	1.018214e+03
	934	580	233.500000	55.000000	1.021117e+03
	914	582	228.500000	55.500000	1.018419e+03
	970	583	242.500000	55.750000	1.020817e+03
	924	585	231.000000	56.250000	1.019787e+03
	907	586	226.750000	56.500000	1.018587e+03
	917	587	229.250000	56.750000	1.018937e+03
	818	589	204.500000	57.250000	1.007239e+03
	903	590	225.750000	57.500000	1.018552e+03
	830	591	207.500000	57.750000	1.006952e+03
	886	591	221.500000	57.750000	1.018514e+03
	916	591	229.000000	57.750000	1.018982e+03
	930	591	232.500000	57.750000	1.020732e+03
	936	591	234.000000	57.750000	1.020629e+03
	820	592	205.000000	58.000000	1.006989e+03
	890	592	222.500000	58.000000	1.018334e+03
	900	592	225.000000	58.000000	1.018334e+03
	832	594	208.000000	58.500000	1.006894e+03
	886	594	221.500000	58.500000	1.018269e+03
	894	594	223.500000	58.500000	1.018312e+03
	892	596	223.000000	59.000000	1.018667e+03
	909	596	227.250000	59.000000	1.017897e+03
	694	597	173.500000	59.250000	1.002784e+03
	810	597	202.500000	59.250000	1.005197e+03
	896	598	224.000000	59.500000	1.018312e+03
	930	599	232.500000	59.750000	1.021514e+03
	836	600	209.000000	60.000000	1.008324e+03
