2015	1	8	201	0
	729	436	182.250000	19.000000	1.011776e+03
	819	436	204.750000	19.000000	1.011606e+03
	895	439	223.750000	19.750000	1.010723e+03
	738	440	184.500000	20.000000	1.011793e+03
	816	440	204.000000	20.000000	1.011998e+03
	893	441	223.250000	20.250000	1.010721e+03
	897	441	224.250000	20.250000	1.010718e+03
	897	442	224.250000	20.500000	1.010718e+03
	745	443	186.250000	20.750000	1.012051e+03
	696	444	174.000000	21.000000	1.011918e+03
	712	444	178.000000	21.000000	1.011891e+03
	714	445	178.500000	21.250000	1.011883e+03
	700	446	175.000000	21.500000	1.011971e+03
	704	447	176.000000	21.750000	1.011958e+03
	801	447	200.250000	21.750000	1.013926e+03
	897	448	224.250000	22.000000	1.010603e+03
	728	449	182.000000	22.250000	1.011531e+03
	897	450	224.250000	22.500000	1.010606e+03
	732	451	183.000000	22.750000	1.011451e+03
	897	451	224.250000	22.750000	1.010606e+03
	734	452	183.500000	23.000000	1.011453e+03
	999	452	249.750000	23.000000	1.014833e+03
	737	453	184.250000	23.250000	1.011461e+03
	899	453	224.750000	23.250000	1.010581e+03
	739	454	184.750000	23.500000	1.011423e+03
	741	455	185.250000	23.750000	1.011371e+03
	888	455	222.000000	23.750000	1.011081e+03
	735	456	183.750000	24.000000	1.011526e+03
	744	456	186.000000	24.000000	1.011386e+03
	902	457	225.500000	24.250000	1.010628e+03
	994	459	248.500000	24.750000	1.015448e+03
	993	462	248.250000	25.500000	1.015856e+03
	1000	465	250.000000	26.250000	1.015826e+03
	958	470	239.500000	27.500000	1.017821e+03
	973	470	243.250000	27.500000	1.018271e+03
	980	470	245.000000	27.500000	1.018006e+03
	985	471	246.250000	27.750000	1.017556e+03
	983	473	245.750000	28.250000	1.017681e+03
	999	474	249.750000	28.500000	1.015431e+03
	950	475	237.500000	28.750000	1.017331e+03
	911	476	227.750000	29.000000	1.010378e+03
	961	476	240.250000	29.000000	1.018088e+03
	995	476	248.750000	29.000000	1.016033e+03
	977	477	244.250000	29.250000	1.018606e+03
	972	478	243.000000	29.500000	1.018828e+03
	906	479	226.500000	29.750000	1.008668e+03
	955	479	238.750000	29.750000	1.017978e+03
	955	480	238.750000	30.000000	1.017978e+03
	963	480	240.750000	30.000000	1.018173e+03
	976	481	244.000000	30.250000	1.018543e+03
	953	482	238.250000	30.500000	1.017993e+03
	996	482	249.000000	30.500000	1.016391e+03
	983	483	245.750000	30.750000	1.018058e+03
	764	484	191.000000	31.000000	1.004633e+03
	974	485	243.500000	31.250000	1.018483e+03
	767	486	191.750000	31.500000	1.004331e+03
	985	486	246.250000	31.500000	1.017846e+03
	952	487	238.000000	31.750000	1.017943e+03
	972	487	243.000000	31.750000	1.018313e+03
	980	487	245.000000	31.750000	1.018021e+03
	986	487	246.500000	31.750000	1.017846e+03
	900	488	225.000000	32.000000	1.008481e+03
	906	488	226.500000	32.000000	1.007916e+03
	992	488	248.000000	32.000000	1.017298e+03
	979	489	244.750000	32.250000	1.017963e+03
	771	490	192.750000	32.500000	1.003983e+03
	962	490	240.500000	32.500000	1.018296e+03
	993	490	248.250000	32.500000	1.017073e+03
	988	491	247.000000	32.750000	1.017383e+03
	987	494	246.750000	33.500000	1.017711e+03
	897	495	224.250000	33.750000	1.008746e+03
	970	495	242.500000	33.750000	1.017863e+03
	965	496	241.250000	34.000000	1.017356e+03
	983	496	245.750000	34.000000	1.018441e+03
	962	497	240.500000	34.250000	1.017498e+03
	957	500	239.250000	35.000000	1.018408e+03
	969	500	242.250000	35.000000	1.019388e+03
	991	500	247.750000	35.000000	1.022396e+03
	964	501	241.000000	35.250000	1.019676e+03
	976	501	244.000000	35.250000	1.019426e+03
	949	502	237.250000	35.500000	1.018893e+03
	970	502	242.500000	35.500000	1.019621e+03
	1000	502	250.000000	35.500000	1.024541e+03
	975	503	243.750000	35.750000	1.019603e+03
	948	504	237.000000	36.000000	1.018888e+03
	963	504	240.750000	36.000000	1.019806e+03
	960	505	240.000000	36.250000	1.019836e+03
	972	506	243.000000	36.500000	1.020116e+03
	982	506	245.500000	36.500000	1.019641e+03
	935	507	233.750000	36.750000	1.018151e+03
	952	507	238.000000	36.750000	1.018871e+03
	976	507	244.000000	36.750000	1.020058e+03
	961	508	240.250000	37.000000	1.020343e+03
	958	511	239.500000	37.750000	1.020551e+03
	964	511	241.000000	37.750000	1.023856e+03
	989	511	247.250000	37.750000	1.024463e+03
	957	513	239.250000	38.250000	1.020431e+03
	978	514	244.500000	38.500000	1.023786e+03
	900	515	225.000000	38.750000	1.007706e+03
	956	515	239.000000	38.750000	1.020216e+03
	968	515	242.000000	38.750000	1.023911e+03
	900	516	225.000000	39.000000	1.007706e+03
	945	516	236.250000	39.000000	1.018758e+03
	993	517	248.250000	39.250000	1.025493e+03
	952	519	238.000000	39.750000	1.020213e+03
	970	519	242.500000	39.750000	1.024506e+03
	994	519	248.500000	39.750000	1.025621e+03
	978	521	244.500000	40.250000	1.025118e+03
	990	521	247.500000	40.250000	1.026966e+03
	951	522	237.750000	40.500000	1.020438e+03
	994	523	248.500000	40.750000	1.025451e+03
	997	523	249.250000	40.750000	1.025318e+03
	730	526	182.500000	41.500000	9.742881e+02
	976	526	244.000000	41.500000	1.024783e+03
	939	527	234.750000	41.750000	1.019691e+03
	942	527	235.500000	41.750000	1.019626e+03
	993	527	248.250000	41.750000	1.026041e+03
	926	528	231.500000	42.000000	1.016606e+03
	968	528	242.000000	42.000000	1.025811e+03
	971	528	242.750000	42.000000	1.025213e+03
	979	528	244.750000	42.000000	1.023911e+03
	948	529	237.000000	42.250000	1.021568e+03
	985	529	246.250000	42.250000	1.025066e+03
	957	530	239.250000	42.500000	1.023296e+03
	990	530	247.500000	42.500000	1.026376e+03
	997	530	249.250000	42.500000	1.025521e+03
	924	531	231.000000	42.750000	1.016618e+03
	966	531	241.500000	42.750000	1.025181e+03
	973	531	243.250000	42.750000	1.026033e+03
	993	532	248.250000	43.000000	1.026193e+03
	843	533	210.750000	43.250000	9.934207e+02
	843	534	210.750000	43.500000	9.934207e+02
	996	535	249.000000	43.750000	1.025863e+03
	984	536	246.000000	44.000000	1.023851e+03
	957	538	239.250000	44.500000	1.023726e+03
	987	538	246.750000	44.500000	1.023843e+03
	951	539	237.750000	44.750000	1.021783e+03
	981	540	245.250000	45.000000	1.024143e+03
	992	540	248.000000	45.000000	1.023768e+03
	678	541	169.500000	45.250000	1.006881e+03
	966	541	241.500000	45.250000	1.024228e+03
	979	542	244.750000	45.500000	1.024548e+03
	995	542	248.750000	45.500000	1.021036e+03
	969	544	242.250000	46.000000	1.024343e+03
	952	545	238.000000	46.250000	1.021741e+03
	990	545	247.500000	46.250000	1.021306e+03
	999	545	249.750000	46.250000	1.018711e+03
	954	547	238.500000	46.750000	1.021633e+03
	981	547	245.250000	46.750000	1.023148e+03
	999	549	249.750000	47.250000	1.015438e+03
	955	550	238.750000	47.500000	1.022193e+03
	945	551	236.250000	47.750000	1.021878e+03
	990	551	247.500000	47.750000	1.015686e+03
	956	553	239.000000	48.250000	1.022201e+03
	965	554	241.250000	48.500000	1.027228e+03
	953	555	238.250000	48.750000	1.023618e+03
	958	555	239.500000	48.750000	1.022461e+03
	972	555	243.000000	48.750000	1.026438e+03
	995	556	248.750000	49.000000	1.018601e+03
	991	557	247.750000	49.250000	1.016181e+03
	936	558	234.000000	49.500000	1.022838e+03
	965	558	241.250000	49.500000	1.027556e+03
	989	559	247.250000	49.750000	1.016836e+03
	1000	559	250.000000	49.750000	1.017466e+03
	944	560	236.000000	50.000000	1.024741e+03
	975	560	243.750000	50.000000	1.025263e+03
	952	561	238.000000	50.250000	1.027193e+03
	985	561	246.250000	50.250000	1.016471e+03
	842	562	210.500000	50.500000	9.875206e+02
	985	564	246.250000	51.000000	1.017068e+03
	947	565	236.750000	51.250000	1.024826e+03
	958	565	239.500000	51.250000	1.030186e+03
	942	566	235.500000	51.500000	1.026143e+03
	982	566	245.500000	51.500000	1.017431e+03
	978	568	244.500000	52.000000	1.018351e+03
	941	571	235.250000	52.750000	1.026243e+03
	974	571	243.500000	52.750000	1.019896e+03
	960	572	240.000000	53.000000	1.028746e+03
	997	573	249.250000	53.250000	1.022528e+03
	934	574	233.500000	53.500000	1.027988e+03
	966	574	241.500000	53.500000	1.023416e+03
	927	575	231.750000	53.750000	1.026968e+03
	932	581	233.000000	55.250000	1.030748e+03
	937	582	234.250000	55.500000	1.031868e+03
	929	584	232.250000	56.000000	1.030206e+03
	770	585	192.500000	56.250000	1.005133e+03
	917	585	229.250000	56.250000	1.026813e+03
	936	586	234.000000	56.500000	1.029903e+03
	942	586	235.500000	56.500000	1.034771e+03
	930	588	232.500000	57.000000	1.030056e+03
	907	589	226.750000	57.250000	1.024081e+03
	992	589	248.000000	57.250000	1.027753e+03
	662	590	165.500000	57.500000	1.005916e+03
	792	590	198.000000	57.500000	1.004411e+03
	924	590	231.000000	57.500000	1.030071e+03
	788	591	197.000000	57.750000	1.004356e+03
	888	595	222.000000	58.750000	1.020473e+03
	984	595	246.000000	58.750000	1.032281e+03
	821	599	205.250000	59.750000	1.015316e+03
	838	600	209.500000	60.000000	1.017731e+03
	973	600	243.250000	60.000000	1.039741e+03
