2015	3	27	180	21
	816	435	204.000000	18.750000	1.020147e+03
	812	437	203.000000	19.250000	1.020462e+03
	814	438	203.500000	19.500000	1.020207e+03
	815	440	203.750000	20.000000	1.020127e+03
	821	440	205.250000	20.000000	1.022229e+03
	709	442	177.250000	20.500000	1.018939e+03
	813	442	203.250000	20.500000	1.020659e+03
	821	443	205.250000	20.750000	1.022479e+03
	712	444	178.000000	21.000000	1.019032e+03
	800	448	200.000000	22.000000	1.021739e+03
	710	449	177.500000	22.250000	1.019214e+03
	705	450	176.250000	22.500000	1.018994e+03
	998	456	249.500000	24.000000	1.013869e+03
	712	457	178.000000	24.250000	1.019462e+03
	996	458	249.000000	24.500000	1.013739e+03
	714	459	178.500000	24.750000	1.019422e+03
	724	459	181.000000	24.750000	1.019987e+03
	994	461	248.500000	25.250000	1.013564e+03
	716	464	179.000000	26.000000	1.019734e+03
	724	464	181.000000	26.000000	1.019937e+03
	722	467	180.500000	26.750000	1.019774e+03
	993	467	248.250000	26.750000	1.013837e+03
	724	468	181.000000	27.000000	1.019797e+03
	727	469	181.750000	27.250000	1.019819e+03
	988	469	247.000000	27.250000	1.013732e+03
	729	470	182.250000	27.500000	1.019822e+03
	986	471	246.500000	27.750000	1.014054e+03
	907	473	226.750000	28.250000	1.025619e+03
	999	474	249.750000	28.500000	1.012082e+03
	984	475	246.000000	28.750000	1.014819e+03
	996	475	249.000000	28.750000	1.012297e+03
	992	482	248.000000	30.500000	1.013824e+03
	982	483	245.500000	30.750000	1.015757e+03
	975	484	243.750000	31.000000	1.016539e+03
	988	485	247.000000	31.250000	1.014502e+03
	991	487	247.750000	31.750000	1.014979e+03
	1000	487	250.000000	31.750000	1.017064e+03
	973	490	243.250000	32.500000	1.016597e+03
	981	490	245.250000	32.500000	1.015292e+03
	994	490	248.500000	32.500000	1.014977e+03
	978	491	244.500000	32.750000	1.015342e+03
	984	491	246.000000	32.750000	1.015372e+03
	972	492	243.000000	33.000000	1.016467e+03
	988	492	247.000000	33.000000	1.015299e+03
	981	494	245.250000	33.500000	1.015877e+03
	971	495	242.750000	33.750000	1.016222e+03
	966	497	241.500000	34.250000	1.016669e+03
	992	498	248.000000	34.500000	1.016959e+03
	967	499	241.750000	34.750000	1.017189e+03
	972	500	243.000000	35.000000	1.017474e+03
	975	500	243.750000	35.000000	1.016959e+03
	996	500	249.000000	35.000000	1.017812e+03
	963	502	240.750000	35.500000	1.016649e+03
	995	502	248.750000	35.500000	1.017934e+03
	957	503	239.250000	35.750000	1.017692e+03
	971	503	242.750000	35.750000	1.017112e+03
	975	503	243.750000	35.750000	1.016927e+03
	985	503	246.250000	35.750000	1.017559e+03
	990	504	247.500000	36.000000	1.018029e+03
	956	505	239.000000	36.250000	1.017774e+03
	960	505	240.000000	36.250000	1.016762e+03
	982	505	245.500000	36.250000	1.017099e+03
	972	506	243.000000	36.500000	1.016722e+03
	976	507	244.000000	36.750000	1.017687e+03
	1000	507	250.000000	36.750000	1.018162e+03
	985	508	246.250000	37.000000	1.017377e+03
	994	508	248.500000	37.000000	1.018342e+03
	968	509	242.000000	37.250000	1.017799e+03
	972	509	243.000000	37.250000	1.017762e+03
	997	509	249.250000	37.250000	1.018279e+03
	971	511	242.750000	37.750000	1.017842e+03
	985	511	246.250000	37.750000	1.018302e+03
	968	512	242.000000	38.000000	1.017397e+03
	991	512	247.750000	38.000000	1.019202e+03
	976	513	244.000000	38.250000	1.018189e+03
	982	514	245.500000	38.500000	1.018794e+03
	996	514	249.000000	38.500000	1.017819e+03
	966	515	241.500000	38.750000	1.017012e+03
	989	515	247.250000	38.750000	1.019204e+03
	963	517	240.750000	39.250000	1.016909e+03
	952	518	238.000000	39.500000	1.017374e+03
	974	518	243.500000	39.500000	1.017719e+03
	984	518	246.000000	39.500000	1.018847e+03
	997	518	249.250000	39.500000	1.017442e+03
	969	520	242.250000	40.000000	1.017442e+03
	999	520	249.750000	40.000000	1.016572e+03
	950	521	237.500000	40.250000	1.017602e+03
	961	521	240.250000	40.250000	1.017397e+03
	973	521	243.250000	40.250000	1.017534e+03
	981	521	245.250000	40.250000	1.018042e+03
	972	523	243.000000	40.750000	1.017309e+03
	967	524	241.750000	41.000000	1.017162e+03
	980	524	245.000000	41.000000	1.018044e+03
	993	524	248.250000	41.000000	1.020332e+03
	957	526	239.250000	41.500000	1.017099e+03
	982	526	245.500000	41.500000	1.018199e+03
	949	527	237.250000	41.750000	1.016129e+03
	949	529	237.250000	42.250000	1.016182e+03
	972	529	243.000000	42.250000	1.016814e+03
	757	530	189.250000	42.500000	9.962744e+02
	981	530	245.250000	42.500000	1.016599e+03
	760	531	190.000000	42.750000	9.963069e+02
	969	531	242.250000	42.750000	1.015552e+03
	977	531	244.250000	42.750000	1.016409e+03
	984	531	246.000000	42.750000	1.016919e+03
	988	532	247.000000	43.000000	1.017304e+03
	963	533	240.750000	43.250000	1.015389e+03
	973	534	243.250000	43.500000	1.016489e+03
	955	537	238.750000	44.250000	1.013599e+03
	982	538	245.500000	44.500000	1.017802e+03
	784	539	196.000000	44.750000	9.890069e+02
	959	539	239.750000	44.750000	1.013847e+03
	790	541	197.500000	45.250000	9.885219e+02
	961	544	240.250000	46.000000	1.013882e+03
	993	544	248.250000	46.000000	1.013869e+03
	957	545	239.250000	46.250000	1.013522e+03
	971	545	242.750000	46.250000	1.014127e+03
	976	545	244.000000	46.250000	1.014509e+03
	989	545	247.250000	46.250000	1.015369e+03
	963	546	240.750000	46.500000	1.013969e+03
	955	548	238.750000	47.000000	1.013354e+03
	984	548	246.000000	47.000000	1.014744e+03
	981	550	245.250000	47.500000	1.013849e+03
	1000	550	250.000000	47.500000	1.011244e+03
	957	551	239.250000	47.750000	1.013472e+03
	947	552	236.750000	48.000000	1.013664e+03
	973	552	243.250000	48.000000	1.014094e+03
	995	552	248.750000	48.000000	1.010484e+03
	950	553	237.500000	48.250000	1.014269e+03
	978	553	244.500000	48.250000	1.013622e+03
	958	554	239.500000	48.500000	1.013207e+03
	973	555	243.250000	48.750000	1.013854e+03
	998	555	249.500000	48.750000	1.010689e+03
	813	556	203.250000	49.000000	9.711294e+02
	992	556	248.000000	49.000000	1.010352e+03
	943	557	235.750000	49.250000	1.013112e+03
	977	558	244.250000	49.500000	1.013509e+03
	938	560	234.500000	50.000000	1.011794e+03
	1000	560	250.000000	50.000000	1.010139e+03
	927	561	231.750000	50.250000	1.008864e+03
	957	562	239.250000	50.500000	1.009152e+03
	970	562	242.500000	50.500000	1.013057e+03
	975	563	243.750000	50.750000	1.011162e+03
	929	564	232.250000	51.000000	1.008749e+03
	972	566	243.000000	51.500000	1.010997e+03
	947	568	236.750000	52.000000	1.004604e+03
	778	569	194.500000	52.250000	9.820669e+02
	949	571	237.250000	52.750000	1.004927e+03
	913	572	228.250000	53.000000	1.012187e+03
	952	572	238.000000	53.000000	1.005304e+03
	911	574	227.750000	53.500000	1.012334e+03
	934	574	233.500000	53.500000	1.010264e+03
	960	574	240.000000	53.500000	1.006259e+03
	972	574	243.000000	53.500000	1.004999e+03
	921	577	230.250000	54.250000	1.011382e+03
	930	578	232.500000	54.500000	1.009857e+03
	965	578	241.250000	54.500000	1.004312e+03
	932	580	233.000000	55.000000	1.009802e+03
	979	580	244.750000	55.000000	1.005134e+03
	790	581	197.500000	55.250000	9.840193e+02
	909	581	227.250000	55.250000	1.012457e+03
	916	582	229.000000	55.500000	1.012284e+03
	943	582	235.750000	55.500000	1.008452e+03
	913	584	228.250000	56.000000	1.012489e+03
	909	585	227.250000	56.250000	1.012504e+03
	916	586	229.000000	56.500000	1.012732e+03
	939	586	234.750000	56.500000	1.007927e+03
	996	586	249.000000	56.500000	1.008619e+03
	906	587	226.500000	56.750000	1.012429e+03
	919	588	229.750000	57.000000	1.012119e+03
	950	589	237.500000	57.250000	1.005272e+03
	928	591	232.000000	57.750000	1.009582e+03
	896	592	224.000000	58.000000	1.011094e+03
	956	592	239.000000	58.000000	1.004879e+03
	966	592	241.500000	58.000000	1.004659e+03
	975	592	243.750000	58.000000	1.005349e+03
	990	593	247.500000	58.250000	1.006052e+03
	918	595	229.500000	58.750000	1.009414e+03
	834	599	208.500000	59.750000	1.001034e+03
	689	600	172.250000	60.000000	1.006289e+03
