2015	7	30	236	3
	773	426	193.250000	16.500000	1.007466e+03
	774	426	193.500000	16.500000	1.007466e+03
	891	427	222.750000	16.750000	1.005846e+03
	817	435	204.250000	18.750000	1.010798e+03
	814	438	203.500000	19.500000	1.011058e+03
	812	439	203.000000	19.750000	1.011273e+03
	815	440	203.750000	20.000000	1.010816e+03
	820	441	205.000000	20.250000	1.012523e+03
	813	442	203.250000	20.500000	1.011221e+03
	821	443	205.250000	20.750000	1.012711e+03
	817	444	204.250000	21.000000	1.012708e+03
	736	446	184.000000	21.500000	1.010826e+03
	736	447	184.000000	21.750000	1.010826e+03
	741	448	185.250000	22.000000	1.010861e+03
	999	452	249.750000	23.000000	1.011256e+03
	997	455	249.250000	23.750000	1.011283e+03
	995	456	248.750000	24.000000	1.011336e+03
	999	458	249.750000	24.500000	1.010556e+03
	996	464	249.000000	26.000000	1.010286e+03
	990	465	247.500000	26.250000	1.011781e+03
	995	466	248.750000	26.500000	1.010466e+03
	987	468	246.750000	27.000000	1.011413e+03
	986	472	246.500000	28.000000	1.012231e+03
	990	472	247.500000	28.000000	1.010228e+03
	989	474	247.250000	28.500000	1.010426e+03
	983	475	245.750000	28.750000	1.012831e+03
	980	477	245.000000	29.250000	1.012801e+03
	989	478	247.250000	29.500000	1.010538e+03
	985	479	246.250000	29.750000	1.010523e+03
	971	481	242.750000	30.250000	1.013741e+03
	976	482	244.000000	30.500000	1.013611e+03
	983	482	245.750000	30.500000	1.010641e+03
	988	482	247.000000	30.500000	1.010816e+03
	1000	482	250.000000	30.500000	1.015918e+03
	975	485	243.750000	31.250000	1.013533e+03
	987	485	246.750000	31.250000	1.010806e+03
	965	487	241.250000	31.750000	1.013421e+03
	966	487	241.500000	31.750000	1.013421e+03
	971	488	242.750000	32.000000	1.013278e+03
	991	488	247.750000	32.000000	1.011736e+03
	965	490	241.250000	32.500000	1.013463e+03
	968	491	242.000000	32.750000	1.013466e+03
	985	491	246.250000	32.750000	1.009958e+03
	957	492	239.250000	33.000000	1.013453e+03
	977	492	244.250000	33.000000	1.009371e+03
	988	492	247.000000	33.000000	1.010301e+03
	969	493	242.250000	33.250000	1.013503e+03
	982	494	245.500000	33.500000	1.010198e+03
	971	495	242.750000	33.750000	1.012811e+03
	982	495	245.500000	33.750000	1.010198e+03
	954	496	238.500000	34.000000	1.013611e+03
	962	497	240.500000	34.250000	1.012688e+03
	965	497	241.250000	34.250000	1.012946e+03
	979	497	244.750000	34.250000	1.010911e+03
	992	499	248.000000	34.750000	1.014801e+03
	970	500	242.500000	35.000000	1.010733e+03
	975	500	243.750000	35.000000	1.010498e+03
	981	500	245.250000	35.000000	1.010483e+03
	952	501	238.000000	35.250000	1.013536e+03
	989	502	247.250000	35.500000	1.012583e+03
	971	503	242.750000	35.750000	1.010521e+03
	974	503	243.500000	35.750000	1.010181e+03
	995	504	248.750000	36.000000	1.016056e+03
	962	505	240.500000	36.250000	1.007366e+03
	982	505	245.500000	36.250000	1.008588e+03
	989	505	247.250000	36.250000	1.011981e+03
	972	506	243.000000	36.500000	1.008406e+03
	672	507	168.000000	36.750000	1.018603e+03
	977	507	244.250000	36.750000	1.011378e+03
	676	508	169.000000	37.000000	1.018661e+03
	994	508	248.500000	37.000000	1.011463e+03
	669	509	167.250000	37.250000	1.018646e+03
	997	510	249.250000	37.500000	1.010803e+03
	939	512	234.750000	38.000000	1.012748e+03
	969	512	242.250000	38.000000	1.012126e+03
	987	512	246.750000	38.000000	1.014596e+03
	935	513	233.750000	38.250000	1.012693e+03
	732	514	183.000000	38.500000	1.021538e+03
	977	514	244.250000	38.500000	1.013793e+03
	997	514	249.250000	38.500000	1.013061e+03
	814	515	203.500000	38.750000	1.022408e+03
	954	515	238.500000	38.750000	1.008926e+03
	1000	515	250.000000	38.750000	1.012196e+03
	685	516	171.250000	39.000000	1.018458e+03
	967	516	241.750000	39.000000	1.012568e+03
	972	516	243.000000	39.000000	1.014793e+03
	736	517	184.000000	39.250000	1.021541e+03
	976	517	244.000000	39.250000	1.014461e+03
	980	517	245.000000	39.250000	1.014518e+03
	989	517	247.250000	39.250000	1.013976e+03
	939	518	234.750000	39.500000	1.013006e+03
	952	518	238.000000	39.500000	1.007908e+03
	800	519	200.000000	39.750000	1.022306e+03
	966	519	241.500000	39.750000	1.012398e+03
	988	520	247.000000	40.000000	1.015048e+03
	992	520	248.000000	40.000000	1.016301e+03
	836	521	209.000000	40.250000	1.022866e+03
	944	521	236.000000	40.250000	1.013318e+03
	960	522	240.000000	40.500000	1.013736e+03
	972	523	243.000000	40.750000	1.014368e+03
	965	524	241.250000	41.000000	1.014313e+03
	978	524	244.500000	41.000000	1.015171e+03
	991	524	247.750000	41.000000	1.017396e+03
	954	525	238.500000	41.250000	1.013018e+03
	995	525	248.750000	41.250000	1.019518e+03
	946	527	236.500000	41.750000	1.012968e+03
	950	527	237.500000	41.750000	1.012981e+03
	973	527	243.250000	41.750000	1.015403e+03
	689	528	172.250000	42.000000	1.015966e+03
	942	528	235.500000	42.000000	1.011156e+03
	954	528	238.500000	42.000000	1.014031e+03
	966	529	241.500000	42.250000	1.015776e+03
	948	530	237.000000	42.500000	1.012011e+03
	959	531	239.750000	42.750000	1.016186e+03
	963	531	240.750000	42.750000	1.016328e+03
	969	531	242.250000	42.750000	1.015438e+03
	980	531	245.000000	42.750000	1.015353e+03
	977	532	244.250000	43.000000	1.015116e+03
	865	533	216.250000	43.250000	1.022801e+03
	957	533	239.250000	43.250000	1.015978e+03
	964	533	241.000000	43.250000	1.016358e+03
	989	533	247.250000	43.250000	1.017416e+03
	947	535	236.750000	43.750000	1.013111e+03
	968	535	242.000000	43.750000	1.016868e+03
	960	536	240.000000	44.000000	1.016378e+03
	972	536	243.000000	44.000000	1.015466e+03
	956	537	239.000000	44.250000	1.015553e+03
	984	538	246.000000	44.500000	1.018218e+03
	959	539	239.750000	44.750000	1.016033e+03
	962	539	240.500000	44.750000	1.016256e+03
	969	539	242.250000	44.750000	1.017133e+03
	956	540	239.000000	45.000000	1.015506e+03
	949	541	237.250000	45.250000	1.014061e+03
	983	541	245.750000	45.250000	1.018968e+03
	967	542	241.750000	45.500000	1.017073e+03
	992	542	248.000000	45.500000	1.018413e+03
	771	543	192.750000	45.750000	1.016103e+03
	956	543	239.000000	45.750000	1.015211e+03
	776	544	194.000000	46.000000	1.016161e+03
	962	544	240.500000	46.000000	1.014391e+03
	993	544	248.250000	46.000000	1.017863e+03
	959	546	239.750000	46.500000	1.014978e+03
	963	546	240.750000	46.500000	1.014443e+03
	972	546	243.000000	46.500000	1.016178e+03
	968	547	242.000000	46.750000	1.015333e+03
	984	547	246.000000	46.750000	1.017691e+03
	950	549	237.500000	47.250000	1.017278e+03
	788	550	197.000000	47.500000	1.016546e+03
	982	550	245.500000	47.500000	1.016963e+03
	831	551	207.750000	47.750000	1.015098e+03
	778	552	194.500000	48.000000	1.016381e+03
	962	552	240.500000	48.000000	1.014593e+03
	970	552	242.500000	48.000000	1.016041e+03
	998	552	249.500000	48.000000	1.015448e+03
	833	554	208.250000	48.500000	1.015116e+03
	940	555	235.000000	48.750000	1.019493e+03
	955	555	238.750000	48.750000	1.019821e+03
	963	555	240.750000	48.750000	1.015586e+03
	968	555	242.000000	48.750000	1.015321e+03
	974	555	243.500000	48.750000	1.016328e+03
	949	556	237.250000	49.000000	1.017946e+03
	996	557	249.000000	49.250000	1.016683e+03
	693	558	173.250000	49.500000	1.001966e+03
	934	558	233.500000	49.500000	1.020356e+03
	944	558	236.000000	49.500000	1.018686e+03
	977	558	244.250000	49.500000	1.017201e+03
	988	559	247.000000	49.750000	1.016198e+03
	824	560	206.000000	50.000000	1.015743e+03
	962	560	240.500000	50.000000	1.016633e+03
	761	561	190.250000	50.250000	1.016141e+03
	823	561	205.750000	50.250000	1.015743e+03
	766	562	191.500000	50.500000	1.016098e+03
	958	563	239.500000	50.750000	1.015451e+03
	975	563	243.750000	50.750000	1.019866e+03
	999	563	249.750000	50.750000	1.016003e+03
	952	564	238.000000	51.000000	1.017698e+03
	797	566	199.250000	51.500000	1.014936e+03
	840	566	210.000000	51.500000	1.015946e+03
	916	566	229.000000	51.500000	1.023978e+03
	970	566	242.500000	51.500000	1.020868e+03
	802	567	200.500000	51.750000	1.014971e+03
	933	567	233.250000	51.750000	1.021776e+03
	950	567	237.500000	51.750000	1.017998e+03
	946	568	236.500000	52.000000	1.018701e+03
	803	569	200.750000	52.250000	1.014973e+03
	857	569	214.250000	52.250000	1.015506e+03
	963	571	240.750000	52.750000	1.019838e+03
	767	573	191.750000	53.250000	1.016001e+03
	913	573	228.250000	53.250000	1.023336e+03
	949	573	237.250000	53.250000	1.019508e+03
	772	574	193.000000	53.500000	1.015746e+03
	804	574	201.000000	53.500000	1.014978e+03
	817	574	204.250000	53.500000	1.015133e+03
	911	575	227.750000	53.750000	1.023243e+03
	924	575	231.000000	53.750000	1.023326e+03
	831	576	207.750000	54.000000	1.015363e+03
	950	576	237.500000	54.000000	1.019596e+03
	785	579	196.250000	54.750000	1.015203e+03
	666	580	166.500000	55.000000	1.014361e+03
	806	581	201.500000	55.250000	1.014838e+03
	928	581	232.000000	55.250000	1.021831e+03
	797	582	199.250000	55.500000	1.014553e+03
	748	584	187.000000	56.000000	1.017246e+03
	803	584	200.750000	56.000000	1.014611e+03
	810	584	202.500000	56.000000	1.014841e+03
	680	585	170.000000	56.250000	1.014506e+03
	814	585	203.500000	56.250000	1.014821e+03
	970	585	242.500000	56.250000	1.014698e+03
	943	587	235.750000	56.750000	1.017876e+03
	963	587	240.750000	56.750000	1.014598e+03
	958	588	239.500000	57.000000	1.014178e+03
	688	589	172.000000	57.250000	1.014441e+03
	938	589	234.500000	57.250000	1.017648e+03
	954	589	238.500000	57.250000	1.014208e+03
	816	591	204.000000	57.750000	1.014486e+03
	826	591	206.500000	57.750000	1.014091e+03
	898	592	224.500000	58.000000	1.019796e+03
	948	592	237.000000	58.000000	1.013941e+03
	858	594	214.500000	58.500000	1.017133e+03
	894	594	223.500000	58.500000	1.019851e+03
	896	594	224.000000	58.500000	1.019851e+03
	976	594	244.000000	58.500000	1.011738e+03
	820	595	205.000000	58.750000	1.013756e+03
	863	595	215.750000	58.750000	1.017121e+03
	852	596	213.000000	59.000000	1.017046e+03
	682	598	170.500000	59.500000	1.013786e+03
	849	598	212.250000	59.500000	1.016986e+03
	688	599	172.000000	59.750000	1.013693e+03
	766	599	191.500000	59.750000	1.015631e+03
	798	599	199.500000	59.750000	1.012746e+03
	835	599	208.750000	59.750000	1.016136e+03
	845	599	211.250000	59.750000	1.016983e+03
	911	599	227.750000	59.750000	1.016371e+03
	743	600	185.750000	60.000000	1.015876e+03
	823	600	205.750000	60.000000	1.014851e+03
	958	600	239.500000	60.000000	1.010876e+03
