2014	12	24	172	12
	827	422	206.750000	15.500000	1.007015e+03
	827	423	206.750000	15.750000	1.007015e+03
	814	427	203.500000	16.750000	1.008083e+03
	829	429	207.250000	17.250000	1.007088e+03
	815	431	203.750000	17.750000	1.008222e+03
	804	433	201.000000	18.250000	1.009083e+03
	817	434	204.250000	18.500000	1.008015e+03
	806	435	201.500000	18.750000	1.008992e+03
	999	438	249.750000	19.500000	1.009450e+03
	812	439	203.000000	19.750000	1.008648e+03
	815	440	203.750000	20.000000	1.008312e+03
	820	441	205.000000	20.250000	1.008977e+03
	821	443	205.250000	20.750000	1.009157e+03
	808	444	202.000000	21.000000	1.009110e+03
	817	444	204.250000	21.000000	1.008970e+03
	810	445	202.500000	21.250000	1.009250e+03
	815	445	203.750000	21.250000	1.008982e+03
	821	446	205.250000	21.500000	1.009297e+03
	811	452	202.750000	23.000000	1.007917e+03
	821	452	205.250000	23.000000	1.009440e+03
	990	465	247.500000	26.250000	1.012285e+03
	685	467	171.250000	26.750000	1.019547e+03
	689	469	172.250000	27.250000	1.019602e+03
	985	473	246.250000	28.250000	1.014182e+03
	697	474	174.250000	28.500000	1.019657e+03
	699	475	174.750000	28.750000	1.019667e+03
	702	477	175.500000	29.250000	1.019643e+03
	977	478	244.250000	29.500000	1.016032e+03
	689	480	172.250000	30.000000	1.020295e+03
	972	483	243.000000	30.750000	1.016220e+03
	973	483	243.250000	30.750000	1.016220e+03
	995	483	248.750000	30.750000	1.017815e+03
	970	487	242.500000	31.750000	1.016380e+03
	719	488	179.750000	32.000000	1.017820e+03
	994	491	248.500000	32.750000	1.021230e+03
	960	492	240.000000	33.000000	1.017070e+03
	993	493	248.250000	33.250000	1.021213e+03
	728	494	182.000000	33.500000	1.017117e+03
	958	494	239.500000	33.500000	1.017037e+03
	720	496	180.000000	34.000000	1.017485e+03
	990	496	247.500000	34.000000	1.020903e+03
	978	500	244.500000	35.000000	1.021622e+03
	969	501	242.250000	35.250000	1.021190e+03
	992	501	248.000000	35.250000	1.022343e+03
	740	503	185.000000	35.750000	1.016468e+03
	965	504	241.250000	36.000000	1.018815e+03
	960	505	240.000000	36.250000	1.019210e+03
	976	505	244.000000	36.250000	1.021987e+03
	744	506	186.000000	36.500000	1.016420e+03
	985	506	246.250000	36.500000	1.023250e+03
	952	507	238.000000	36.750000	1.018393e+03
	964	507	241.000000	36.750000	1.018720e+03
	991	507	247.750000	36.750000	1.023665e+03
	672	508	168.000000	37.000000	1.015685e+03
	686	508	171.500000	37.000000	1.016395e+03
	748	508	187.000000	37.000000	1.016172e+03
	996	508	249.000000	37.000000	1.025935e+03
	1000	508	250.000000	37.000000	1.026007e+03
	738	509	184.500000	37.250000	1.016030e+03
	974	509	243.500000	37.250000	1.021763e+03
	981	509	245.250000	37.250000	1.023320e+03
	750	510	187.500000	37.500000	1.016177e+03
	953	510	238.250000	37.500000	1.018198e+03
	961	510	240.250000	37.500000	1.018515e+03
	989	510	247.250000	37.500000	1.020925e+03
	975	511	243.750000	37.750000	1.021898e+03
	959	512	239.750000	38.000000	1.018218e+03
	993	512	248.250000	38.000000	1.021422e+03
	998	512	249.500000	38.000000	1.026427e+03
	984	513	246.000000	38.250000	1.024195e+03
	990	514	247.500000	38.500000	1.024963e+03
	958	515	239.500000	38.750000	1.017890e+03
	963	515	240.750000	38.750000	1.016305e+03
	983	517	245.750000	39.250000	1.021280e+03
	961	518	240.250000	39.500000	1.015753e+03
	969	518	242.250000	39.500000	1.016175e+03
	974	518	243.500000	39.500000	1.018083e+03
	979	518	244.750000	39.500000	1.021180e+03
	997	519	249.250000	39.750000	1.024017e+03
	948	520	237.000000	40.000000	1.016890e+03
	982	520	245.500000	40.000000	1.020682e+03
	971	522	242.750000	40.500000	1.017468e+03
	976	522	244.000000	40.500000	1.018880e+03
	849	523	212.250000	40.750000	1.034598e+03
	845	524	211.250000	41.000000	1.034627e+03
	999	524	249.750000	41.000000	1.018472e+03
	988	526	247.000000	41.500000	1.023340e+03
	952	527	238.000000	41.750000	1.014963e+03
	975	527	243.750000	41.750000	1.016120e+03
	992	527	248.000000	41.750000	1.024685e+03
	963	529	240.750000	42.250000	1.012932e+03
	979	529	244.750000	42.250000	1.013880e+03
	999	529	249.750000	42.250000	1.022097e+03
	970	530	242.500000	42.500000	1.014350e+03
	984	530	246.000000	42.500000	1.019057e+03
	974	531	243.500000	42.750000	1.014372e+03
	937	532	234.250000	43.000000	1.014047e+03
	960	532	240.000000	43.000000	1.012385e+03
	966	532	241.500000	43.000000	1.012232e+03
	972	533	243.000000	43.250000	1.013105e+03
	995	535	248.750000	43.750000	1.022890e+03
	943	536	235.750000	44.000000	1.012477e+03
	977	536	244.250000	44.000000	1.014763e+03
	963	538	240.750000	44.500000	1.010985e+03
	985	538	246.250000	44.500000	1.015845e+03
	960	542	240.000000	45.500000	1.007992e+03
	944	544	236.000000	46.000000	1.014693e+03
	965	544	241.250000	46.000000	1.007802e+03
	948	546	237.000000	46.500000	1.014542e+03
	969	546	242.250000	46.500000	1.007650e+03
	947	548	236.750000	47.000000	1.014390e+03
	982	549	245.500000	47.250000	1.007645e+03
	943	550	235.750000	47.500000	1.015023e+03
	1000	550	250.000000	47.500000	1.002883e+03
	991	551	247.750000	47.750000	1.002888e+03
	960	553	240.000000	48.250000	1.010955e+03
	938	556	234.500000	49.000000	1.013695e+03
	979	556	244.750000	49.000000	1.009758e+03
	992	556	248.000000	49.000000	1.005357e+03
	944	558	236.000000	49.500000	1.012443e+03
	949	558	237.250000	49.500000	1.012690e+03
	970	558	242.500000	49.500000	1.011188e+03
	967	559	241.750000	49.750000	1.010612e+03
	962	560	240.500000	50.000000	1.010167e+03
	936	561	234.000000	50.250000	1.013218e+03
	945	561	236.250000	50.250000	1.013095e+03
	985	561	246.250000	50.250000	1.004273e+03
	718	562	179.500000	50.500000	9.750725e+02
	977	562	244.250000	50.500000	1.008458e+03
	963	563	240.750000	50.750000	1.010052e+03
	968	564	242.000000	51.000000	1.010218e+03
	991	564	247.750000	51.000000	1.003795e+03
	953	565	238.250000	51.250000	1.008595e+03
	972	565	243.000000	51.250000	1.009872e+03
	949	566	237.250000	51.500000	1.008612e+03
	713	567	178.250000	51.750000	9.739600e+02
	985	567	246.250000	51.750000	1.003445e+03
	954	568	238.500000	52.000000	1.008715e+03
	981	568	245.250000	52.000000	1.003695e+03
	998	569	249.500000	52.250000	1.003340e+03
	948	570	237.000000	52.500000	1.008782e+03
	976	571	244.000000	52.750000	1.004855e+03
	953	576	238.250000	54.000000	1.007445e+03
	1000	577	250.000000	54.250000	1.002055e+03
	970	578	242.500000	54.500000	1.004958e+03
	965	579	241.250000	54.750000	1.005015e+03
	981	579	245.250000	54.750000	1.002513e+03
	989	579	247.250000	54.750000	1.002570e+03
	917	580	229.250000	55.000000	1.001885e+03
	999	580	249.750000	55.000000	1.001750e+03
	956	581	239.000000	55.250000	1.005393e+03
	952	582	238.000000	55.500000	1.005945e+03
	687	583	171.750000	55.750000	9.628000e+02
	925	583	231.250000	55.750000	1.002593e+03
	948	583	237.000000	55.750000	1.005995e+03
	918	584	229.500000	56.000000	1.002443e+03
	812	586	203.000000	56.500000	9.927750e+02
	910	587	227.500000	56.750000	1.004035e+03
	934	587	233.500000	56.750000	1.003120e+03
	902	588	225.500000	57.000000	1.004943e+03
	922	588	230.500000	57.000000	1.002938e+03
	908	591	227.000000	57.750000	1.004080e+03
	892	593	223.000000	58.250000	1.005185e+03
	900	593	225.000000	58.250000	1.005388e+03
	747	594	186.750000	58.500000	9.850350e+02
	978	595	244.500000	58.750000	1.009995e+03
	767	596	191.750000	59.000000	9.829625e+02
	906	597	226.500000	59.250000	1.008040e+03
	915	598	228.750000	59.500000	1.008992e+03
	879	599	219.750000	59.750000	1.005155e+03
	836	600	209.000000	60.000000	1.003085e+03
	873	600	218.250000	60.000000	1.005105e+03
