2015	7	31	280	18
	928	420	232.000000	15.000000	1.011881e+03
	852	424	213.000000	16.000000	1.009211e+03
	687	427	171.750000	16.750000	1.010391e+03
	753	428	188.250000	17.000000	1.011198e+03
	815	436	203.750000	19.000000	1.013848e+03
	815	440	203.750000	20.000000	1.013418e+03
	820	441	205.000000	20.250000	1.015261e+03
	821	443	205.250000	20.750000	1.015348e+03
	817	444	204.250000	21.000000	1.015323e+03
	748	447	187.000000	21.750000	1.013021e+03
	801	450	200.250000	22.500000	1.016408e+03
	999	452	249.750000	23.000000	1.012253e+03
	753	458	188.250000	24.500000	1.015031e+03
	751	459	187.750000	24.750000	1.015008e+03
	994	459	248.500000	24.750000	1.012238e+03
	752	463	188.000000	25.750000	1.015236e+03
	761	465	190.250000	26.250000	1.016126e+03
	990	465	247.500000	26.250000	1.012026e+03
	938	466	234.500000	26.500000	1.019421e+03
	940	467	235.000000	26.750000	1.019423e+03
	1000	469	250.000000	27.250000	1.010316e+03
	750	471	187.500000	27.750000	1.015663e+03
	759	472	189.750000	28.000000	1.016518e+03
	997	472	249.250000	28.000000	1.010868e+03
	755	474	188.750000	28.500000	1.016348e+03
	988	475	247.000000	28.750000	1.012616e+03
	994	475	248.500000	28.750000	1.011231e+03
	750	477	187.500000	29.250000	1.016366e+03
	751	477	187.750000	29.250000	1.016366e+03
	986	477	246.500000	29.250000	1.012638e+03
	986	478	246.500000	29.500000	1.012638e+03
	990	478	247.500000	29.500000	1.012268e+03
	988	479	247.000000	29.750000	1.012463e+03
	977	482	244.250000	30.500000	1.015801e+03
	973	483	243.250000	30.750000	1.016416e+03
	988	483	247.000000	30.750000	1.012443e+03
	975	485	243.750000	31.250000	1.015568e+03
	985	487	246.250000	31.750000	1.013058e+03
	1000	487	250.000000	31.750000	1.017138e+03
	665	488	166.250000	32.000000	1.016536e+03
	974	488	243.500000	32.000000	1.015806e+03
	995	489	248.750000	32.250000	1.014683e+03
	666	490	166.500000	32.500000	1.016531e+03
	910	490	227.500000	32.500000	1.016526e+03
	911	490	227.750000	32.500000	1.016526e+03
	662	491	165.500000	32.750000	1.016566e+03
	981	491	245.250000	32.750000	1.012358e+03
	984	491	246.000000	32.750000	1.012548e+03
	667	492	166.750000	33.000000	1.016508e+03
	912	492	228.000000	33.000000	1.016513e+03
	965	492	241.250000	33.000000	1.016651e+03
	971	492	242.750000	33.000000	1.015843e+03
	978	492	244.500000	33.000000	1.012216e+03
	988	492	247.000000	33.000000	1.012608e+03
	720	493	180.000000	33.250000	1.018161e+03
	965	493	241.250000	33.250000	1.016651e+03
	991	494	247.750000	33.500000	1.012488e+03
	955	495	238.750000	33.750000	1.016491e+03
	982	495	245.500000	33.750000	1.012493e+03
	967	496	241.750000	34.000000	1.016101e+03
	970	496	242.500000	34.000000	1.016083e+03
	911	497	227.750000	34.250000	1.016608e+03
	962	497	240.500000	34.250000	1.016398e+03
	979	497	244.750000	34.250000	1.013421e+03
	912	499	228.000000	34.750000	1.016611e+03
	982	499	245.500000	34.750000	1.013251e+03
	990	499	247.500000	34.750000	1.016733e+03
	1000	499	250.000000	34.750000	1.018261e+03
	969	500	242.250000	35.000000	1.014718e+03
	975	500	243.750000	35.000000	1.013763e+03
	912	501	228.000000	35.250000	1.016611e+03
	964	501	241.000000	35.250000	1.013466e+03
	787	502	196.750000	35.500000	1.020208e+03
	912	502	228.000000	35.500000	1.016611e+03
	937	502	234.250000	35.500000	1.017583e+03
	995	502	248.750000	35.500000	1.017396e+03
	971	503	242.750000	35.750000	1.013848e+03
	974	503	243.500000	35.750000	1.013438e+03
	962	504	240.500000	36.000000	1.012941e+03
	990	504	247.500000	36.000000	1.017618e+03
	993	504	248.250000	36.000000	1.018183e+03
	956	505	239.000000	36.250000	1.014968e+03
	982	505	245.500000	36.250000	1.013773e+03
	930	506	232.500000	36.500000	1.017446e+03
	972	506	243.000000	36.500000	1.014293e+03
	944	508	236.000000	37.000000	1.016893e+03
	961	508	240.250000	37.000000	1.013121e+03
	994	508	248.500000	37.000000	1.017211e+03
	1000	508	250.000000	37.000000	1.017921e+03
	932	509	233.000000	37.250000	1.017333e+03
	997	509	249.250000	37.250000	1.017266e+03
	852	510	213.000000	37.500000	1.026203e+03
	952	510	238.000000	37.500000	1.016073e+03
	929	511	232.250000	37.750000	1.017431e+03
	986	511	246.500000	37.750000	1.017261e+03
	957	512	239.250000	38.000000	1.014313e+03
	970	513	242.500000	38.250000	1.017776e+03
	824	514	206.000000	38.500000	1.025651e+03
	956	514	239.000000	38.500000	1.014436e+03
	977	514	244.250000	38.500000	1.017171e+03
	997	514	249.250000	38.500000	1.016608e+03
	824	515	206.000000	38.750000	1.025651e+03
	850	515	212.500000	38.750000	1.026131e+03
	1000	515	250.000000	38.750000	1.016431e+03
	967	516	241.750000	39.000000	1.016841e+03
	935	517	233.750000	39.250000	1.015938e+03
	848	518	212.000000	39.500000	1.026023e+03
	986	518	246.500000	39.500000	1.018058e+03
	990	518	247.500000	39.500000	1.017258e+03
	847	519	211.750000	39.750000	1.026023e+03
	948	519	237.000000	39.750000	1.014443e+03
	952	519	238.000000	39.750000	1.014046e+03
	661	520	165.250000	40.000000	1.011476e+03
	926	520	231.500000	40.000000	1.017128e+03
	940	520	235.000000	40.000000	1.016046e+03
	966	520	241.500000	40.000000	1.015496e+03
	969	520	242.250000	40.000000	1.015516e+03
	987	521	246.750000	40.250000	1.017318e+03
	945	522	236.250000	40.500000	1.013788e+03
	950	522	237.500000	40.500000	1.013511e+03
	951	522	237.750000	40.500000	1.013511e+03
	992	522	248.000000	40.500000	1.017696e+03
	972	523	243.000000	40.750000	1.016286e+03
	965	524	241.250000	41.000000	1.016206e+03
	978	524	244.500000	41.000000	1.017988e+03
	985	525	246.250000	41.250000	1.017608e+03
	960	526	240.000000	41.500000	1.017796e+03
	1000	526	250.000000	41.500000	1.019401e+03
	702	527	175.500000	41.750000	1.008296e+03
	950	527	237.500000	41.750000	1.016046e+03
	988	527	247.000000	41.750000	1.017448e+03
	991	527	247.750000	41.750000	1.017391e+03
	730	528	182.500000	42.000000	1.012626e+03
	943	528	235.750000	42.000000	1.014323e+03
	955	528	238.750000	42.000000	1.016483e+03
	961	528	240.250000	42.000000	1.017851e+03
	974	528	243.500000	42.000000	1.017908e+03
	996	528	249.000000	42.000000	1.019993e+03
	966	529	241.500000	42.250000	1.017538e+03
	731	530	182.750000	42.500000	1.012648e+03
	948	530	237.000000	42.500000	1.015171e+03
	963	531	240.750000	42.750000	1.017241e+03
	969	531	242.250000	42.750000	1.017366e+03
	980	531	245.000000	42.750000	1.017498e+03
	986	531	246.500000	42.750000	1.017821e+03
	990	532	247.500000	43.000000	1.017858e+03
	947	533	236.750000	43.250000	1.015513e+03
	965	533	241.250000	43.250000	1.016978e+03
	954	534	238.500000	43.500000	1.017261e+03
	974	534	243.500000	43.500000	1.016983e+03
	991	534	247.750000	43.500000	1.018451e+03
	890	536	222.500000	44.000000	1.025171e+03
	948	536	237.000000	44.000000	1.015863e+03
	972	536	243.000000	44.000000	1.016496e+03
	891	539	222.750000	44.750000	1.025143e+03
	962	539	240.500000	44.750000	1.016561e+03
	969	539	242.250000	44.750000	1.017381e+03
	956	540	239.000000	45.000000	1.016108e+03
	949	541	237.250000	45.250000	1.016433e+03
	982	542	245.500000	45.500000	1.019856e+03
	990	542	247.500000	45.500000	1.019873e+03
	956	543	239.000000	45.750000	1.015436e+03
	962	544	240.500000	46.000000	1.014441e+03
	993	544	248.250000	46.000000	1.018771e+03
	966	545	241.500000	46.250000	1.014356e+03
	949	546	237.250000	46.500000	1.017621e+03
	952	546	238.000000	46.500000	1.017663e+03
	963	546	240.750000	46.500000	1.014321e+03
	989	546	247.250000	46.500000	1.019241e+03
	984	547	246.000000	46.750000	1.018118e+03
	707	548	176.750000	47.000000	1.006801e+03
	838	548	209.500000	47.000000	1.019868e+03
	839	548	209.750000	47.000000	1.019868e+03
	962	548	240.500000	47.000000	1.014488e+03
	829	549	207.250000	47.250000	1.020298e+03
	950	549	237.500000	47.250000	1.017698e+03
	988	549	247.000000	47.250000	1.019383e+03
	982	550	245.500000	47.500000	1.017308e+03
	1000	550	250.000000	47.500000	1.017053e+03
	993	551	248.250000	47.750000	1.016588e+03
	796	552	199.000000	48.000000	1.016311e+03
	962	552	240.500000	48.000000	1.015551e+03
	992	553	248.000000	48.250000	1.016453e+03
	968	554	242.000000	48.500000	1.015846e+03
	955	555	238.750000	48.750000	1.019046e+03
	868	556	217.000000	49.000000	1.021366e+03
	950	556	237.500000	49.000000	1.017666e+03
	998	556	249.500000	49.000000	1.016996e+03
	838	558	209.500000	49.500000	1.020858e+03
	937	558	234.250000	49.500000	1.019161e+03
	977	558	244.250000	49.500000	1.016978e+03
	857	559	214.250000	49.750000	1.021298e+03
	933	559	233.250000	49.750000	1.018941e+03
	942	559	235.500000	49.750000	1.018598e+03
	969	559	242.250000	49.750000	1.017448e+03
	962	560	240.500000	50.000000	1.016988e+03
	992	560	248.000000	50.000000	1.017071e+03
	1000	560	250.000000	50.000000	1.016623e+03
	968	561	242.000000	50.250000	1.017323e+03
	977	561	244.250000	50.250000	1.017266e+03
	949	562	237.250000	50.500000	1.019058e+03
	963	562	240.750000	50.500000	1.016868e+03
	958	563	239.500000	50.750000	1.017018e+03
	975	563	243.750000	50.750000	1.017266e+03
	983	563	245.750000	50.750000	1.015846e+03
	860	564	215.000000	51.000000	1.020976e+03
	994	564	248.500000	51.000000	1.016803e+03
	995	564	248.750000	51.000000	1.016803e+03
	952	565	238.000000	51.250000	1.017798e+03
	961	565	240.250000	51.250000	1.017288e+03
	961	566	240.250000	51.500000	1.017288e+03
	970	566	242.500000	51.500000	1.017586e+03
	993	566	248.250000	51.500000	1.016946e+03
	933	567	233.250000	51.750000	1.020281e+03
	946	567	236.500000	51.750000	1.018198e+03
	951	567	237.750000	51.750000	1.017923e+03
	957	567	239.250000	51.750000	1.017786e+03
	965	568	241.250000	52.000000	1.017661e+03
	934	569	233.500000	52.250000	1.020308e+03
	838	570	209.500000	52.500000	1.020813e+03
	963	571	240.750000	52.750000	1.017066e+03
	977	571	244.250000	52.750000	1.013953e+03
	938	572	234.500000	53.000000	1.018666e+03
	945	573	236.250000	53.250000	1.018131e+03
	831	576	207.750000	54.000000	1.020253e+03
	944	576	236.000000	54.000000	1.018243e+03
	945	576	236.250000	54.000000	1.018243e+03
	982	577	245.500000	54.250000	1.015103e+03
	973	578	243.250000	54.500000	1.014858e+03
	962	580	240.500000	55.000000	1.015376e+03
	966	580	241.500000	55.000000	1.015416e+03
	975	580	243.750000	55.000000	1.014773e+03
	930	581	232.500000	55.250000	1.018896e+03
	934	581	233.500000	55.250000	1.018926e+03
	945	582	236.250000	55.500000	1.017653e+03
	990	585	247.500000	56.250000	1.015118e+03
	897	587	224.250000	56.750000	1.014543e+03
	939	587	234.750000	56.750000	1.017361e+03
	902	588	225.500000	57.000000	1.014716e+03
	992	588	248.000000	57.000000	1.014826e+03
	938	589	234.500000	57.250000	1.017346e+03
	954	589	238.500000	57.250000	1.014071e+03
	930	590	232.500000	57.500000	1.016541e+03
	918	591	229.500000	57.750000	1.015258e+03
	936	591	234.000000	57.750000	1.017281e+03
	900	592	225.000000	58.000000	1.015148e+03
	924	592	231.000000	58.000000	1.015686e+03
	954	592	238.500000	58.000000	1.013916e+03
	969	592	242.250000	58.000000	1.013976e+03
	970	592	242.500000	58.000000	1.013976e+03
	984	592	246.000000	58.000000	1.014106e+03
	978	593	244.500000	58.250000	1.014048e+03
	994	593	248.500000	58.250000	1.014683e+03
	890	594	222.500000	58.500000	1.015311e+03
	958	594	239.500000	58.500000	1.014061e+03
	966	594	241.500000	58.500000	1.013761e+03
	974	594	243.500000	58.500000	1.014078e+03
	999	594	249.750000	58.500000	1.014791e+03
	914	595	228.500000	58.750000	1.016268e+03
	985	595	246.250000	58.750000	1.014296e+03
	899	596	224.750000	59.000000	1.015143e+03
	941	596	235.250000	59.000000	1.014871e+03
	962	596	240.500000	59.000000	1.013758e+03
	888	597	222.000000	59.250000	1.014991e+03
	970	597	242.500000	59.250000	1.013886e+03
	884	598	221.000000	59.500000	1.015311e+03
	907	598	226.750000	59.500000	1.015498e+03
	926	598	231.500000	59.500000	1.015138e+03
	927	598	231.750000	59.500000	1.015138e+03
	998	598	249.500000	59.500000	1.014608e+03
	820	599	205.000000	59.750000	1.018728e+03
	828	599	207.000000	59.750000	1.017966e+03
	841	599	210.250000	59.750000	1.016458e+03
	849	599	212.250000	59.750000	1.016161e+03
	850	599	212.500000	59.750000	1.016161e+03
	880	599	220.000000	59.750000	1.015183e+03
	896	599	224.000000	59.750000	1.014783e+03
	913	599	228.250000	59.750000	1.015513e+03
	984	599	246.000000	59.750000	1.014361e+03
	945	600	236.250000	60.000000	1.014878e+03
