2014	11	29	164	9
	815	436	203.750000	19.000000	1.014883e+03
	812	437	203.000000	19.250000	1.015028e+03
	814	438	203.500000	19.500000	1.014721e+03
	820	441	205.000000	20.250000	1.016978e+03
	682	445	170.500000	21.250000	1.012448e+03
	697	445	174.250000	21.250000	1.012746e+03
	685	446	171.250000	21.500000	1.012456e+03
	888	446	222.000000	21.500000	1.014816e+03
	689	448	172.250000	22.000000	1.012503e+03
	715	449	178.750000	22.250000	1.013451e+03
	692	450	173.000000	22.500000	1.012523e+03
	695	452	173.750000	23.000000	1.012511e+03
	889	452	222.250000	23.000000	1.014748e+03
	998	453	249.500000	23.250000	1.012426e+03
	890	454	222.500000	23.500000	1.014753e+03
	702	455	175.500000	23.750000	1.012651e+03
	718	455	179.500000	23.750000	1.013513e+03
	892	455	223.000000	23.750000	1.014748e+03
	929	455	232.250000	23.750000	1.014183e+03
	686	456	171.500000	24.000000	1.013081e+03
	955	456	238.750000	24.000000	1.013833e+03
	688	457	172.000000	24.250000	1.013023e+03
	918	457	229.500000	24.250000	1.014521e+03
	953	457	238.250000	24.250000	1.013826e+03
	708	458	177.000000	24.500000	1.012963e+03
	955	458	238.750000	24.500000	1.013833e+03
	990	461	247.500000	25.250000	1.012886e+03
	998	462	249.500000	25.500000	1.012186e+03
	991	463	247.750000	25.750000	1.012871e+03
	996	464	249.000000	26.000000	1.011986e+03
	989	465	247.250000	26.250000	1.012743e+03
	985	466	246.250000	26.500000	1.012686e+03
	995	466	248.750000	26.500000	1.011993e+03
	987	467	246.750000	26.750000	1.012701e+03
	980	470	245.000000	27.500000	1.012468e+03
	995	470	248.750000	27.500000	1.011973e+03
	991	471	247.750000	27.750000	1.011716e+03
	997	471	249.250000	27.750000	1.012041e+03
	988	475	247.000000	28.750000	1.011243e+03
	980	476	245.000000	29.000000	1.012121e+03
	982	482	245.500000	30.500000	1.009876e+03
	981	484	245.250000	31.000000	1.009936e+03
	980	487	245.000000	31.750000	1.010101e+03
	988	491	247.000000	32.750000	1.011241e+03
	992	491	248.000000	32.750000	1.011636e+03
	965	492	241.250000	33.000000	1.011136e+03
	977	493	244.250000	33.250000	1.010391e+03
	993	493	248.250000	33.250000	1.011768e+03
	981	494	245.250000	33.500000	1.010858e+03
	960	497	240.000000	34.250000	1.011133e+03
	968	500	242.000000	35.000000	1.010616e+03
	975	500	243.750000	35.000000	1.010273e+03
	981	500	245.250000	35.000000	1.011096e+03
	996	501	249.000000	35.250000	1.012476e+03
	955	502	238.750000	35.500000	1.011956e+03
	974	503	243.500000	35.750000	1.009351e+03
	960	504	240.000000	36.000000	1.010256e+03
	963	504	240.750000	36.000000	1.010228e+03
	979	504	244.750000	36.000000	1.009713e+03
	983	505	245.750000	36.250000	1.010068e+03
	968	506	242.000000	36.500000	1.009026e+03
	972	506	243.000000	36.500000	1.009008e+03
	962	507	240.500000	36.750000	1.010481e+03
	995	507	248.750000	36.750000	1.011481e+03
	992	508	248.000000	37.000000	1.011268e+03
	998	508	249.500000	37.000000	1.011146e+03
	959	510	239.750000	37.500000	1.010713e+03
	912	511	228.000000	37.750000	1.007506e+03
	968	511	242.000000	37.750000	1.008348e+03
	986	511	246.500000	37.750000	1.010826e+03
	974	512	243.500000	38.000000	1.009493e+03
	917	513	229.250000	38.250000	1.007586e+03
	1000	513	250.000000	38.250000	1.009218e+03
	921	514	230.250000	38.500000	1.007568e+03
	995	516	248.750000	39.000000	1.009156e+03
	950	518	237.500000	39.500000	1.009198e+03
	964	518	241.000000	39.500000	1.005531e+03
	998	521	249.500000	40.250000	1.008318e+03
	684	522	171.000000	40.500000	9.824056e+02
	972	523	243.000000	40.750000	1.004123e+03
	939	525	234.750000	41.250000	1.006326e+03
	988	525	247.000000	41.250000	1.003103e+03
	984	526	246.000000	41.500000	1.002873e+03
	999	526	249.750000	41.500000	1.003278e+03
	942	527	235.500000	41.750000	1.005921e+03
	862	529	215.500000	42.250000	1.018238e+03
	948	530	237.000000	42.500000	1.004068e+03
	987	530	246.750000	42.500000	1.001406e+03
	999	532	249.750000	43.000000	1.001918e+03
	963	533	240.750000	43.250000	1.000693e+03
	983	533	245.750000	43.250000	1.001626e+03
	973	534	243.250000	43.500000	9.996082e+02
	999	539	249.750000	44.750000	9.989281e+02
	998	543	249.500000	45.750000	9.922581e+02
	972	545	243.000000	46.250000	9.943656e+02
	957	546	239.250000	46.500000	9.970831e+02
	975	546	243.750000	46.500000	9.942506e+02
	994	546	248.500000	46.500000	9.910806e+02
	1000	546	250.000000	46.500000	9.913381e+02
	989	547	247.250000	46.750000	9.916231e+02
	997	547	249.250000	46.750000	9.914031e+02
	831	548	207.750000	47.000000	1.013391e+03
	961	551	240.250000	47.750000	9.958656e+02
	986	551	246.500000	47.750000	9.898806e+02
	949	552	237.250000	48.000000	9.997006e+02
	979	552	244.750000	48.000000	9.903006e+02
	948	554	237.000000	48.500000	9.994056e+02
	941	555	235.250000	48.750000	9.997556e+02
	973	555	243.250000	48.750000	9.893806e+02
	945	558	236.250000	49.500000	1.000703e+03
	961	568	240.250000	52.000000	1.014261e+03
	943	571	235.750000	52.750000	1.023801e+03
	964	573	241.000000	53.250000	1.019948e+03
	945	574	236.250000	53.500000	1.023418e+03
	939	576	234.750000	54.000000	1.022678e+03
	959	576	239.750000	54.000000	1.022103e+03
	1000	577	250.000000	54.250000	1.016801e+03
	942	579	235.500000	54.750000	1.022256e+03
	953	580	238.250000	55.000000	1.022088e+03
	932	581	233.000000	55.250000	1.023708e+03
	931	583	232.750000	55.750000	1.022713e+03
	670	584	167.500000	56.000000	1.008051e+03
	821	584	205.250000	56.000000	1.017303e+03
	915	584	228.750000	56.000000	1.021251e+03
	919	584	229.750000	56.000000	1.021171e+03
	945	584	236.250000	56.000000	1.020191e+03
	950	585	237.500000	56.250000	1.019588e+03
	936	586	234.000000	56.500000	1.020996e+03
	930	588	232.500000	57.000000	1.021408e+03
	916	589	229.000000	57.250000	1.021256e+03
	924	589	231.000000	57.250000	1.021046e+03
	946	590	236.500000	57.500000	1.016168e+03
	950	590	237.500000	57.500000	1.016168e+03
	666	591	166.500000	57.750000	1.008043e+03
	830	591	207.500000	57.750000	1.017841e+03
	894	591	223.500000	57.750000	1.018873e+03
	970	591	242.500000	57.750000	1.018111e+03
	910	592	227.500000	58.000000	1.019323e+03
	932	592	233.000000	58.000000	1.022053e+03
	952	592	238.000000	58.000000	1.016143e+03
	977	592	244.250000	58.000000	1.018333e+03
	826	593	206.500000	58.250000	1.017748e+03
	892	593	223.000000	58.250000	1.018523e+03
	944	593	236.000000	58.250000	1.014978e+03
	964	593	241.000000	58.250000	1.017601e+03
	886	594	221.500000	58.500000	1.019441e+03
	915	594	228.750000	58.500000	1.023636e+03
	924	594	231.000000	58.500000	1.023311e+03
	820	595	205.000000	58.750000	1.018126e+03
	828	595	207.000000	58.750000	1.017633e+03
	928	595	232.000000	58.750000	1.021848e+03
	839	596	209.750000	59.000000	1.018578e+03
	892	596	223.000000	59.000000	1.019236e+03
	902	596	225.500000	59.000000	1.019698e+03
	819	597	204.750000	59.250000	1.018121e+03
	820	597	205.000000	59.250000	1.018121e+03
	858	597	214.500000	59.250000	1.019391e+03
	926	597	231.500000	59.250000	1.022421e+03
	959	597	239.750000	59.250000	1.017668e+03
	983	598	245.750000	59.500000	1.012088e+03
	821	599	205.250000	59.750000	1.018283e+03
	921	599	230.250000	59.750000	1.020553e+03
	872	600	218.000000	60.000000	1.018498e+03
	898	600	224.500000	60.000000	1.019548e+03
