2015	3	22	149	6
	661	434	165.250000	18.500000	1.009883e+03
	663	435	165.750000	18.750000	1.009881e+03
	815	436	203.750000	19.000000	1.016858e+03
	667	438	166.750000	19.500000	1.009941e+03
	814	438	203.500000	19.500000	1.017126e+03
	810	440	202.500000	20.000000	1.017606e+03
	815	440	203.750000	20.000000	1.016936e+03
	670	441	167.500000	20.250000	1.009976e+03
	998	453	249.500000	23.250000	1.018166e+03
	997	455	249.250000	23.750000	1.018143e+03
	995	456	248.750000	24.000000	1.018261e+03
	900	464	225.000000	26.000000	1.024096e+03
	991	464	247.750000	26.000000	1.018571e+03
	892	468	223.000000	27.000000	1.024131e+03
	894	469	223.500000	27.250000	1.024098e+03
	897	470	224.250000	27.500000	1.024116e+03
	899	471	224.750000	27.750000	1.024108e+03
	916	471	229.000000	27.750000	1.024206e+03
	997	471	249.250000	27.750000	1.017403e+03
	904	474	226.000000	28.500000	1.023976e+03
	907	475	226.750000	28.750000	1.023991e+03
	983	476	245.750000	29.000000	1.019841e+03
	994	476	248.500000	29.000000	1.017226e+03
	910	477	227.500000	29.250000	1.023928e+03
	980	477	245.000000	29.250000	1.019901e+03
	997	477	249.250000	29.250000	1.017571e+03
	913	478	228.250000	29.500000	1.023951e+03
	989	478	247.250000	29.500000	1.017428e+03
	984	480	246.000000	30.000000	1.017026e+03
	982	482	245.500000	30.500000	1.016631e+03
	923	483	230.750000	30.750000	1.023541e+03
	976	483	244.000000	30.750000	1.020608e+03
	977	483	244.250000	30.750000	1.020608e+03
	975	485	243.750000	31.250000	1.020811e+03
	974	488	243.500000	32.000000	1.020853e+03
	1000	488	250.000000	32.000000	1.018768e+03
	979	489	244.750000	32.250000	1.015658e+03
	676	490	169.000000	32.500000	1.000663e+03
	682	493	170.500000	33.250000	1.001501e+03
	969	493	242.250000	33.250000	1.020808e+03
	977	493	244.250000	33.250000	1.015371e+03
	988	493	247.000000	33.250000	1.015716e+03
	991	494	247.750000	33.500000	1.015673e+03
	962	497	240.500000	34.250000	1.019676e+03
	979	497	244.750000	34.250000	1.014403e+03
	982	497	245.500000	34.250000	1.014393e+03
	981	499	245.250000	34.750000	1.014116e+03
	725	500	181.250000	35.000000	9.994131e+02
	989	500	247.250000	35.000000	1.018321e+03
	1000	501	250.000000	35.250000	1.016723e+03
	962	504	240.500000	36.000000	1.018046e+03
	972	506	243.000000	36.500000	1.011926e+03
	982	506	245.500000	36.500000	1.012696e+03
	705	507	176.250000	36.750000	9.977556e+02
	962	507	240.500000	36.750000	1.018206e+03
	997	510	249.250000	37.500000	1.014138e+03
	986	511	246.500000	37.750000	1.015613e+03
	978	513	244.500000	38.250000	1.014236e+03
	716	515	179.000000	38.750000	9.986006e+02
	968	515	242.000000	38.750000	1.016481e+03
	999	515	249.750000	38.750000	1.012821e+03
	937	516	234.250000	39.000000	1.017623e+03
	988	516	247.000000	39.000000	1.013796e+03
	719	518	179.750000	39.500000	9.984956e+02
	990	518	247.500000	39.500000	1.013813e+03
	979	519	244.750000	39.750000	1.016986e+03
	664	520	166.000000	40.000000	1.006603e+03
	968	520	242.000000	40.000000	1.015856e+03
	988	520	247.000000	40.000000	1.014373e+03
	992	520	248.000000	40.000000	1.015046e+03
	951	521	237.750000	40.250000	1.017256e+03
	985	522	246.250000	40.500000	1.015158e+03
	972	523	243.000000	40.750000	1.016096e+03
	955	524	238.750000	41.000000	1.018166e+03
	991	524	247.750000	41.000000	1.015088e+03
	995	524	248.750000	41.000000	1.016078e+03
	966	526	241.500000	41.500000	1.015628e+03
	942	527	235.500000	41.750000	1.018418e+03
	732	528	183.000000	42.000000	9.967957e+02
	973	529	243.250000	42.250000	1.017271e+03
	954	530	238.500000	42.500000	1.015961e+03
	967	530	241.750000	42.500000	1.016451e+03
	960	532	240.000000	43.000000	1.015583e+03
	977	532	244.250000	43.000000	1.016916e+03
	982	532	245.500000	43.000000	1.017171e+03
	974	534	243.500000	43.500000	1.016926e+03
	997	535	249.250000	43.750000	1.017286e+03
	951	536	237.750000	44.000000	1.017323e+03
	972	536	243.000000	44.000000	1.016698e+03
	990	536	247.500000	44.000000	1.014553e+03
	993	542	248.250000	45.500000	1.014831e+03
	956	544	239.000000	46.000000	1.018976e+03
	973	544	243.250000	46.000000	1.018906e+03
	959	545	239.750000	46.250000	1.018118e+03
	987	546	246.750000	46.500000	1.018436e+03
	963	547	240.750000	46.750000	1.017693e+03
	950	549	237.500000	47.250000	1.019008e+03
	962	553	240.500000	48.250000	1.017531e+03
	978	554	244.500000	48.500000	1.017116e+03
	982	554	245.500000	48.500000	1.017103e+03
	963	555	240.750000	48.750000	1.017068e+03
	968	555	242.000000	48.750000	1.016728e+03
	945	556	236.250000	49.000000	1.018406e+03
	974	556	243.500000	49.000000	1.017146e+03
	977	558	244.250000	49.500000	1.016123e+03
	840	559	210.000000	49.750000	9.901806e+02
	993	560	248.250000	50.000000	1.010453e+03
	983	561	245.750000	50.250000	1.011368e+03
	998	562	249.500000	50.500000	1.009613e+03
	952	563	238.000000	50.750000	1.017993e+03
	962	563	240.500000	50.750000	1.016168e+03
	975	563	243.750000	50.750000	1.014166e+03
	980	563	245.000000	50.750000	1.011276e+03
	977	566	244.250000	51.500000	1.011843e+03
	956	567	239.000000	51.750000	1.018536e+03
	939	568	234.750000	52.000000	1.017428e+03
	946	568	236.500000	52.000000	1.017336e+03
	787	569	196.750000	52.250000	1.003523e+03
	967	570	241.750000	52.500000	1.014698e+03
	952	571	238.000000	52.750000	1.018776e+03
	964	571	241.000000	52.750000	1.014341e+03
	777	572	194.250000	53.000000	1.003251e+03
	778	572	194.500000	53.000000	1.003251e+03
	936	573	234.000000	53.250000	1.016976e+03
	771	574	192.750000	53.500000	1.003621e+03
	950	576	237.500000	54.000000	1.018796e+03
	932	577	233.000000	54.250000	1.016398e+03
	971	580	242.750000	55.000000	1.021296e+03
	913	581	228.250000	55.250000	1.016248e+03
	928	582	232.000000	55.500000	1.016398e+03
	929	583	232.250000	55.750000	1.016398e+03
	952	585	238.000000	56.250000	1.021938e+03
	930	586	232.500000	56.500000	1.016123e+03
	938	588	234.500000	57.000000	1.016923e+03
	926	592	231.500000	58.000000	1.016503e+03
	860	593	215.000000	58.250000	1.011298e+03
	661	594	165.250000	58.500000	1.024916e+03
	863	595	215.750000	58.750000	1.011268e+03
	918	595	229.500000	58.750000	1.016393e+03
	794	596	198.500000	59.000000	1.009456e+03
	859	597	214.750000	59.250000	1.011343e+03
	873	597	218.250000	59.250000	1.010208e+03
	830	598	207.500000	59.500000	1.010763e+03
	864	598	216.000000	59.500000	1.011258e+03
	889	598	222.250000	59.500000	1.014298e+03
	943	598	235.750000	59.500000	1.023148e+03
	975	598	243.750000	59.500000	1.026041e+03
	819	599	204.750000	59.750000	1.009978e+03
	862	600	215.500000	60.000000	1.011166e+03
