2015	3	15	175	9
	876	422	219.000000	15.500000	1.013888e+03
	877	427	219.250000	16.750000	1.013915e+03
	895	433	223.750000	18.250000	1.015878e+03
	894	435	223.500000	18.750000	1.015860e+03
	894	437	223.500000	19.250000	1.015847e+03
	943	439	235.750000	19.750000	1.013232e+03
	816	440	204.000000	20.000000	1.020203e+03
	820	441	205.000000	20.250000	1.021312e+03
	896	442	224.000000	20.500000	1.016065e+03
	896	444	224.000000	21.000000	1.016078e+03
	897	446	224.250000	21.500000	1.016107e+03
	904	447	226.000000	21.750000	1.016182e+03
	905	447	226.250000	21.750000	1.016182e+03
	977	447	244.250000	21.750000	1.010890e+03
	899	452	224.750000	23.000000	1.016208e+03
	854	454	213.500000	23.500000	1.020857e+03
	903	458	225.750000	24.500000	1.016070e+03
	903	459	225.750000	24.750000	1.016070e+03
	842	463	210.500000	25.750000	1.022355e+03
	902	463	225.500000	25.750000	1.016065e+03
	987	463	246.750000	25.750000	1.010725e+03
	988	463	247.000000	25.750000	1.010725e+03
	660	464	165.000000	26.000000	1.021265e+03
	903	464	225.750000	26.000000	1.016065e+03
	981	464	245.250000	26.000000	1.010843e+03
	1000	465	250.000000	26.250000	1.010458e+03
	904	468	226.000000	27.000000	1.016078e+03
	672	469	168.000000	27.250000	1.021930e+03
	664	470	166.000000	27.500000	1.021490e+03
	803	470	200.750000	27.500000	1.025427e+03
	993	470	248.250000	27.500000	1.011110e+03
	662	471	165.500000	27.750000	1.021513e+03
	983	472	245.750000	28.000000	1.011542e+03
	668	473	167.000000	28.250000	1.021427e+03
	929	475	232.250000	28.750000	1.016807e+03
	930	477	232.500000	29.250000	1.016818e+03
	931	480	232.750000	30.000000	1.016815e+03
	680	482	170.000000	30.500000	1.020242e+03
	933	482	233.250000	30.500000	1.016773e+03
	934	484	233.500000	31.000000	1.016770e+03
	680	486	170.000000	31.500000	1.019963e+03
	981	486	245.250000	31.500000	1.015753e+03
	686	488	171.500000	32.000000	1.019802e+03
	689	489	172.250000	32.250000	1.019745e+03
	699	490	174.750000	32.500000	1.020045e+03
	978	491	244.500000	32.750000	1.016278e+03
	981	491	245.250000	32.750000	1.016042e+03
	982	491	245.500000	32.750000	1.016042e+03
	954	492	238.500000	33.000000	1.016395e+03
	695	493	173.750000	33.250000	1.019925e+03
	700	493	175.000000	33.250000	1.019982e+03
	906	493	226.500000	33.250000	1.013997e+03
	911	493	227.750000	33.250000	1.013760e+03
	981	494	245.250000	33.500000	1.016505e+03
	955	495	238.750000	33.750000	1.016350e+03
	982	495	245.500000	33.750000	1.016505e+03
	962	496	240.500000	34.000000	1.016677e+03
	956	497	239.000000	34.250000	1.016315e+03
	998	499	249.500000	34.750000	1.023675e+03
	970	500	242.500000	35.000000	1.018435e+03
	975	500	243.750000	35.000000	1.017963e+03
	956	501	239.000000	35.250000	1.016198e+03
	997	501	249.250000	35.250000	1.023840e+03
	963	502	240.750000	35.500000	1.016438e+03
	971	503	242.750000	35.750000	1.018763e+03
	975	503	243.750000	35.750000	1.018200e+03
	981	503	245.250000	35.750000	1.018395e+03
	952	504	238.000000	36.000000	1.016607e+03
	962	504	240.500000	36.000000	1.016065e+03
	982	505	245.500000	36.250000	1.018375e+03
	993	505	248.250000	36.250000	1.023938e+03
	996	505	249.000000	36.250000	1.023950e+03
	960	506	240.000000	36.500000	1.015525e+03
	972	506	243.000000	36.500000	1.018395e+03
	953	507	238.250000	36.750000	1.016180e+03
	958	508	239.500000	37.000000	1.015167e+03
	980	508	245.000000	37.000000	1.019900e+03
	995	508	248.750000	37.000000	1.023823e+03
	967	509	241.750000	37.250000	1.020295e+03
	998	509	249.500000	37.250000	1.023513e+03
	956	511	239.000000	37.750000	1.014955e+03
	985	511	246.250000	37.750000	1.022470e+03
	974	512	243.500000	38.000000	1.020532e+03
	977	514	244.250000	38.500000	1.019628e+03
	996	515	249.000000	38.750000	1.023758e+03
	1000	515	250.000000	38.750000	1.022850e+03
	996	516	249.000000	39.000000	1.023758e+03
	990	517	247.500000	39.250000	1.021153e+03
	922	518	230.500000	39.500000	1.007378e+03
	952	519	238.000000	39.750000	1.014165e+03
	966	519	241.500000	39.750000	1.014352e+03
	923	520	230.750000	40.000000	1.007227e+03
	999	521	249.750000	40.250000	1.022857e+03
	984	523	246.000000	40.750000	1.017250e+03
	955	524	238.750000	41.000000	1.015775e+03
	967	524	241.750000	41.000000	1.014660e+03
	978	524	244.500000	41.000000	1.017265e+03
	988	524	247.000000	41.000000	1.017422e+03
	999	525	249.750000	41.250000	1.021320e+03
	957	526	239.250000	41.500000	1.015557e+03
	950	527	237.500000	41.750000	1.013518e+03
	973	527	243.250000	41.750000	1.015383e+03
	999	529	249.750000	42.250000	1.020725e+03
	702	530	175.500000	42.500000	1.004617e+03
	778	530	194.500000	42.500000	9.994375e+02
	948	530	237.000000	42.500000	1.012435e+03
	969	530	242.250000	42.500000	1.014648e+03
	977	530	244.250000	42.500000	1.015535e+03
	954	531	238.500000	42.750000	1.014385e+03
	959	531	239.750000	42.750000	1.014708e+03
	924	532	231.000000	43.000000	1.002338e+03
	990	532	247.500000	43.000000	1.017985e+03
	946	533	236.500000	43.250000	1.012385e+03
	972	534	243.000000	43.500000	1.014945e+03
	956	536	239.000000	44.000000	1.014297e+03
	902	537	225.500000	44.250000	1.010635e+03
	903	537	225.750000	44.250000	1.010635e+03
	903	538	225.750000	44.500000	1.010635e+03
	898	540	224.500000	45.000000	1.010670e+03
	893	542	223.250000	45.500000	1.010450e+03
	958	542	239.500000	45.500000	1.012023e+03
	948	544	237.000000	46.000000	1.010843e+03
	976	544	244.000000	46.000000	1.013633e+03
	959	545	239.750000	46.250000	1.011850e+03
	972	545	243.000000	46.250000	1.013120e+03
	962	546	240.500000	46.500000	1.012062e+03
	962	553	240.500000	48.250000	1.011698e+03
	995	553	248.750000	48.250000	1.007607e+03
	946	554	236.500000	48.500000	1.012847e+03
	941	555	235.250000	48.750000	1.012682e+03
	938	556	234.500000	49.000000	1.012787e+03
	948	556	237.000000	49.000000	1.013085e+03
	967	557	241.750000	49.250000	1.010672e+03
	944	558	236.000000	49.500000	1.013070e+03
	979	558	244.750000	49.500000	1.009597e+03
	968	561	242.000000	50.250000	1.011008e+03
	977	562	244.250000	50.500000	1.008685e+03
	956	564	239.000000	51.000000	1.011802e+03
	968	564	242.000000	51.000000	1.010872e+03
	975	564	243.750000	51.000000	1.009215e+03
	945	566	236.250000	51.500000	1.013900e+03
	962	566	240.500000	51.500000	1.010753e+03
	972	566	243.000000	51.500000	1.009343e+03
	965	567	241.250000	51.750000	1.010578e+03
	787	569	196.750000	52.250000	9.684650e+02
	911	569	227.750000	52.250000	1.017880e+03
	979	569	244.750000	52.250000	1.005032e+03
	963	571	240.750000	52.750000	1.010768e+03
	937	572	234.250000	53.000000	1.016615e+03
	965	580	241.250000	55.000000	1.010537e+03
	934	581	233.500000	55.250000	1.014068e+03
	960	581	240.000000	55.250000	1.010550e+03
	930	582	232.500000	55.500000	1.014975e+03
	933	584	233.250000	56.000000	1.013713e+03
	949	585	237.250000	56.250000	1.009883e+03
	943	587	235.750000	56.750000	1.011365e+03
	948	587	237.000000	56.750000	1.009480e+03
	957	587	239.250000	56.750000	1.011153e+03
	958	587	239.500000	56.750000	1.011153e+03
	938	590	234.500000	57.500000	1.010740e+03
	928	591	232.000000	57.750000	1.011747e+03
	946	591	236.500000	57.750000	1.008878e+03
	914	592	228.500000	58.000000	1.011110e+03
	944	593	236.000000	58.250000	1.008625e+03
	894	595	223.500000	58.750000	1.008867e+03
	984	595	246.000000	58.750000	1.004095e+03
	938	597	234.500000	59.250000	1.008185e+03
	849	598	212.250000	59.500000	1.008210e+03
	896	598	224.000000	59.500000	1.008953e+03
	853	599	213.250000	59.750000	1.008395e+03
	874	599	218.500000	59.750000	1.008213e+03
	879	599	219.750000	59.750000	1.007847e+03
	864	600	216.000000	60.000000	1.008335e+03
	870	600	217.500000	60.000000	1.008285e+03
	973	600	243.250000	60.000000	1.010997e+03
