2015	2	4	188	0
	838	420	209.500000	15.000000	1.010352e+03
	860	421	215.000000	15.250000	1.010595e+03
	850	422	212.500000	15.500000	1.010633e+03
	855	423	213.750000	15.750000	1.010688e+03
	864	424	216.000000	16.000000	1.010633e+03
	841	425	210.250000	16.250000	1.010355e+03
	791	426	197.750000	16.500000	1.010157e+03
	870	426	217.500000	16.500000	1.010690e+03
	867	428	216.750000	17.000000	1.010662e+03
	857	429	214.250000	17.250000	1.010578e+03
	858	430	214.500000	17.500000	1.010578e+03
	689	431	172.250000	17.750000	1.012615e+03
	860	431	215.000000	17.750000	1.010595e+03
	690	432	172.500000	18.000000	1.012615e+03
	819	436	204.750000	19.000000	1.006595e+03
	661	437	165.250000	19.250000	1.014100e+03
	662	437	165.500000	19.250000	1.014100e+03
	818	442	204.500000	20.500000	1.007455e+03
	679	454	169.750000	23.500000	1.013035e+03
	998	455	249.500000	23.750000	1.015203e+03
	994	461	248.500000	25.250000	1.015125e+03
	699	462	174.750000	25.500000	1.011232e+03
	705	463	176.250000	25.750000	1.011042e+03
	996	464	249.000000	26.000000	1.015530e+03
	992	465	248.000000	26.250000	1.015540e+03
	987	468	246.750000	27.000000	1.015578e+03
	982	475	245.500000	28.750000	1.016188e+03
	987	476	246.750000	29.000000	1.015472e+03
	994	476	248.500000	29.000000	1.014635e+03
	997	476	249.250000	29.000000	1.014650e+03
	996	479	249.000000	29.750000	1.014810e+03
	992	482	248.000000	30.500000	1.014655e+03
	1000	482	250.000000	30.500000	1.014747e+03
	976	485	244.000000	31.250000	1.016460e+03
	987	486	246.750000	31.500000	1.014480e+03
	975	487	243.750000	31.750000	1.016653e+03
	991	488	247.750000	32.000000	1.014770e+03
	979	489	244.750000	32.250000	1.014845e+03
	981	489	245.250000	32.250000	1.014845e+03
	995	489	248.750000	32.250000	1.015143e+03
	932	491	233.000000	32.750000	1.018458e+03
	978	491	244.500000	32.750000	1.014805e+03
	984	491	246.000000	32.750000	1.014722e+03
	993	491	248.250000	32.750000	1.014903e+03
	988	492	247.000000	33.000000	1.014685e+03
	921	493	230.250000	33.250000	1.017400e+03
	992	493	248.000000	33.250000	1.014953e+03
	999	493	249.750000	33.250000	1.015280e+03
	854	494	213.500000	33.500000	9.840400e+02
	971	495	242.750000	33.750000	1.015573e+03
	983	496	245.750000	34.000000	1.015453e+03
	998	496	249.500000	34.000000	1.015385e+03
	936	498	234.000000	34.500000	1.018545e+03
	960	498	240.000000	34.500000	1.016662e+03
	966	498	241.500000	34.500000	1.015670e+03
	992	498	248.000000	34.500000	1.015153e+03
	958	500	239.500000	35.000000	1.016763e+03
	990	500	247.500000	35.000000	1.015820e+03
	996	500	249.000000	35.000000	1.015398e+03
	963	501	240.750000	35.250000	1.017713e+03
	971	503	242.750000	35.750000	1.016407e+03
	985	503	246.250000	35.750000	1.016357e+03
	761	504	190.250000	36.000000	9.841375e+02
	791	504	197.750000	36.000000	9.882125e+02
	963	504	240.750000	36.000000	1.017760e+03
	974	504	243.500000	36.000000	1.016432e+03
	980	504	245.000000	36.000000	1.016028e+03
	994	504	248.500000	36.000000	1.015130e+03
	960	505	240.000000	36.250000	1.017708e+03
	777	506	194.250000	36.500000	9.858375e+02
	972	506	243.000000	36.500000	1.015927e+03
	988	506	247.000000	36.500000	1.015795e+03
	962	507	240.500000	36.750000	1.017917e+03
	981	507	245.250000	36.750000	1.015607e+03
	826	508	206.500000	37.000000	9.962100e+02
	985	508	246.250000	37.000000	1.015787e+03
	993	508	248.250000	37.000000	1.015600e+03
	968	509	242.000000	37.250000	1.016305e+03
	979	509	244.750000	37.250000	1.015140e+03
	997	509	249.250000	37.250000	1.016685e+03
	952	510	238.000000	37.500000	1.017648e+03
	946	511	236.500000	37.750000	1.018122e+03
	956	512	239.000000	38.000000	1.018167e+03
	968	512	242.000000	38.000000	1.016325e+03
	987	512	246.750000	38.000000	1.015235e+03
	721	513	180.250000	38.250000	9.830100e+02
	876	513	219.000000	38.250000	9.952175e+02
	932	513	233.000000	38.250000	1.017355e+03
	956	513	239.000000	38.250000	1.018167e+03
	935	514	233.750000	38.500000	1.017460e+03
	960	514	240.000000	38.500000	1.019630e+03
	967	514	241.750000	38.500000	1.016345e+03
	977	514	244.250000	38.500000	1.015355e+03
	966	516	241.500000	39.000000	1.015660e+03
	946	517	236.500000	39.250000	1.017458e+03
	989	517	247.250000	39.250000	1.014675e+03
	996	517	249.000000	39.250000	1.015242e+03
	952	518	238.000000	39.500000	1.017610e+03
	965	518	241.250000	39.500000	1.015323e+03
	881	520	220.250000	40.000000	9.936750e+02
	969	520	242.250000	40.000000	1.016427e+03
	945	522	236.250000	40.500000	1.017790e+03
	837	523	209.250000	40.750000	9.955525e+02
	973	523	243.250000	40.750000	1.015650e+03
	964	524	241.000000	41.000000	1.015792e+03
	986	525	246.500000	41.250000	1.012722e+03
	949	526	237.250000	41.500000	1.017062e+03
	966	526	241.500000	41.500000	1.015597e+03
	949	527	237.250000	41.750000	1.017062e+03
	995	527	248.750000	41.750000	1.013035e+03
	948	529	237.000000	42.250000	1.017120e+03
	991	529	247.750000	42.250000	1.014365e+03
	1000	529	250.000000	42.250000	1.011335e+03
	953	530	238.250000	42.500000	1.016805e+03
	977	530	244.250000	42.500000	1.013105e+03
	969	531	242.250000	42.750000	1.013922e+03
	963	532	240.750000	43.000000	1.014905e+03
	974	532	243.500000	43.000000	1.013938e+03
	942	533	235.500000	43.250000	1.017193e+03
	665	534	166.250000	43.500000	9.846000e+02
	990	534	247.500000	43.500000	1.012583e+03
	983	536	245.750000	44.000000	1.013505e+03
	998	539	249.500000	44.750000	1.014130e+03
	990	541	247.500000	45.250000	1.013665e+03
	997	541	249.250000	45.250000	1.014172e+03
	945	542	236.250000	45.500000	1.018640e+03
	1000	542	250.000000	45.500000	1.014172e+03
	949	544	237.250000	46.000000	1.018833e+03
	954	544	238.500000	46.000000	1.018508e+03
	971	544	242.750000	46.000000	1.019250e+03
	999	544	249.750000	46.000000	1.014445e+03
	949	546	237.250000	46.500000	1.018833e+03
	989	547	247.250000	46.750000	1.015987e+03
	948	548	237.000000	47.000000	1.018708e+03
	968	548	242.000000	47.000000	1.018670e+03
	965	549	241.250000	47.250000	1.018653e+03
	983	549	245.750000	47.250000	1.016878e+03
	958	550	239.500000	47.500000	1.017477e+03
	971	550	242.750000	47.500000	1.018657e+03
	950	552	237.500000	48.000000	1.018722e+03
	985	552	246.250000	48.000000	1.016885e+03
	942	553	235.500000	48.250000	1.018505e+03
	947	554	236.750000	48.500000	1.018480e+03
	982	554	245.500000	48.500000	1.015987e+03
	802	555	200.500000	48.750000	9.848275e+02
	960	555	240.000000	48.750000	1.017665e+03
	966	555	241.500000	48.750000	1.017840e+03
	948	556	237.000000	49.000000	1.018625e+03
	938	557	234.500000	49.250000	1.018742e+03
	960	557	240.000000	49.250000	1.017792e+03
	966	558	241.500000	49.500000	1.017595e+03
	970	558	242.500000	49.500000	1.017588e+03
	977	558	244.250000	49.500000	1.015547e+03
	947	559	236.750000	49.750000	1.018685e+03
	957	560	239.250000	50.000000	1.018042e+03
	933	561	233.250000	50.250000	1.018417e+03
	942	561	235.500000	50.250000	1.018843e+03
	947	565	236.750000	51.250000	1.017883e+03
	970	566	242.500000	51.500000	1.019477e+03
	937	569	234.250000	52.250000	1.017737e+03
	961	569	240.250000	52.250000	1.020675e+03
	956	572	239.000000	53.000000	1.021667e+03
	980	578	245.000000	54.500000	1.029103e+03
	954	580	238.500000	55.000000	1.023380e+03
	985	581	246.250000	55.250000	1.029968e+03
	940	582	235.000000	55.500000	1.025407e+03
	951	583	237.750000	55.750000	1.023208e+03
	916	589	229.000000	57.250000	1.019607e+03
	934	589	233.500000	57.250000	1.022950e+03
	939	589	234.750000	57.250000	1.025590e+03
	908	590	227.000000	57.500000	1.017057e+03
	918	591	229.500000	57.750000	1.020198e+03
	910	592	227.500000	58.000000	1.016585e+03
	932	592	233.000000	58.000000	1.021318e+03
	914	594	228.500000	58.500000	1.020530e+03
	923	594	230.750000	58.500000	1.020615e+03
	944	594	236.000000	58.500000	1.013205e+03
	928	595	232.000000	58.750000	1.018390e+03
	891	596	222.750000	59.000000	1.016775e+03
	902	596	225.500000	59.000000	1.016885e+03
	908	598	227.000000	59.500000	1.021390e+03
	798	599	199.500000	59.750000	1.018065e+03
	879	599	219.750000	59.750000	1.017333e+03
	919	599	229.750000	59.750000	1.018585e+03
	940	599	235.000000	59.750000	1.016820e+03
	953	599	238.250000	59.750000	1.016935e+03
	977	599	244.250000	59.750000	1.024110e+03
	896	600	224.000000	60.000000	1.017393e+03
