2014	10	28	163	6
	896	422	224.000000	15.500000	1.014454e+03
	984	422	246.000000	15.500000	1.012576e+03
	905	427	226.250000	16.750000	1.014181e+03
	890	431	222.500000	17.750000	1.015091e+03
	801	434	200.250000	18.500000	1.015359e+03
	802	435	200.500000	18.750000	1.015359e+03
	684	436	171.000000	19.000000	1.013646e+03
	804	436	201.000000	19.000000	1.015436e+03
	815	436	203.750000	19.000000	1.015274e+03
	805	437	201.250000	19.250000	1.015436e+03
	698	438	174.500000	19.500000	1.013611e+03
	814	438	203.500000	19.500000	1.015381e+03
	812	439	203.000000	19.750000	1.015509e+03
	815	440	203.750000	20.000000	1.015296e+03
	817	442	204.250000	20.500000	1.016264e+03
	821	443	205.250000	20.750000	1.016761e+03
	691	444	172.750000	21.000000	1.014296e+03
	817	444	204.250000	21.000000	1.016716e+03
	718	448	179.500000	22.000000	1.015651e+03
	705	449	176.250000	22.250000	1.015624e+03
	998	453	249.500000	23.250000	1.012191e+03
	997	455	249.250000	23.750000	1.012164e+03
	720	456	180.000000	24.000000	1.017189e+03
	734	456	183.500000	24.000000	1.017401e+03
	719	458	179.750000	24.500000	1.017331e+03
	735	458	183.750000	24.500000	1.017404e+03
	993	460	248.250000	25.000000	1.012851e+03
	996	464	249.000000	26.000000	1.011296e+03
	990	465	247.500000	26.250000	1.012319e+03
	809	467	202.250000	26.750000	1.019439e+03
	802	468	200.500000	27.000000	1.019519e+03
	998	469	249.500000	27.250000	1.011304e+03
	995	470	248.750000	27.500000	1.011386e+03
	986	472	246.500000	28.000000	1.013414e+03
	805	473	201.250000	28.250000	1.019516e+03
	814	473	203.500000	28.250000	1.019389e+03
	819	475	204.750000	28.750000	1.019436e+03
	989	475	247.250000	28.750000	1.011559e+03
	992	475	248.000000	28.750000	1.011374e+03
	813	476	203.250000	29.000000	1.019374e+03
	980	477	245.000000	29.250000	1.013294e+03
	814	478	203.500000	29.500000	1.019351e+03
	989	478	247.250000	29.500000	1.011531e+03
	819	479	204.750000	29.750000	1.019211e+03
	976	479	244.000000	29.750000	1.013764e+03
	984	480	246.000000	30.000000	1.011614e+03
	983	482	245.750000	30.500000	1.011561e+03
	986	482	246.500000	30.500000	1.011531e+03
	975	483	243.750000	30.750000	1.013731e+03
	973	485	243.250000	31.250000	1.013761e+03
	984	486	246.000000	31.500000	1.011406e+03
	972	487	243.000000	31.750000	1.013759e+03
	1000	487	250.000000	31.750000	1.014186e+03
	911	489	227.750000	32.250000	1.023014e+03
	991	489	247.750000	32.250000	1.012571e+03
	844	490	211.000000	32.500000	1.017644e+03
	971	490	242.750000	32.500000	1.013816e+03
	982	491	245.500000	32.750000	1.011506e+03
	986	491	246.500000	32.750000	1.011294e+03
	847	492	211.750000	33.000000	1.017654e+03
	970	492	242.500000	33.000000	1.013834e+03
	977	492	244.250000	33.000000	1.011616e+03
	998	493	249.500000	33.250000	1.013659e+03
	853	494	213.250000	33.500000	1.017856e+03
	991	494	247.750000	33.500000	1.011496e+03
	970	496	242.500000	34.000000	1.013919e+03
	983	496	245.750000	34.000000	1.011664e+03
	858	497	214.500000	34.250000	1.017811e+03
	859	497	214.750000	34.250000	1.017811e+03
	961	497	240.250000	34.250000	1.013096e+03
	863	499	215.750000	34.750000	1.017666e+03
	867	500	216.750000	35.000000	1.017631e+03
	963	500	240.750000	35.000000	1.016171e+03
	975	500	243.750000	35.000000	1.013666e+03
	990	500	247.500000	35.000000	1.014239e+03
	997	501	249.250000	35.250000	1.014099e+03
	990	504	247.500000	36.000000	1.014631e+03
	982	505	245.500000	36.250000	1.013664e+03
	963	506	240.750000	36.500000	1.015679e+03
	972	506	243.000000	36.500000	1.015066e+03
	1000	508	250.000000	37.000000	1.016894e+03
	967	509	241.750000	37.250000	1.017086e+03
	959	510	239.750000	37.500000	1.016091e+03
	977	513	244.250000	38.250000	1.017901e+03
	997	513	249.250000	38.250000	1.018099e+03
	1000	515	250.000000	38.750000	1.018186e+03
	972	516	243.000000	39.000000	1.017589e+03
	990	517	247.500000	39.250000	1.020239e+03
	952	518	238.000000	39.500000	1.017081e+03
	946	520	236.500000	40.000000	1.018359e+03
	969	520	242.250000	40.000000	1.018786e+03
	986	524	246.500000	41.000000	1.021109e+03
	949	526	237.250000	41.500000	1.018709e+03
	956	526	239.000000	41.500000	1.018711e+03
	995	528	248.750000	42.000000	1.023039e+03
	1000	528	250.000000	42.000000	1.022229e+03
	948	529	237.000000	42.250000	1.018214e+03
	969	529	242.250000	42.250000	1.019926e+03
	957	533	239.250000	43.250000	1.018014e+03
	973	534	243.250000	43.500000	1.021754e+03
	997	535	249.250000	43.750000	1.024064e+03
	721	536	180.250000	44.000000	1.036369e+03
	722	536	180.500000	44.000000	1.036369e+03
	955	536	238.750000	44.000000	1.017379e+03
	988	536	247.000000	44.000000	1.021779e+03
	956	538	239.000000	44.500000	1.017441e+03
	970	538	242.500000	44.500000	1.022479e+03
	984	538	246.000000	44.500000	1.021504e+03
	998	539	249.500000	44.750000	1.023419e+03
	961	541	240.250000	45.250000	1.017331e+03
	983	541	245.750000	45.250000	1.021654e+03
	991	541	247.750000	45.250000	1.021336e+03
	949	542	237.250000	45.500000	1.015466e+03
	993	543	248.250000	45.750000	1.020081e+03
	1000	543	250.000000	45.750000	1.019749e+03
	966	544	241.500000	46.000000	1.018124e+03
	957	545	239.250000	46.250000	1.018591e+03
	967	545	241.750000	46.250000	1.018124e+03
	984	545	246.000000	46.250000	1.022216e+03
	989	545	247.250000	46.250000	1.021924e+03
	999	546	249.750000	46.500000	1.020696e+03
	986	547	246.500000	46.750000	1.022206e+03
	998	548	249.500000	47.000000	1.021556e+03
	991	550	247.750000	47.500000	1.020624e+03
	894	552	223.500000	48.000000	9.883013e+02
	961	552	240.250000	48.000000	1.019786e+03
	983	552	245.750000	48.000000	1.021561e+03
	963	555	240.750000	48.750000	1.019854e+03
	968	555	242.000000	48.750000	1.020336e+03
	963	561	240.750000	50.250000	1.017991e+03
	977	561	244.250000	50.250000	1.020491e+03
	983	561	245.750000	50.250000	1.018501e+03
	898	564	224.500000	51.000000	9.879813e+02
	980	564	245.000000	51.000000	1.018591e+03
	970	566	242.500000	51.500000	1.021441e+03
	895	567	223.750000	51.750000	9.880712e+02
	944	567	236.000000	51.750000	1.008274e+03
	976	570	244.000000	52.500000	1.017874e+03
	898	571	224.500000	52.750000	9.879562e+02
	898	572	224.500000	53.000000	9.879562e+02
	972	573	243.000000	53.250000	1.017144e+03
	964	578	241.000000	54.500000	1.014749e+03
	989	578	247.250000	54.500000	1.020791e+03
	959	579	239.750000	54.750000	1.014474e+03
	992	579	248.000000	54.750000	1.020746e+03
	793	581	198.250000	55.250000	9.919163e+02
	794	581	198.500000	55.250000	9.919163e+02
	942	584	235.500000	56.000000	1.012549e+03
	792	587	198.000000	56.750000	9.906813e+02
	960	588	240.000000	57.000000	1.017021e+03
	994	588	248.500000	57.000000	1.021161e+03
	996	590	249.000000	57.500000	1.021109e+03
	962	592	240.500000	58.000000	1.017209e+03
	986	592	246.500000	58.000000	1.020401e+03
	890	594	222.500000	58.500000	1.004809e+03
	953	596	238.250000	59.000000	1.018509e+03
	879	599	219.750000	59.750000	1.007096e+03
	964	599	241.000000	59.750000	1.018994e+03
	981	599	245.250000	59.750000	1.019636e+03
	872	600	218.000000	60.000000	1.007476e+03
	873	600	218.250000	60.000000	1.007476e+03
	926	600	231.500000	60.000000	1.015906e+03
	954	600	238.500000	60.000000	1.019021e+03
