2015	6	14	183	18
	672	434	168.000000	18.500000	1.013128e+03
	814	438	203.500000	19.500000	1.014248e+03
	812	439	203.000000	19.750000	1.014288e+03
	815	440	203.750000	20.000000	1.014146e+03
	820	441	205.000000	20.250000	1.014666e+03
	811	442	202.750000	20.500000	1.014433e+03
	818	442	204.500000	20.500000	1.014573e+03
	817	444	204.250000	21.000000	1.014778e+03
	814	445	203.500000	21.250000	1.014823e+03
	756	461	189.000000	25.250000	1.016206e+03
	919	461	229.750000	25.250000	1.015761e+03
	751	464	187.750000	26.000000	1.016163e+03
	908	464	227.000000	26.000000	1.015533e+03
	921	464	230.250000	26.000000	1.015708e+03
	996	464	249.000000	26.000000	1.006846e+03
	911	466	227.750000	26.500000	1.015526e+03
	680	467	170.000000	26.750000	1.015956e+03
	993	467	248.250000	26.750000	1.006671e+03
	912	468	228.000000	27.000000	1.015516e+03
	991	471	247.750000	27.750000	1.007073e+03
	999	474	249.750000	28.500000	1.005826e+03
	988	475	247.000000	28.750000	1.006711e+03
	995	475	248.750000	28.750000	1.006088e+03
	752	477	188.000000	29.250000	1.016271e+03
	998	477	249.500000	29.250000	1.005828e+03
	749	478	187.250000	29.500000	1.016331e+03
	725	479	181.250000	29.750000	1.017228e+03
	985	479	246.250000	29.750000	1.005983e+03
	990	479	247.500000	29.750000	1.006371e+03
	730	480	182.500000	30.000000	1.017258e+03
	822	481	205.500000	30.250000	1.018171e+03
	992	482	248.000000	30.500000	1.005708e+03
	749	485	187.250000	31.250000	1.016091e+03
	802	485	200.500000	31.250000	1.019191e+03
	825	485	206.250000	31.250000	1.018143e+03
	981	485	245.250000	31.250000	1.004803e+03
	749	486	187.250000	31.500000	1.016091e+03
	1000	487	250.000000	31.750000	1.007356e+03
	979	488	244.750000	32.000000	1.004386e+03
	991	488	247.750000	32.000000	1.006041e+03
	824	489	206.000000	32.250000	1.018141e+03
	995	489	248.750000	32.250000	1.006038e+03
	985	491	246.250000	32.750000	1.005066e+03
	823	492	205.750000	33.000000	1.018061e+03
	977	492	244.250000	33.000000	1.004096e+03
	988	492	247.000000	33.000000	1.005043e+03
	992	493	248.000000	33.250000	1.005106e+03
	998	493	249.500000	33.250000	1.006451e+03
	985	494	246.250000	33.500000	1.005261e+03
	681	495	170.250000	33.750000	1.012948e+03
	824	495	206.000000	33.750000	1.018098e+03
	982	495	245.500000	33.750000	1.004451e+03
	666	497	166.500000	34.250000	1.012226e+03
	978	497	244.500000	34.250000	1.004501e+03
	982	499	245.500000	34.750000	1.004733e+03
	969	500	242.250000	35.000000	1.004943e+03
	975	500	243.750000	35.000000	1.004208e+03
	990	500	247.500000	35.000000	1.007988e+03
	1000	500	250.000000	35.000000	1.009636e+03
	815	501	203.750000	35.250000	1.018513e+03
	816	501	204.000000	35.250000	1.018513e+03
	963	501	240.750000	35.250000	1.006263e+03
	722	502	180.500000	35.500000	1.010973e+03
	995	502	248.750000	35.500000	1.009368e+03
	817	503	204.250000	35.750000	1.018526e+03
	971	503	242.750000	35.750000	1.004553e+03
	975	503	243.750000	35.750000	1.003958e+03
	963	504	240.750000	36.000000	1.006218e+03
	990	504	247.500000	36.000000	1.008953e+03
	960	505	240.000000	36.250000	1.006268e+03
	982	505	245.500000	36.250000	1.004491e+03
	993	505	248.250000	36.250000	1.009366e+03
	972	506	243.000000	36.500000	1.003171e+03
	962	507	240.500000	36.750000	1.006341e+03
	976	507	244.000000	36.750000	1.005148e+03
	980	508	245.000000	37.000000	1.006391e+03
	993	508	248.250000	37.000000	1.008956e+03
	1000	508	250.000000	37.000000	1.010448e+03
	769	509	192.250000	37.250000	1.018498e+03
	959	510	239.750000	37.500000	1.007176e+03
	976	510	244.000000	37.500000	1.007001e+03
	810	511	202.500000	37.750000	1.018371e+03
	980	511	245.000000	37.750000	1.007261e+03
	986	511	246.500000	37.750000	1.008158e+03
	810	512	202.500000	38.000000	1.018371e+03
	970	512	242.500000	38.000000	1.007208e+03
	977	514	244.250000	38.500000	1.007383e+03
	982	514	245.500000	38.500000	1.008506e+03
	997	514	249.250000	38.500000	1.009301e+03
	1000	515	250.000000	38.750000	1.009316e+03
	956	516	239.000000	39.000000	1.007343e+03
	989	516	247.250000	39.000000	1.007178e+03
	948	517	237.000000	39.250000	1.006811e+03
	972	517	243.000000	39.250000	1.008983e+03
	985	517	246.250000	39.250000	1.008103e+03
	998	517	249.500000	39.250000	1.009388e+03
	977	518	244.250000	39.500000	1.007848e+03
	948	519	237.000000	39.750000	1.006756e+03
	952	519	238.000000	39.750000	1.005946e+03
	966	519	241.500000	39.750000	1.007078e+03
	956	520	239.000000	40.000000	1.007606e+03
	969	520	242.250000	40.000000	1.007236e+03
	988	520	247.000000	40.000000	1.008296e+03
	992	520	248.000000	40.000000	1.007626e+03
	946	521	236.500000	40.250000	1.006833e+03
	961	521	240.250000	40.250000	1.007763e+03
	805	522	201.250000	40.500000	1.018058e+03
	951	522	237.750000	40.500000	1.005451e+03
	973	523	243.250000	40.750000	1.008141e+03
	965	524	241.250000	41.000000	1.008278e+03
	978	524	244.500000	41.000000	1.009121e+03
	985	525	246.250000	41.250000	1.008976e+03
	995	525	248.750000	41.250000	1.009483e+03
	991	527	247.750000	41.750000	1.008463e+03
	728	529	182.000000	42.250000	1.005621e+03
	726	531	181.500000	42.750000	1.005516e+03
	985	531	246.250000	42.750000	1.010231e+03
	976	533	244.000000	43.250000	1.011211e+03
	990	533	247.500000	43.250000	1.010228e+03
	973	535	243.250000	43.750000	1.011976e+03
	991	535	247.750000	43.750000	1.010226e+03
	997	535	249.250000	43.750000	1.011383e+03
	957	537	239.250000	44.250000	1.012743e+03
	982	537	245.500000	44.250000	1.012068e+03
	966	538	241.500000	44.500000	1.013666e+03
	956	543	239.000000	45.750000	1.014596e+03
	970	544	242.500000	46.000000	1.014906e+03
	966	545	241.500000	46.250000	1.014168e+03
	978	545	244.500000	46.250000	1.014598e+03
	952	546	238.000000	46.500000	1.014568e+03
	968	547	242.000000	46.750000	1.014351e+03
	977	547	244.250000	46.750000	1.014541e+03
	954	548	238.500000	47.000000	1.015176e+03
	973	550	243.250000	47.500000	1.014871e+03
	945	551	236.250000	47.750000	1.015816e+03
	966	552	241.500000	48.000000	1.015203e+03
	954	553	238.500000	48.250000	1.015793e+03
	943	555	235.750000	48.750000	1.016651e+03
	687	556	171.750000	49.000000	1.014278e+03
	952	556	238.000000	49.000000	1.016241e+03
	939	557	234.750000	49.250000	1.016843e+03
	683	559	170.750000	49.750000	1.014376e+03
	946	559	236.500000	49.750000	1.016881e+03
	965	562	241.250000	50.500000	1.017796e+03
	939	563	234.750000	50.750000	1.017263e+03
	952	563	238.000000	50.750000	1.018961e+03
	959	564	239.750000	51.000000	1.018378e+03
	933	566	233.250000	51.500000	1.017506e+03
	680	567	170.000000	51.750000	1.014001e+03
	681	569	170.250000	52.250000	1.013981e+03
	946	569	236.500000	52.250000	1.019728e+03
	927	571	231.750000	52.750000	1.018211e+03
	682	572	170.500000	53.000000	1.014003e+03
	913	572	228.250000	53.000000	1.020116e+03
	911	574	227.750000	53.500000	1.020013e+03
	922	574	230.500000	53.500000	1.018473e+03
	980	574	245.000000	53.500000	1.021473e+03
	684	575	171.000000	53.750000	1.014036e+03
	897	577	224.250000	54.250000	1.021441e+03
	885	578	221.250000	54.500000	1.021158e+03
	981	578	245.250000	54.500000	1.021366e+03
	918	579	229.500000	54.750000	1.019211e+03
	957	579	239.250000	54.750000	1.026101e+03
	912	580	228.000000	55.000000	1.019913e+03
	803	583	200.750000	55.750000	1.031606e+03
	995	584	248.750000	56.000000	1.020238e+03
	890	585	222.500000	56.250000	1.021698e+03
	893	587	223.250000	56.750000	1.021686e+03
	1000	587	250.000000	56.750000	1.019646e+03
	817	588	204.250000	57.000000	1.030173e+03
	826	588	206.500000	57.000000	1.029051e+03
	898	588	224.500000	57.000000	1.021478e+03
	940	588	235.000000	57.000000	1.027191e+03
	977	590	244.250000	57.500000	1.024153e+03
	676	591	169.000000	57.750000	1.012328e+03
	820	591	205.000000	57.750000	1.029671e+03
	911	593	227.750000	58.250000	1.025716e+03
	826	594	206.500000	58.500000	1.029543e+03
	886	594	221.500000	58.500000	1.022688e+03
	981	595	245.250000	58.750000	1.023586e+03
	837	596	209.250000	59.000000	1.028356e+03
	962	596	240.500000	59.000000	1.028296e+03
	874	599	218.500000	59.750000	1.025161e+03
