2015	1	5	185	21
	873	424	218.250000	16.000000	1.011451e+03
	874	426	218.500000	16.500000	1.011469e+03
	889	430	222.250000	17.500000	1.012588e+03
	831	432	207.750000	18.000000	1.013336e+03
	876	433	219.000000	18.250000	1.011954e+03
	890	434	222.500000	18.500000	1.012729e+03
	673	436	168.250000	19.000000	1.009351e+03
	838	437	209.500000	19.250000	1.013278e+03
	674	438	168.500000	19.500000	1.009325e+03
	814	438	203.500000	19.500000	1.013931e+03
	840	438	210.000000	19.500000	1.013282e+03
	882	438	220.500000	19.500000	1.012521e+03
	815	440	203.750000	20.000000	1.013831e+03
	889	440	222.250000	20.000000	1.012301e+03
	677	442	169.250000	20.500000	1.009451e+03
	820	442	205.000000	20.500000	1.014045e+03
	678	444	169.500000	21.000000	1.009480e+03
	987	444	246.750000	21.000000	1.015055e+03
	879	446	219.750000	21.500000	1.012234e+03
	802	447	200.500000	21.750000	1.014725e+03
	806	447	201.500000	21.750000	1.014690e+03
	857	447	214.250000	21.750000	1.013074e+03
	859	448	214.750000	22.000000	1.013064e+03
	999	452	249.750000	23.000000	1.015453e+03
	889	453	222.250000	23.250000	1.013593e+03
	670	454	167.500000	23.500000	1.007073e+03
	998	454	249.500000	23.500000	1.015323e+03
	995	457	248.750000	24.250000	1.015924e+03
	994	459	248.500000	24.750000	1.015866e+03
	903	461	225.750000	25.250000	1.015959e+03
	991	464	247.750000	26.000000	1.016525e+03
	665	467	166.250000	26.750000	1.003584e+03
	988	467	247.000000	26.750000	1.016779e+03
	885	470	221.250000	27.500000	1.010785e+03
	904	472	226.000000	28.000000	1.015646e+03
	675	473	168.750000	28.250000	1.005316e+03
	680	474	170.000000	28.500000	1.006450e+03
	905	474	226.250000	28.500000	1.015633e+03
	982	476	245.500000	29.000000	1.018525e+03
	980	477	245.000000	29.250000	1.018769e+03
	689	481	172.250000	30.250000	1.005771e+03
	710	483	177.500000	30.750000	1.013950e+03
	975	484	243.750000	31.000000	1.019718e+03
	990	485	247.500000	31.250000	1.020351e+03
	972	489	243.000000	32.250000	1.020549e+03
	994	489	248.500000	32.250000	1.022545e+03
	977	494	244.250000	33.500000	1.025104e+03
	968	495	242.000000	33.750000	1.021439e+03
	1000	495	250.000000	33.750000	1.024999e+03
	990	496	247.500000	34.000000	1.023312e+03
	962	497	240.500000	34.250000	1.021763e+03
	986	498	246.500000	34.500000	1.023779e+03
	958	499	239.500000	34.750000	1.021861e+03
	979	499	244.750000	34.750000	1.025281e+03
	964	500	241.000000	35.000000	1.024786e+03
	992	501	248.000000	35.250000	1.025286e+03
	881	503	220.250000	35.750000	1.004774e+03
	965	503	241.250000	35.750000	1.024853e+03
	969	503	242.250000	35.750000	1.026843e+03
	977	504	244.250000	36.000000	1.027044e+03
	662	505	165.500000	36.250000	9.978075e+02
	999	505	249.750000	36.250000	1.030950e+03
	984	506	246.000000	36.500000	1.027855e+03
	990	506	247.500000	36.500000	1.028744e+03
	883	507	220.750000	36.750000	1.004521e+03
	964	507	241.000000	36.750000	1.025189e+03
	952	508	238.000000	37.000000	1.024455e+03
	974	508	243.500000	37.000000	1.027598e+03
	665	509	166.250000	37.250000	9.974662e+02
	882	509	220.500000	37.250000	1.004541e+03
	962	509	240.500000	37.250000	1.025182e+03
	967	509	241.750000	37.250000	1.028480e+03
	977	509	244.250000	37.250000	1.028230e+03
	982	509	245.500000	37.250000	1.027694e+03
	989	510	247.250000	37.500000	1.027526e+03
	960	512	240.000000	38.000000	1.025240e+03
	993	512	248.250000	38.000000	1.027723e+03
	974	513	243.500000	38.250000	1.028904e+03
	984	514	246.000000	38.500000	1.027890e+03
	949	515	237.250000	38.750000	1.026010e+03
	975	515	243.750000	38.750000	1.028984e+03
	990	515	247.500000	38.750000	1.028494e+03
	839	517	209.750000	39.250000	9.910575e+02
	969	517	242.250000	39.250000	1.029116e+03
	984	517	246.000000	39.250000	1.027811e+03
	956	518	239.000000	39.500000	1.025162e+03
	672	519	168.000000	39.750000	9.959288e+02
	947	519	236.750000	39.750000	1.026302e+03
	995	519	248.750000	39.750000	1.028573e+03
	953	520	238.250000	40.000000	1.026066e+03
	985	520	246.250000	40.000000	1.028152e+03
	969	522	242.250000	40.500000	1.030816e+03
	945	523	236.250000	40.750000	1.026341e+03
	964	523	241.000000	40.750000	1.031231e+03
	979	523	244.750000	40.750000	1.029631e+03
	988	523	247.000000	40.750000	1.028921e+03
	958	525	239.500000	41.250000	1.027746e+03
	983	525	245.750000	41.250000	1.028799e+03
	946	528	236.500000	42.000000	1.025902e+03
	967	529	241.750000	42.250000	1.028794e+03
	981	529	245.250000	42.250000	1.027165e+03
	962	530	240.500000	42.500000	1.027285e+03
	971	530	242.750000	42.500000	1.028035e+03
	977	530	244.250000	42.500000	1.027267e+03
	1000	530	250.000000	42.500000	1.021427e+03
	957	531	239.250000	42.750000	1.027086e+03
	974	531	243.500000	42.750000	1.027430e+03
	967	532	241.750000	43.000000	1.027291e+03
	950	533	237.500000	43.250000	1.025860e+03
	961	533	240.250000	43.250000	1.027080e+03
	964	533	241.000000	43.250000	1.027828e+03
	973	533	243.250000	43.250000	1.027739e+03
	988	533	247.000000	43.250000	1.025226e+03
	969	535	242.250000	43.750000	1.027661e+03
	994	536	248.500000	44.000000	1.027006e+03
	955	537	238.750000	44.250000	1.025108e+03
	987	537	246.750000	44.250000	1.021828e+03
	963	538	240.750000	44.500000	1.026432e+03
	966	538	241.500000	44.500000	1.026444e+03
	816	539	204.000000	44.750000	9.671400e+02
	947	539	236.750000	44.750000	1.027601e+03
	984	539	246.000000	44.750000	1.023609e+03
	988	539	247.000000	44.750000	1.022415e+03
	995	543	248.750000	45.750000	1.020416e+03
	999	543	249.750000	45.750000	1.018974e+03
	989	545	247.250000	46.250000	1.018704e+03
	957	546	239.250000	46.500000	1.021867e+03
	963	546	240.750000	46.500000	1.022487e+03
	972	546	243.000000	46.500000	1.022602e+03
	984	546	246.000000	46.500000	1.021862e+03
	968	548	242.000000	47.000000	1.022542e+03
	972	549	243.000000	47.250000	1.023003e+03
	982	549	245.500000	47.250000	1.021807e+03
	957	550	239.250000	47.500000	1.021564e+03
	987	550	246.750000	47.500000	1.020948e+03
	980	551	245.000000	47.750000	1.022151e+03
	949	552	237.250000	48.000000	1.022372e+03
	958	552	239.500000	48.000000	1.021672e+03
	944	553	236.000000	48.250000	1.021991e+03
	965	554	241.250000	48.500000	1.023555e+03
	973	555	243.250000	48.750000	1.023768e+03
	951	556	237.750000	49.000000	1.022675e+03
	959	556	239.750000	49.000000	1.020763e+03
	970	556	242.500000	49.000000	1.024474e+03
	978	556	244.500000	49.000000	1.024991e+03
	966	558	241.500000	49.500000	1.024078e+03
	996	559	249.000000	49.750000	1.037349e+03
	968	561	242.000000	50.250000	1.024877e+03
	977	561	244.250000	50.250000	1.023519e+03
	951	562	237.750000	50.500000	1.022656e+03
	723	563	180.750000	50.750000	1.010594e+03
	945	565	236.250000	51.250000	1.019295e+03
	940	566	235.000000	51.500000	1.019895e+03
	977	566	244.250000	51.500000	1.025791e+03
	933	568	233.250000	52.000000	1.017899e+03
	974	568	243.500000	52.000000	1.025848e+03
	940	571	235.000000	52.750000	1.025297e+03
	985	571	246.250000	52.750000	1.034881e+03
	957	572	239.250000	53.000000	1.027198e+03
	965	573	241.250000	53.250000	1.027905e+03
	953	578	238.250000	54.500000	1.032724e+03
	981	579	245.250000	54.750000	1.033476e+03
	940	582	235.000000	55.500000	1.031906e+03
	964	582	241.000000	55.500000	1.036870e+03
	928	583	232.000000	55.750000	1.029275e+03
	947	583	236.750000	55.750000	1.033905e+03
	933	586	233.250000	56.500000	1.030831e+03
	943	588	235.750000	57.000000	1.033241e+03
	920	589	230.000000	57.250000	1.026421e+03
	970	589	242.500000	57.250000	1.035154e+03
	924	590	231.000000	57.500000	1.027458e+03
	942	590	235.500000	57.500000	1.032959e+03
	930	592	232.500000	58.000000	1.031493e+03
	922	593	230.500000	58.250000	1.030976e+03
	938	593	234.500000	58.250000	1.031966e+03
	890	594	222.500000	58.500000	1.016235e+03
	914	594	228.500000	58.500000	1.030968e+03
	916	596	229.000000	59.000000	1.031254e+03
	983	596	245.750000	59.000000	1.031677e+03
	906	597	226.500000	59.250000	1.030365e+03
	939	599	234.750000	59.750000	1.035257e+03
	949	599	237.250000	59.750000	1.036118e+03
	839	600	209.750000	60.000000	1.016300e+03
	881	600	220.250000	60.000000	1.016958e+03
	973	600	243.250000	60.000000	1.034500e+03
