2015	9	26	175	18
	739	420	184.750000	15.000000	1.008468e+03
	787	420	196.750000	15.000000	1.011018e+03
	760	422	190.000000	15.500000	1.009791e+03
	999	422	249.750000	15.500000	1.009571e+03
	692	425	173.000000	16.250000	1.009376e+03
	829	427	207.250000	16.750000	1.005316e+03
	731	429	182.750000	17.250000	1.009208e+03
	990	429	247.500000	17.250000	1.010103e+03
	809	430	202.250000	17.500000	1.012466e+03
	919	430	229.750000	17.500000	1.013443e+03
	886	433	221.500000	18.250000	1.012656e+03
	999	433	249.750000	18.250000	1.009501e+03
	817	435	204.250000	18.750000	1.012313e+03
	815	436	203.750000	19.000000	1.012511e+03
	812	437	203.000000	19.250000	1.012486e+03
	814	438	203.500000	19.500000	1.012281e+03
	820	441	205.000000	20.250000	1.014858e+03
	817	442	204.250000	20.500000	1.014518e+03
	997	450	249.250000	22.500000	1.009148e+03
	893	451	223.250000	22.750000	1.015343e+03
	998	453	249.500000	23.250000	1.008991e+03
	995	458	248.750000	24.500000	1.009341e+03
	999	458	249.750000	24.500000	1.008966e+03
	993	460	248.250000	25.000000	1.008983e+03
	999	461	249.750000	25.250000	1.009151e+03
	991	464	247.750000	26.000000	1.009208e+03
	996	464	249.000000	26.000000	1.008736e+03
	998	465	249.500000	26.250000	1.008836e+03
	988	467	247.000000	26.750000	1.009301e+03
	992	470	248.000000	27.500000	1.009006e+03
	999	470	249.750000	27.500000	1.008753e+03
	985	471	246.250000	27.750000	1.009721e+03
	990	472	247.500000	28.000000	1.009056e+03
	997	472	249.250000	28.000000	1.008708e+03
	890	474	222.500000	28.500000	1.017031e+03
	989	474	247.250000	28.500000	1.009188e+03
	983	475	245.750000	28.750000	1.010188e+03
	994	475	248.500000	28.750000	1.008686e+03
	894	478	223.500000	29.500000	1.017033e+03
	979	478	244.750000	29.500000	1.010123e+03
	989	478	247.250000	29.500000	1.009201e+03
	902	479	225.500000	29.750000	1.016941e+03
	912	479	228.000000	29.750000	1.017378e+03
	985	479	246.250000	29.750000	1.008813e+03
	976	482	244.000000	30.500000	1.010038e+03
	982	482	245.500000	30.500000	1.008871e+03
	905	483	226.250000	30.750000	1.017048e+03
	988	483	247.000000	30.750000	1.009103e+03
	975	484	243.750000	31.000000	1.009896e+03
	907	485	226.750000	31.250000	1.017091e+03
	973	486	243.250000	31.500000	1.010358e+03
	973	488	243.250000	32.000000	1.010376e+03
	979	489	244.750000	32.250000	1.008418e+03
	992	489	248.000000	32.250000	1.011191e+03
	896	490	224.000000	32.500000	1.016711e+03
	971	492	242.750000	33.000000	1.010208e+03
	978	492	244.500000	33.000000	1.008308e+03
	988	492	247.000000	33.000000	1.009653e+03
	981	494	245.250000	33.500000	1.009166e+03
	971	495	242.750000	33.750000	1.010173e+03
	902	496	225.500000	34.000000	1.016711e+03
	967	496	241.750000	34.000000	1.010058e+03
	962	497	240.500000	34.250000	1.010533e+03
	732	498	183.000000	34.500000	1.017348e+03
	732	499	183.000000	34.750000	1.017348e+03
	969	500	242.250000	35.000000	1.011258e+03
	972	500	243.000000	35.000000	1.011281e+03
	976	500	244.000000	35.000000	1.010533e+03
	957	501	239.250000	35.250000	1.010983e+03
	964	501	241.000000	35.250000	1.010931e+03
	996	501	249.000000	35.250000	1.016866e+03
	971	503	242.750000	35.750000	1.011098e+03
	975	503	243.750000	35.750000	1.010646e+03
	736	504	184.000000	36.000000	1.017176e+03
	963	504	240.750000	36.000000	1.010918e+03
	990	504	247.500000	36.000000	1.016618e+03
	960	505	240.000000	36.250000	1.011058e+03
	982	505	245.500000	36.250000	1.011801e+03
	972	506	243.000000	36.500000	1.010683e+03
	962	507	240.500000	36.750000	1.011051e+03
	1000	507	250.000000	36.750000	1.016528e+03
	994	508	248.500000	37.000000	1.016378e+03
	958	510	239.500000	37.500000	1.011511e+03
	976	510	244.000000	37.500000	1.014418e+03
	997	510	249.250000	37.500000	1.016081e+03
	671	511	167.750000	37.750000	1.010141e+03
	672	511	168.000000	37.750000	1.010141e+03
	980	511	245.000000	37.750000	1.014563e+03
	986	511	246.500000	37.750000	1.015836e+03
	970	512	242.500000	38.000000	1.013443e+03
	997	513	249.250000	38.250000	1.015546e+03
	1000	513	250.000000	38.250000	1.015488e+03
	956	514	239.000000	38.500000	1.012043e+03
	977	514	244.250000	38.500000	1.014111e+03
	955	516	238.750000	39.000000	1.012066e+03
	967	516	241.750000	39.000000	1.013051e+03
	998	516	249.500000	39.000000	1.016326e+03
	972	517	243.000000	39.250000	1.014431e+03
	989	517	247.250000	39.250000	1.013231e+03
	952	519	238.000000	39.750000	1.011936e+03
	966	519	241.500000	39.750000	1.012718e+03
	661	520	165.250000	40.000000	1.009131e+03
	969	520	242.250000	40.000000	1.013008e+03
	985	522	246.250000	40.500000	1.010988e+03
	972	523	243.000000	40.750000	1.013056e+03
	955	524	238.750000	41.000000	1.013841e+03
	965	524	241.250000	41.000000	1.013473e+03
	968	524	242.000000	41.000000	1.013278e+03
	978	524	244.500000	41.000000	1.013621e+03
	988	524	247.000000	41.000000	1.011246e+03
	961	525	240.250000	41.250000	1.014793e+03
	999	526	249.750000	41.500000	1.013751e+03
	982	527	245.500000	41.750000	1.012553e+03
	987	527	246.750000	41.750000	1.012031e+03
	991	527	247.750000	41.750000	1.012133e+03
	995	527	248.750000	41.750000	1.013983e+03
	973	528	243.250000	42.000000	1.013071e+03
	966	529	241.500000	42.250000	1.013778e+03
	959	530	239.750000	42.500000	1.014708e+03
	963	530	240.750000	42.500000	1.014308e+03
	1000	530	250.000000	42.500000	1.014606e+03
	969	531	242.250000	42.750000	1.013163e+03
	981	531	245.250000	42.750000	1.010811e+03
	977	532	244.250000	43.000000	1.011413e+03
	996	532	249.000000	43.000000	1.012991e+03
	974	534	243.500000	43.500000	1.012266e+03
	991	534	247.750000	43.500000	1.010361e+03
	948	541	237.000000	45.250000	1.021771e+03
	991	541	247.750000	45.250000	1.009428e+03
	984	542	246.000000	45.500000	1.010386e+03
	986	544	246.500000	46.000000	1.010233e+03
	995	544	248.750000	46.000000	1.007733e+03
	972	545	243.000000	46.250000	1.014668e+03
	989	545	247.250000	46.250000	1.008723e+03
	948	546	237.000000	46.500000	1.021898e+03
	951	549	237.750000	47.250000	1.021716e+03
	992	549	248.000000	47.250000	1.007158e+03
	995	549	248.750000	47.250000	1.007236e+03
	947	551	236.750000	47.750000	1.021448e+03
	971	552	242.750000	48.000000	1.013043e+03
	946	554	236.500000	48.500000	1.021306e+03
	983	554	245.750000	48.500000	1.009901e+03
	997	555	249.250000	48.750000	1.007726e+03
	945	556	236.250000	49.000000	1.021288e+03
	939	557	234.750000	49.250000	1.021686e+03
	979	557	244.750000	49.250000	1.009911e+03
	946	558	236.500000	49.500000	1.021126e+03
	988	558	247.000000	49.500000	1.006233e+03
	953	562	238.250000	50.500000	1.020133e+03
	934	564	233.500000	51.000000	1.023261e+03
	950	564	237.500000	51.000000	1.019696e+03
	980	564	245.000000	51.000000	1.010011e+03
	930	566	232.500000	51.500000	1.023686e+03
	949	566	237.250000	51.500000	1.019823e+03
	709	567	177.250000	51.750000	9.955581e+02
	955	567	238.750000	51.750000	1.019296e+03
	978	567	244.500000	51.750000	1.009566e+03
	978	570	244.500000	52.500000	1.009656e+03
	713	573	178.250000	53.250000	9.949781e+02
	981	580	245.250000	55.000000	1.007768e+03
	928	591	232.000000	57.750000	1.010961e+03
	936	591	234.000000	57.750000	1.009061e+03
	890	592	222.500000	58.000000	1.010098e+03
	894	594	223.500000	58.500000	1.009743e+03
	886	595	221.500000	58.750000	1.009461e+03
	778	596	194.500000	59.000000	1.004386e+03
	779	596	194.750000	59.000000	1.004386e+03
	892	596	223.000000	59.000000	1.010061e+03
	876	597	219.000000	59.250000	1.008868e+03
	880	597	220.000000	59.250000	1.008863e+03
	839	598	209.750000	59.500000	1.010123e+03
	890	598	222.500000	59.500000	1.010583e+03
	674	599	168.500000	59.750000	1.014551e+03
	830	600	207.500000	60.000000	1.008671e+03
	893	600	223.250000	60.000000	1.009838e+03
