2015	4	30	118	15
	923	422	230.750000	15.500000	1.012239e+03
	958	427	239.500000	16.750000	1.011526e+03
	971	428	242.750000	17.000000	1.011374e+03
	972	428	243.000000	17.000000	1.011374e+03
	961	429	240.250000	17.250000	1.011551e+03
	951	431	237.750000	17.750000	1.011854e+03
	977	436	244.250000	19.000000	1.011604e+03
	998	436	249.500000	19.000000	1.011506e+03
	814	438	203.500000	19.500000	1.016246e+03
	980	438	245.000000	19.500000	1.011569e+03
	820	441	205.000000	20.250000	1.018274e+03
	995	442	248.750000	20.500000	1.011364e+03
	997	445	249.250000	21.250000	1.011346e+03
	993	446	248.250000	21.500000	1.011376e+03
	998	453	249.500000	23.250000	1.011089e+03
	991	464	247.750000	26.000000	1.010564e+03
	988	468	247.000000	27.000000	1.010026e+03
	985	471	246.250000	27.750000	1.009514e+03
	997	472	249.250000	28.000000	1.009069e+03
	998	474	249.500000	28.500000	1.009144e+03
	982	475	245.500000	28.750000	1.009224e+03
	988	475	247.000000	28.750000	1.008879e+03
	995	475	248.750000	28.750000	1.008836e+03
	989	478	247.250000	29.500000	1.008879e+03
	977	480	244.250000	30.000000	1.008856e+03
	984	480	246.000000	30.000000	1.008461e+03
	975	483	243.750000	30.750000	1.008944e+03
	982	484	245.500000	31.000000	1.008276e+03
	973	486	243.250000	31.500000	1.009414e+03
	980	487	245.000000	31.750000	1.008191e+03
	991	487	247.750000	31.750000	1.009961e+03
	981	490	245.250000	32.500000	1.008026e+03
	971	492	242.750000	33.000000	1.010116e+03
	977	492	244.250000	33.000000	1.007936e+03
	695	493	173.750000	33.250000	1.020304e+03
	993	493	248.250000	33.250000	1.010406e+03
	981	494	245.250000	33.500000	1.008464e+03
	701	495	175.250000	33.750000	1.020281e+03
	965	496	241.250000	34.000000	1.010024e+03
	960	498	240.000000	34.500000	1.009721e+03
	719	499	179.750000	34.750000	1.021384e+03
	967	499	241.750000	34.750000	1.010981e+03
	982	499	245.500000	34.750000	1.009284e+03
	959	500	239.750000	35.000000	1.009706e+03
	976	500	244.000000	35.000000	1.009461e+03
	996	500	249.000000	35.000000	1.014159e+03
	963	501	240.750000	35.250000	1.010384e+03
	975	503	243.750000	35.750000	1.009261e+03
	994	503	248.500000	35.750000	1.014324e+03
	963	504	240.750000	36.000000	1.010419e+03
	954	505	238.500000	36.250000	1.010179e+03
	960	505	240.000000	36.250000	1.010591e+03
	982	505	245.500000	36.250000	1.009744e+03
	972	506	243.000000	36.500000	1.009551e+03
	962	507	240.500000	36.750000	1.010406e+03
	1000	507	250.000000	36.750000	1.013266e+03
	952	509	238.000000	37.250000	1.010979e+03
	998	510	249.500000	37.500000	1.012569e+03
	696	511	174.000000	37.750000	1.022354e+03
	986	511	246.500000	37.750000	1.013406e+03
	995	511	248.750000	37.750000	1.012781e+03
	734	513	183.500000	38.250000	1.016776e+03
	1000	513	250.000000	38.250000	1.011789e+03
	950	514	237.500000	38.500000	1.011251e+03
	956	514	239.000000	38.500000	1.011054e+03
	997	514	249.250000	38.500000	1.011931e+03
	704	515	176.000000	38.750000	1.022476e+03
	947	516	236.750000	39.000000	1.011231e+03
	955	516	238.750000	39.000000	1.011164e+03
	998	516	249.500000	39.000000	1.012121e+03
	993	517	248.250000	39.250000	1.014579e+03
	741	523	185.250000	40.750000	1.018586e+03
	992	525	248.000000	41.250000	1.015881e+03
	949	528	237.250000	42.000000	1.022769e+03
	1000	528	250.000000	42.000000	1.014936e+03
	969	531	242.250000	42.750000	1.024776e+03
	990	535	247.500000	43.750000	1.017551e+03
	688	536	172.000000	44.000000	1.015036e+03
	951	536	237.750000	44.000000	1.024796e+03
	746	541	186.500000	45.250000	1.022824e+03
	747	541	186.750000	45.250000	1.022824e+03
	955	541	238.750000	45.250000	1.025921e+03
	990	541	247.500000	45.250000	1.021004e+03
	977	544	244.250000	46.000000	1.024811e+03
	993	544	248.250000	46.000000	1.020871e+03
	978	546	244.500000	46.500000	1.025031e+03
	987	546	246.750000	46.500000	1.022426e+03
	986	548	246.500000	47.000000	1.022556e+03
	945	556	236.250000	49.000000	1.024799e+03
	964	558	241.000000	49.500000	1.021436e+03
	936	561	234.000000	50.250000	1.022836e+03
	977	561	244.250000	50.250000	1.017644e+03
	968	562	242.000000	50.500000	1.020401e+03
	965	564	241.250000	51.000000	1.020189e+03
	990	564	247.500000	51.000000	1.013346e+03
	970	566	242.500000	51.500000	1.018834e+03
	942	568	235.500000	52.000000	1.016006e+03
	936	572	234.000000	53.000000	1.015119e+03
	972	573	243.000000	53.250000	1.011461e+03
	977	573	244.250000	53.250000	1.011619e+03
	954	574	238.500000	53.500000	1.014679e+03
	967	575	241.750000	53.750000	1.011439e+03
	960	579	240.000000	54.750000	1.010706e+03
	760	584	190.000000	56.000000	1.007524e+03
	840	587	210.000000	56.750000	1.000766e+03
	906	588	226.500000	57.000000	1.007494e+03
	660	589	165.000000	57.250000	1.014281e+03
	912	589	228.000000	57.250000	1.008191e+03
	938	590	234.500000	57.500000	1.008206e+03
	916	591	229.000000	57.750000	1.007674e+03
	728	592	182.000000	58.000000	1.006926e+03
	924	592	231.000000	58.000000	1.008079e+03
	888	595	222.000000	58.750000	1.006664e+03
	914	595	228.500000	58.750000	1.007601e+03
	892	596	223.000000	59.000000	1.007911e+03
	672	599	168.000000	59.750000	1.011979e+03
	683	599	170.750000	59.750000	1.012109e+03
	928	599	232.000000	59.750000	1.004339e+03
