2015	7	6	206	0
	896	421	224.000000	15.250000	1.009307e+03
	990	421	247.500000	15.250000	1.011817e+03
	675	423	168.750000	15.750000	1.012142e+03
	960	426	240.000000	16.500000	1.011464e+03
	985	426	246.250000	16.500000	1.012284e+03
	820	436	205.000000	19.000000	1.013264e+03
	814	438	203.500000	19.500000	1.013652e+03
	812	439	203.000000	19.750000	1.013677e+03
	815	440	203.750000	20.000000	1.013257e+03
	820	441	205.000000	20.250000	1.014172e+03
	814	442	203.500000	20.500000	1.013544e+03
	807	444	201.750000	21.000000	1.014099e+03
	755	445	188.750000	21.250000	1.013974e+03
	690	446	172.500000	21.500000	1.014524e+03
	748	446	187.000000	21.500000	1.014127e+03
	693	447	173.250000	21.750000	1.014539e+03
	813	447	203.250000	21.750000	1.014759e+03
	800	448	200.000000	22.000000	1.014319e+03
	702	449	175.500000	22.250000	1.014637e+03
	908	449	227.000000	22.250000	1.014877e+03
	774	450	193.500000	22.500000	1.013977e+03
	709	451	177.250000	22.750000	1.014599e+03
	717	452	179.250000	23.000000	1.014547e+03
	715	453	178.750000	23.250000	1.014544e+03
	719	453	179.750000	23.250000	1.014542e+03
	720	454	180.000000	23.500000	1.014542e+03
	741	454	185.250000	23.500000	1.014212e+03
	742	454	185.500000	23.500000	1.014212e+03
	722	455	180.500000	23.750000	1.014494e+03
	744	459	186.000000	24.750000	1.014149e+03
	744	460	186.000000	25.000000	1.014149e+03
	747	462	186.750000	25.500000	1.014157e+03
	997	462	249.250000	25.500000	1.009717e+03
	996	464	249.000000	26.000000	1.009454e+03
	990	465	247.500000	26.250000	1.010872e+03
	993	467	248.250000	26.750000	1.009317e+03
	988	468	247.000000	27.000000	1.009759e+03
	754	469	188.500000	27.250000	1.014379e+03
	756	470	189.000000	27.500000	1.014387e+03
	784	472	196.000000	28.000000	1.015357e+03
	889	472	222.250000	28.000000	1.016854e+03
	990	472	247.500000	28.000000	1.008909e+03
	763	474	190.750000	28.500000	1.014279e+03
	988	475	247.000000	28.750000	1.008759e+03
	886	476	221.500000	29.000000	1.016769e+03
	997	477	249.250000	29.250000	1.010689e+03
	768	478	192.000000	29.500000	1.014144e+03
	985	479	246.250000	29.750000	1.007907e+03
	772	481	193.000000	30.250000	1.014099e+03
	982	482	245.500000	30.500000	1.006614e+03
	981	484	245.250000	31.000000	1.006764e+03
	779	485	194.750000	31.250000	1.014159e+03
	980	487	245.000000	31.750000	1.006589e+03
	1000	487	250.000000	31.750000	1.013892e+03
	979	489	244.750000	32.250000	1.006002e+03
	995	489	248.750000	32.250000	1.012094e+03
	977	492	244.250000	33.000000	1.005702e+03
	999	493	249.750000	33.250000	1.013222e+03
	983	497	245.750000	34.250000	1.005372e+03
	977	498	244.250000	34.500000	1.005682e+03
	975	501	243.750000	35.250000	1.004674e+03
	988	501	247.000000	35.250000	1.011539e+03
	931	502	232.750000	35.500000	1.015242e+03
	1000	502	250.000000	35.500000	1.009869e+03
	974	503	243.500000	35.750000	1.004262e+03
	997	503	249.250000	35.750000	1.010177e+03
	943	504	235.750000	36.000000	1.015299e+03
	990	504	247.500000	36.000000	1.012084e+03
	940	505	235.000000	36.250000	1.015294e+03
	956	505	239.000000	36.250000	1.010654e+03
	962	505	240.500000	36.250000	1.007439e+03
	982	505	245.500000	36.250000	1.005797e+03
	972	506	243.000000	36.500000	1.004024e+03
	921	509	230.250000	37.250000	1.014504e+03
	928	509	232.000000	37.250000	1.014457e+03
	957	509	239.250000	37.250000	1.008747e+03
	997	510	249.250000	37.500000	1.003959e+03
	972	511	243.000000	37.750000	1.009349e+03
	980	512	245.000000	38.000000	1.008782e+03
	978	514	244.500000	38.500000	1.008599e+03
	982	514	245.500000	38.500000	1.009224e+03
	997	514	249.250000	38.500000	1.005492e+03
	1000	514	250.000000	38.500000	1.006129e+03
	797	515	199.250000	38.750000	1.011369e+03
	807	516	201.750000	39.000000	1.012052e+03
	972	517	243.000000	39.250000	1.012442e+03
	989	517	247.250000	39.250000	1.004289e+03
	997	517	249.250000	39.250000	1.006894e+03
	952	518	238.000000	39.500000	1.007684e+03
	964	518	241.000000	39.500000	1.009067e+03
	987	520	246.750000	40.000000	1.004194e+03
	992	520	248.000000	40.000000	1.006869e+03
	752	521	188.000000	40.250000	1.003557e+03
	950	521	237.500000	40.250000	1.007714e+03
	957	521	239.250000	40.250000	1.010779e+03
	961	521	240.250000	40.250000	1.010059e+03
	755	523	188.750000	40.750000	1.003979e+03
	963	523	240.750000	40.750000	1.010854e+03
	968	523	242.000000	40.750000	1.011777e+03
	972	523	243.000000	40.750000	1.011127e+03
	978	524	244.500000	41.000000	1.012189e+03
	991	524	247.750000	41.000000	1.008402e+03
	946	525	236.500000	41.250000	1.011884e+03
	956	526	239.000000	41.500000	1.010399e+03
	987	526	246.750000	41.500000	1.008044e+03
	999	526	249.750000	41.500000	1.012469e+03
	951	527	237.750000	41.750000	1.009839e+03
	954	528	238.500000	42.000000	1.009889e+03
	974	528	243.500000	42.000000	1.011722e+03
	948	530	237.000000	42.500000	1.008972e+03
	958	530	239.500000	42.500000	1.012719e+03
	971	531	242.750000	42.750000	1.010859e+03
	977	532	244.250000	43.000000	1.009829e+03
	990	535	247.500000	43.750000	1.005154e+03
	971	536	242.750000	44.000000	1.007139e+03
	771	537	192.750000	44.250000	1.000614e+03
	955	539	238.750000	44.750000	1.007322e+03
	959	539	239.750000	44.750000	1.008187e+03
	962	539	240.500000	44.750000	1.008219e+03
	969	539	242.250000	44.750000	1.007542e+03
	984	540	246.000000	45.000000	1.007954e+03
	949	542	237.250000	45.500000	1.008579e+03
	959	542	239.750000	45.500000	1.007339e+03
	932	543	233.000000	45.750000	1.011054e+03
	956	543	239.000000	45.750000	1.007619e+03
	994	543	248.500000	45.750000	1.014574e+03
	932	544	233.000000	46.000000	1.011054e+03
	948	544	237.000000	46.000000	1.008712e+03
	975	544	243.750000	46.000000	1.006534e+03
	965	545	241.250000	46.250000	1.005959e+03
	972	546	243.000000	46.500000	1.006862e+03
	984	546	246.000000	46.500000	1.011079e+03
	949	549	237.250000	47.250000	1.008464e+03
	982	549	245.500000	47.250000	1.012704e+03
	939	550	234.750000	47.500000	1.011622e+03
	962	552	240.500000	48.000000	1.008394e+03
	952	553	238.000000	48.250000	1.009174e+03
	955	555	238.750000	48.750000	1.010274e+03
	940	556	235.000000	49.000000	1.010109e+03
	950	556	237.500000	49.000000	1.008227e+03
	967	556	241.750000	49.000000	1.009772e+03
	942	559	235.500000	49.750000	1.010389e+03
	985	559	246.250000	49.750000	1.020009e+03
	962	560	240.500000	50.000000	1.011657e+03
	990	560	247.500000	50.000000	1.020159e+03
	930	561	232.500000	50.250000	1.011242e+03
	939	561	234.750000	50.250000	1.009944e+03
	966	561	241.500000	50.250000	1.012147e+03
	976	561	244.000000	50.250000	1.016037e+03
	963	562	240.750000	50.500000	1.011549e+03
	958	563	239.500000	50.750000	1.011544e+03
	983	563	245.750000	50.750000	1.020324e+03
	975	564	243.750000	51.000000	1.015437e+03
	972	565	243.000000	51.250000	1.015479e+03
	933	567	233.250000	51.750000	1.011864e+03
	951	567	237.750000	51.750000	1.013117e+03
	945	568	236.250000	52.000000	1.013322e+03
	928	569	232.000000	52.250000	1.011097e+03
	939	569	234.750000	52.250000	1.013422e+03
	768	570	192.000000	52.500000	9.842319e+02
	963	571	240.750000	52.750000	1.015609e+03
	950	572	237.500000	53.000000	1.013644e+03
	770	575	192.500000	53.750000	9.848594e+02
	933	576	233.250000	54.000000	1.014692e+03
	937	576	234.250000	54.000000	1.014634e+03
	926	577	231.500000	54.250000	1.013654e+03
	945	577	236.250000	54.250000	1.014699e+03
	920	578	230.000000	54.500000	1.014967e+03
	976	578	244.000000	54.500000	1.019872e+03
	997	578	249.250000	54.500000	1.018132e+03
	943	579	235.750000	54.750000	1.014797e+03
	984	579	246.000000	54.750000	1.018859e+03
	919	580	229.750000	55.000000	1.014942e+03
	928	581	232.000000	55.250000	1.015059e+03
	990	581	247.500000	55.250000	1.018369e+03
	916	582	229.000000	55.500000	1.015512e+03
	925	583	231.250000	55.750000	1.015064e+03
	939	583	234.750000	55.750000	1.014409e+03
	927	586	231.750000	56.500000	1.015917e+03
	920	588	230.000000	57.000000	1.016582e+03
	932	589	233.000000	57.250000	1.016397e+03
	938	589	234.500000	57.250000	1.015859e+03
	904	590	226.000000	57.500000	1.018232e+03
	994	590	248.500000	57.500000	1.017549e+03
	898	591	224.500000	57.750000	1.019777e+03
	936	591	234.000000	57.750000	1.016202e+03
	926	592	231.500000	58.000000	1.016264e+03
	918	593	229.500000	58.250000	1.016219e+03
	934	593	233.500000	58.250000	1.016929e+03
	661	594	165.250000	58.500000	1.006704e+03
	976	594	244.000000	58.500000	1.016972e+03
	894	595	223.500000	58.750000	1.019999e+03
	915	595	228.750000	58.750000	1.017599e+03
	852	596	213.000000	59.000000	1.023824e+03
	898	596	224.500000	59.000000	1.019407e+03
	910	596	227.500000	59.000000	1.017459e+03
	949	596	237.250000	59.000000	1.014972e+03
	896	598	224.000000	59.500000	1.019364e+03
	930	598	232.500000	59.500000	1.015212e+03
	944	598	236.000000	59.500000	1.015237e+03
	834	599	208.500000	59.750000	1.020967e+03
	961	599	240.250000	59.750000	1.015387e+03
	881	600	220.250000	60.000000	1.021884e+03
	910	600	227.500000	60.000000	1.017524e+03
	926	600	231.500000	60.000000	1.015474e+03
	966	600	241.500000	60.000000	1.015604e+03
