2015	7	24	164	9
	894	420	223.500000	15.000000	1.010690e+03
	827	422	206.750000	15.500000	1.013035e+03
	825	424	206.250000	16.000000	1.012990e+03
	966	431	241.500000	17.750000	1.010785e+03
	774	432	193.500000	18.000000	1.014200e+03
	815	436	203.750000	19.000000	1.014622e+03
	812	437	203.000000	19.250000	1.014732e+03
	814	438	203.500000	19.500000	1.014542e+03
	815	440	203.750000	20.000000	1.014352e+03
	820	441	205.000000	20.250000	1.015662e+03
	817	442	204.250000	20.500000	1.015518e+03
	821	443	205.250000	20.750000	1.015688e+03
	971	445	242.750000	21.250000	1.008343e+03
	666	448	166.500000	22.000000	1.012727e+03
	997	454	249.250000	23.500000	1.014023e+03
	856	456	214.000000	24.000000	1.015237e+03
	995	456	248.750000	24.000000	1.014035e+03
	886	458	221.500000	24.500000	1.016378e+03
	991	463	247.750000	25.750000	1.014095e+03
	996	464	249.000000	26.000000	1.013110e+03
	743	465	185.750000	26.250000	1.016245e+03
	986	466	246.500000	26.500000	1.014213e+03
	984	467	246.000000	26.750000	1.014265e+03
	752	468	188.000000	27.000000	1.016727e+03
	992	470	248.000000	27.500000	1.012935e+03
	985	471	246.250000	27.750000	1.014545e+03
	978	472	244.500000	28.000000	1.014782e+03
	984	473	246.000000	28.250000	1.014660e+03
	982	474	245.500000	28.500000	1.014727e+03
	989	474	247.250000	28.500000	1.012557e+03
	980	476	245.000000	29.000000	1.014700e+03
	989	478	247.250000	29.500000	1.012807e+03
	984	480	246.000000	30.000000	1.012160e+03
	975	483	243.750000	30.750000	1.015393e+03
	982	483	245.500000	30.750000	1.011227e+03
	971	488	242.750000	32.000000	1.015862e+03
	979	488	244.750000	32.000000	1.011045e+03
	666	489	166.500000	32.250000	1.011350e+03
	971	490	242.750000	32.500000	1.015852e+03
	984	491	246.000000	32.750000	1.012328e+03
	985	491	246.250000	32.750000	1.012328e+03
	977	492	244.250000	33.000000	1.010992e+03
	988	492	247.000000	33.000000	1.012450e+03
	969	493	242.250000	33.250000	1.015705e+03
	991	494	247.750000	33.500000	1.012312e+03
	967	495	241.750000	33.750000	1.015680e+03
	981	496	245.250000	34.000000	1.011588e+03
	961	497	240.250000	34.250000	1.015372e+03
	968	500	242.000000	35.000000	1.014835e+03
	975	500	243.750000	35.000000	1.013235e+03
	668	502	167.000000	35.500000	1.012330e+03
	955	502	238.750000	35.500000	1.015805e+03
	996	502	249.000000	35.500000	1.015438e+03
	971	503	242.750000	35.750000	1.013455e+03
	975	503	243.750000	35.750000	1.012532e+03
	963	504	240.750000	36.000000	1.014078e+03
	995	504	248.750000	36.000000	1.015350e+03
	960	505	240.000000	36.250000	1.014630e+03
	982	505	245.500000	36.250000	1.011455e+03
	972	506	243.000000	36.500000	1.011015e+03
	962	507	240.500000	36.750000	1.014650e+03
	980	508	245.000000	37.000000	1.013110e+03
	995	508	248.750000	37.000000	1.013758e+03
	997	510	249.250000	37.500000	1.012648e+03
	986	511	246.500000	37.750000	1.015828e+03
	677	512	169.250000	38.000000	1.010635e+03
	969	512	242.250000	38.000000	1.012758e+03
	677	513	169.250000	38.250000	1.010635e+03
	997	514	249.250000	38.500000	1.012300e+03
	977	515	244.250000	38.750000	1.014583e+03
	1000	515	250.000000	38.750000	1.011218e+03
	967	516	241.750000	39.000000	1.014075e+03
	952	518	238.000000	39.500000	1.014745e+03
	979	518	244.750000	39.500000	1.014555e+03
	989	518	247.250000	39.500000	1.012620e+03
	946	520	236.500000	40.000000	1.016688e+03
	968	520	242.000000	40.000000	1.013090e+03
	988	520	247.000000	40.000000	1.011903e+03
	666	523	166.500000	40.750000	1.012085e+03
	666	524	166.500000	41.000000	1.012085e+03
	971	524	242.750000	41.000000	1.012963e+03
	978	524	244.500000	41.000000	1.015177e+03
	991	524	247.750000	41.000000	1.011148e+03
	932	525	233.000000	41.250000	1.018542e+03
	968	525	242.000000	41.250000	1.012760e+03
	950	527	237.500000	41.750000	1.016443e+03
	930	528	232.500000	42.000000	1.018518e+03
	955	528	238.750000	42.000000	1.016080e+03
	973	528	243.250000	42.000000	1.013403e+03
	995	528	248.750000	42.000000	1.015465e+03
	930	529	232.500000	42.250000	1.018518e+03
	948	530	237.000000	42.500000	1.017130e+03
	969	532	242.250000	43.000000	1.011458e+03
	990	532	247.500000	43.000000	1.014102e+03
	927	534	231.750000	43.500000	1.018445e+03
	951	534	237.750000	43.500000	1.017672e+03
	974	534	243.500000	43.500000	1.009625e+03
	990	535	247.500000	43.750000	1.014153e+03
	956	537	239.000000	44.250000	1.015648e+03
	949	538	237.250000	44.500000	1.017612e+03
	955	539	238.750000	44.750000	1.015458e+03
	963	539	240.750000	44.750000	1.015545e+03
	984	539	246.000000	44.750000	1.015302e+03
	979	540	244.750000	45.000000	1.015047e+03
	804	542	201.000000	45.500000	1.031713e+03
	994	543	248.500000	45.750000	1.014388e+03
	956	544	239.000000	46.000000	1.014415e+03
	972	546	243.000000	46.500000	1.011645e+03
	987	547	246.750000	46.750000	1.013872e+03
	950	551	237.500000	47.750000	1.015720e+03
	967	552	241.750000	48.000000	1.009820e+03
	952	553	238.000000	48.250000	1.015812e+03
	983	553	245.750000	48.250000	1.011000e+03
	974	554	243.500000	48.500000	1.010588e+03
	963	555	240.750000	48.750000	1.010415e+03
	968	555	242.000000	48.750000	1.009475e+03
	999	556	249.750000	49.000000	1.008110e+03
	951	557	237.750000	49.250000	1.015055e+03
	970	557	242.500000	49.250000	1.010003e+03
	992	557	248.000000	49.250000	1.009042e+03
	977	558	244.250000	49.500000	1.009958e+03
	988	558	247.000000	49.500000	1.009050e+03
	942	559	235.500000	49.750000	1.013415e+03
	939	561	234.750000	50.250000	1.012955e+03
	966	561	241.500000	50.250000	1.010835e+03
	963	564	240.750000	51.000000	1.009640e+03
	973	564	243.250000	51.000000	1.012312e+03
	985	565	246.250000	51.250000	1.008935e+03
	954	566	238.500000	51.500000	1.008482e+03
	982	568	245.500000	52.000000	1.008997e+03
	944	569	236.000000	52.250000	1.009273e+03
	979	569	244.750000	52.250000	1.008915e+03
	745	570	186.250000	52.500000	1.008523e+03
	951	570	237.750000	52.500000	1.008240e+03
	938	572	234.500000	53.000000	1.009042e+03
	944	573	236.000000	53.250000	1.008847e+03
	954	573	238.500000	53.250000	1.008708e+03
	936	576	234.000000	54.000000	1.008557e+03
	887	578	221.750000	54.500000	1.000965e+03
	941	579	235.250000	54.750000	1.008052e+03
	929	582	232.250000	55.500000	1.006760e+03
	805	584	201.250000	56.000000	1.015580e+03
	708	585	177.000000	56.250000	1.006872e+03
	924	589	231.000000	57.250000	1.005750e+03
	992	589	248.000000	57.250000	1.006773e+03
	882	590	220.500000	57.500000	1.003550e+03
	938	590	234.500000	57.500000	1.004987e+03
	886	591	221.500000	57.750000	1.003485e+03
	822	592	205.500000	58.000000	1.009880e+03
	872	592	218.000000	58.000000	1.003365e+03
	890	592	222.500000	58.000000	1.003528e+03
	925	592	231.250000	58.000000	1.004850e+03
	954	592	238.500000	58.000000	1.002055e+03
	952	593	238.000000	58.250000	1.002055e+03
	744	594	186.000000	58.500000	1.010085e+03
	876	594	219.000000	58.500000	1.003412e+03
	886	594	221.500000	58.500000	1.003492e+03
	892	596	223.000000	59.000000	1.004352e+03
	917	596	229.250000	59.000000	1.003672e+03
	719	598	179.750000	59.500000	1.009333e+03
	879	599	219.750000	59.750000	1.003693e+03
	986	599	246.500000	59.750000	1.005375e+03
	872	600	218.000000	60.000000	1.003688e+03
	990	600	247.500000	60.000000	1.005312e+03
