2015	5	29	212	21
	831	424	207.750000	16.000000	1.014659e+03
	833	426	208.250000	16.500000	1.014707e+03
	821	434	205.250000	18.500000	1.015134e+03
	800	435	200.000000	18.750000	1.015329e+03
	816	435	204.000000	18.750000	1.015082e+03
	820	436	205.000000	19.000000	1.015192e+03
	826	436	206.500000	19.000000	1.015219e+03
	831	436	207.750000	19.000000	1.015072e+03
	814	438	203.500000	19.500000	1.015154e+03
	815	440	203.750000	20.000000	1.015132e+03
	820	441	205.000000	20.250000	1.015439e+03
	849	442	212.250000	20.500000	1.015742e+03
	829	445	207.250000	21.250000	1.014944e+03
	812	446	203.000000	21.500000	1.015989e+03
	840	449	210.000000	22.250000	1.015292e+03
	843	450	210.750000	22.500000	1.015259e+03
	845	451	211.250000	22.750000	1.015249e+03
	851	452	212.750000	23.000000	1.015297e+03
	862	456	215.500000	24.000000	1.015014e+03
	998	457	249.500000	24.250000	1.010417e+03
	854	459	213.500000	24.750000	1.015769e+03
	995	460	248.750000	25.000000	1.010282e+03
	998	460	249.500000	25.000000	1.010489e+03
	996	464	249.000000	26.000000	1.010272e+03
	866	466	216.500000	26.500000	1.015464e+03
	993	467	248.250000	26.750000	1.009719e+03
	872	469	218.000000	27.250000	1.015554e+03
	882	469	220.500000	27.250000	1.017032e+03
	884	471	221.000000	27.750000	1.017124e+03
	989	471	247.250000	27.750000	1.010364e+03
	864	472	216.000000	28.000000	1.015912e+03
	886	472	221.500000	28.000000	1.017179e+03
	988	474	247.000000	28.500000	1.010457e+03
	998	475	249.500000	28.750000	1.009304e+03
	835	476	208.750000	29.000000	1.017352e+03
	987	476	246.750000	29.000000	1.010489e+03
	993	477	248.250000	29.250000	1.009747e+03
	834	478	208.500000	29.500000	1.017459e+03
	985	478	246.250000	29.500000	1.010007e+03
	877	479	219.250000	29.750000	1.016732e+03
	879	480	219.750000	30.000000	1.016719e+03
	984	480	246.000000	30.000000	1.010447e+03
	869	481	217.250000	30.250000	1.016512e+03
	999	481	249.750000	30.250000	1.010212e+03
	982	482	245.500000	30.500000	1.010457e+03
	992	482	248.000000	30.500000	1.009309e+03
	824	483	206.000000	30.750000	1.016557e+03
	973	483	243.250000	30.750000	1.013894e+03
	981	484	245.250000	31.000000	1.010359e+03
	988	485	247.000000	31.250000	1.010342e+03
	1000	486	250.000000	31.500000	1.010212e+03
	999	488	249.750000	32.000000	1.010447e+03
	995	489	248.750000	32.250000	1.009719e+03
	894	490	223.500000	32.500000	1.015119e+03
	978	491	244.500000	32.750000	1.008739e+03
	988	492	247.000000	33.000000	1.009122e+03
	843	493	210.750000	33.250000	1.015957e+03
	992	493	248.000000	33.250000	1.009074e+03
	998	493	249.500000	33.250000	1.010462e+03
	971	495	242.750000	33.750000	1.011097e+03
	982	495	245.500000	33.750000	1.009042e+03
	897	497	224.250000	34.250000	1.015289e+03
	978	497	244.500000	34.250000	1.009239e+03
	852	499	213.000000	34.750000	1.015487e+03
	872	499	218.000000	34.750000	1.014654e+03
	982	499	245.500000	34.750000	1.009417e+03
	1000	499	250.000000	34.750000	1.012157e+03
	969	500	242.250000	35.000000	1.009772e+03
	972	500	243.000000	35.000000	1.009734e+03
	975	500	243.750000	35.000000	1.008884e+03
	997	500	249.250000	35.000000	1.012177e+03
	988	501	247.000000	35.250000	1.011457e+03
	850	502	212.500000	35.500000	1.015274e+03
	971	503	242.750000	35.750000	1.009332e+03
	975	503	243.750000	35.750000	1.008814e+03
	985	503	246.250000	35.750000	1.010519e+03
	841	504	210.250000	36.000000	1.015502e+03
	962	504	240.500000	36.000000	1.009709e+03
	963	504	240.750000	36.000000	1.009709e+03
	837	505	209.250000	36.250000	1.015364e+03
	956	505	239.000000	36.250000	1.011247e+03
	982	505	245.500000	36.250000	1.008787e+03
	972	506	243.000000	36.500000	1.008364e+03
	988	506	247.000000	36.500000	1.011717e+03
	976	507	244.000000	36.750000	1.010062e+03
	710	508	177.500000	37.000000	1.031269e+03
	994	508	248.500000	37.000000	1.013399e+03
	1000	508	250.000000	37.000000	1.013754e+03
	831	510	207.750000	37.500000	1.014902e+03
	972	510	243.000000	37.500000	1.010279e+03
	997	510	249.250000	37.500000	1.013622e+03
	970	512	242.500000	38.000000	1.010579e+03
	987	512	246.750000	38.000000	1.014527e+03
	997	513	249.250000	38.250000	1.015094e+03
	977	514	244.250000	38.500000	1.013142e+03
	875	515	218.750000	38.750000	1.017094e+03
	1000	515	250.000000	38.750000	1.014757e+03
	967	516	241.750000	39.000000	1.010367e+03
	972	517	243.000000	39.250000	1.013769e+03
	986	517	246.500000	39.250000	1.015657e+03
	990	517	247.500000	39.250000	1.015234e+03
	965	518	241.250000	39.500000	1.009802e+03
	952	519	238.000000	39.750000	1.010154e+03
	959	519	239.750000	39.750000	1.011687e+03
	988	520	247.000000	40.000000	1.015647e+03
	992	520	248.000000	40.000000	1.016682e+03
	950	521	237.500000	40.250000	1.009989e+03
	957	521	239.250000	40.250000	1.011522e+03
	962	521	240.500000	40.250000	1.011102e+03
	986	522	246.500000	40.500000	1.015869e+03
	991	522	247.750000	40.500000	1.016867e+03
	965	524	241.250000	41.000000	1.011062e+03
	978	524	244.500000	41.000000	1.015934e+03
	995	524	248.750000	41.000000	1.017794e+03
	955	525	238.750000	41.250000	1.010389e+03
	999	526	249.750000	41.500000	1.018989e+03
	950	527	237.500000	41.750000	1.010192e+03
	988	527	247.000000	41.750000	1.017394e+03
	991	527	247.750000	41.750000	1.017304e+03
	953	528	238.250000	42.000000	1.010484e+03
	974	528	243.500000	42.000000	1.014662e+03
	966	529	241.500000	42.250000	1.012732e+03
	948	530	237.000000	42.500000	1.010749e+03
	959	531	239.750000	42.750000	1.012077e+03
	969	531	242.250000	42.750000	1.012682e+03
	977	532	244.250000	43.000000	1.012697e+03
	990	532	247.500000	43.000000	1.016789e+03
	996	532	249.000000	43.000000	1.017984e+03
	956	533	239.000000	43.250000	1.011222e+03
	964	533	241.000000	43.250000	1.012744e+03
	974	534	243.500000	43.500000	1.012634e+03
	991	534	247.750000	43.500000	1.017077e+03
	968	535	242.000000	43.750000	1.012819e+03
	972	536	243.000000	44.000000	1.012059e+03
	983	538	245.750000	44.500000	1.016552e+03
	955	539	238.750000	44.750000	1.009547e+03
	999	539	249.750000	44.750000	1.018249e+03
	949	541	237.250000	45.250000	1.012969e+03
	990	541	247.500000	45.250000	1.016827e+03
	996	541	249.000000	45.250000	1.017944e+03
	961	543	240.250000	45.750000	1.009209e+03
	991	544	247.750000	46.000000	1.017034e+03
	959	545	239.750000	46.250000	1.009909e+03
	984	547	246.000000	46.750000	1.014339e+03
	992	548	248.000000	47.000000	1.017142e+03
	982	549	245.500000	47.250000	1.014222e+03
	950	550	237.500000	47.500000	1.012857e+03
	962	552	240.500000	48.000000	1.011229e+03
	952	553	238.000000	48.250000	1.012762e+03
	963	555	240.750000	48.750000	1.011759e+03
	945	556	236.250000	49.000000	1.012129e+03
	942	557	235.500000	49.250000	1.012624e+03
	954	557	238.500000	49.250000	1.012689e+03
	939	559	234.750000	49.750000	1.012367e+03
	966	559	241.500000	49.750000	1.013649e+03
	790	560	197.500000	50.000000	1.018614e+03
	961	560	240.250000	50.000000	1.011437e+03
	949	562	237.250000	50.500000	1.011724e+03
	963	562	240.750000	50.500000	1.011019e+03
	956	563	239.000000	50.750000	1.009567e+03
	987	563	246.750000	50.750000	1.019387e+03
	960	565	240.000000	51.250000	1.010537e+03
	986	565	246.500000	51.250000	1.019394e+03
	970	566	242.500000	51.500000	1.014262e+03
	981	566	245.250000	51.500000	1.019679e+03
	950	567	237.500000	51.750000	1.008559e+03
	788	568	197.000000	52.000000	1.018682e+03
	930	571	232.500000	52.750000	1.014744e+03
	913	572	228.250000	53.000000	1.017839e+03
	925	572	231.250000	53.000000	1.014652e+03
	981	573	245.250000	53.250000	1.021792e+03
	911	574	227.750000	53.500000	1.018072e+03
	912	574	228.000000	53.500000	1.018072e+03
	921	577	230.250000	54.250000	1.015949e+03
	784	580	196.000000	55.000000	1.017262e+03
	917	580	229.250000	55.000000	1.016662e+03
	994	580	248.500000	55.000000	1.024967e+03
	911	581	227.750000	55.250000	1.017389e+03
	916	582	229.000000	55.500000	1.016762e+03
	934	585	233.500000	56.250000	1.019902e+03
	954	585	238.500000	56.250000	1.019272e+03
	801	586	200.250000	56.500000	1.020647e+03
	923	586	230.750000	56.500000	1.018047e+03
	944	586	236.000000	56.500000	1.018729e+03
	908	587	227.000000	56.750000	1.017632e+03
	920	588	230.000000	57.000000	1.017409e+03
	914	589	228.500000	57.250000	1.017882e+03
	938	590	234.500000	57.500000	1.018677e+03
	982	590	245.500000	57.500000	1.024289e+03
	828	591	207.000000	57.750000	1.025077e+03
	898	591	224.500000	57.750000	1.019019e+03
	904	591	226.000000	57.750000	1.018072e+03
	934	591	233.500000	57.750000	1.018607e+03
	904	592	226.000000	58.000000	1.018072e+03
	918	592	229.500000	58.000000	1.017347e+03
	926	592	231.500000	58.000000	1.017952e+03
	996	593	249.000000	58.250000	1.026337e+03
	934	594	233.500000	58.500000	1.018332e+03
	939	594	234.750000	58.500000	1.019467e+03
	704	595	176.000000	58.750000	9.853318e+02
	822	595	205.500000	58.750000	1.023457e+03
	909	595	227.250000	58.750000	1.019112e+03
	898	596	224.500000	59.000000	1.019067e+03
	926	597	231.500000	59.250000	1.019394e+03
	889	598	222.250000	59.500000	1.019492e+03
	979	598	244.750000	59.500000	1.023122e+03
	841	599	210.250000	59.750000	1.022634e+03
	877	599	219.250000	59.750000	1.021367e+03
	894	599	223.500000	59.750000	1.019662e+03
	934	599	233.500000	59.750000	1.019157e+03
	845	600	211.250000	60.000000	1.022287e+03
	911	600	227.750000	60.000000	1.019502e+03
