2015	4	22	139	18
	747	436	186.750000	19.000000	1.013221e+03
	775	436	193.750000	19.000000	1.014134e+03
	815	436	203.750000	19.000000	1.016224e+03
	750	437	187.500000	19.250000	1.013224e+03
	814	438	203.500000	19.500000	1.016114e+03
	751	439	187.750000	19.750000	1.013266e+03
	812	439	203.000000	19.750000	1.016111e+03
	815	440	203.750000	20.000000	1.015886e+03
	821	440	205.250000	20.000000	1.018181e+03
	754	442	188.500000	20.500000	1.013286e+03
	811	442	202.750000	20.500000	1.016274e+03
	773	446	193.250000	21.500000	1.013794e+03
	803	449	200.750000	22.250000	1.016659e+03
	774	460	193.500000	25.000000	1.012059e+03
	775	463	193.750000	25.750000	1.012059e+03
	999	465	249.750000	26.250000	1.012169e+03
	991	467	247.750000	26.750000	1.012189e+03
	990	470	247.500000	27.500000	1.012481e+03
	989	472	247.250000	28.000000	1.012344e+03
	987	474	246.750000	28.500000	1.012329e+03
	997	477	249.250000	29.250000	1.011201e+03
	985	478	246.250000	29.500000	1.011879e+03
	771	481	192.750000	30.250000	1.012069e+03
	999	481	249.750000	30.250000	1.011454e+03
	994	482	248.500000	30.500000	1.010854e+03
	780	483	195.000000	30.750000	1.010356e+03
	776	484	194.000000	31.000000	1.010874e+03
	979	484	244.750000	31.000000	1.010394e+03
	980	486	245.000000	31.500000	1.010364e+03
	984	487	246.000000	31.750000	1.010026e+03
	1000	487	250.000000	31.750000	1.010981e+03
	773	488	193.250000	32.000000	1.011211e+03
	993	490	248.250000	32.500000	1.009844e+03
	687	491	171.750000	32.750000	1.026431e+03
	778	491	194.500000	32.750000	1.010799e+03
	978	491	244.500000	32.750000	1.010169e+03
	984	491	246.000000	32.750000	1.009934e+03
	989	492	247.250000	33.000000	1.009916e+03
	999	492	249.750000	33.000000	1.010339e+03
	777	493	194.250000	33.250000	1.010829e+03
	992	493	248.000000	33.250000	1.009976e+03
	776	495	194.000000	33.750000	1.010906e+03
	980	496	245.000000	34.000000	1.009246e+03
	981	499	245.250000	34.750000	1.008954e+03
	990	499	247.500000	34.750000	1.010434e+03
	962	500	240.500000	35.000000	1.010691e+03
	967	503	241.750000	35.750000	1.009801e+03
	994	503	248.500000	35.750000	1.009191e+03
	982	505	245.500000	36.250000	1.008019e+03
	960	506	240.000000	36.500000	1.010976e+03
	972	506	243.000000	36.500000	1.007996e+03
	965	507	241.250000	36.750000	1.009851e+03
	981	507	245.250000	36.750000	1.008216e+03
	985	508	246.250000	37.000000	1.008004e+03
	991	508	247.750000	37.000000	1.008741e+03
	994	508	248.500000	37.000000	1.008691e+03
	1000	508	250.000000	37.000000	1.008639e+03
	955	509	238.750000	37.250000	1.011544e+03
	972	509	243.000000	37.250000	1.008561e+03
	963	510	240.750000	37.500000	1.009504e+03
	997	510	249.250000	37.500000	1.008244e+03
	981	512	245.250000	38.000000	1.008261e+03
	969	513	242.250000	38.250000	1.008001e+03
	960	514	240.000000	38.500000	1.009386e+03
	997	514	249.250000	38.500000	1.007444e+03
	1000	514	250.000000	38.500000	1.007369e+03
	977	515	244.250000	38.750000	1.008019e+03
	774	516	193.500000	39.000000	1.018529e+03
	988	516	247.000000	39.000000	1.007289e+03
	997	517	249.250000	39.250000	1.007441e+03
	971	518	242.750000	39.500000	1.007559e+03
	675	519	168.750000	39.750000	1.019546e+03
	948	519	237.000000	39.750000	1.010069e+03
	976	519	244.000000	39.750000	1.007364e+03
	970	520	242.500000	40.000000	1.007541e+03
	986	520	246.500000	40.000000	1.005561e+03
	992	520	248.000000	40.000000	1.006609e+03
	998	520	249.500000	40.000000	1.007311e+03
	952	521	238.000000	40.250000	1.009436e+03
	780	522	195.000000	40.500000	1.018349e+03
	983	522	245.750000	40.500000	1.005896e+03
	988	523	247.000000	40.750000	1.005884e+03
	991	523	247.750000	40.750000	1.005706e+03
	1000	524	250.000000	41.000000	1.008409e+03
	784	525	196.000000	41.250000	1.018581e+03
	995	525	248.750000	41.250000	1.006859e+03
	985	526	246.250000	41.500000	1.005994e+03
	991	527	247.750000	41.750000	1.006004e+03
	988	528	247.000000	42.000000	1.005881e+03
	990	532	247.500000	43.000000	1.006074e+03
	827	533	206.750000	43.250000	1.024466e+03
	987	534	246.750000	43.500000	1.006479e+03
	993	535	248.250000	43.750000	1.006001e+03
	981	537	245.250000	44.250000	1.007519e+03
	992	542	248.000000	45.500000	1.006504e+03
	971	544	242.750000	46.000000	1.016486e+03
	994	544	248.500000	46.000000	1.006259e+03
	957	546	239.250000	46.500000	1.017524e+03
	948	549	237.000000	47.250000	1.021549e+03
	1000	549	250.000000	47.250000	1.005859e+03
	947	551	236.750000	47.750000	1.020754e+03
	992	551	248.000000	47.750000	1.004764e+03
	968	554	242.000000	48.500000	1.012206e+03
	944	556	236.000000	49.000000	1.020354e+03
	938	560	234.500000	50.000000	1.020081e+03
	954	562	238.500000	50.500000	1.015516e+03
	950	564	237.500000	51.000000	1.014449e+03
	955	564	238.750000	51.000000	1.015859e+03
	934	565	233.500000	51.250000	1.020731e+03
	982	566	245.500000	51.500000	1.000101e+03
	980	568	245.000000	52.000000	9.989988e+02
	944	570	236.000000	52.500000	1.014766e+03
	978	570	244.500000	52.500000	9.984363e+02
	975	571	243.750000	52.750000	9.983337e+02
	874	575	218.500000	53.750000	9.989313e+02
	844	576	211.000000	54.000000	9.894938e+02
	975	579	243.750000	54.750000	1.001334e+03
	947	580	236.750000	55.000000	1.011314e+03
	669	581	167.250000	55.250000	9.708688e+02
	917	581	229.250000	55.250000	1.017479e+03
	950	582	237.500000	55.500000	1.010654e+03
	941	584	235.250000	56.000000	1.012251e+03
	946	587	236.500000	56.750000	1.010514e+03
	952	588	238.000000	57.000000	1.010944e+03
	916	591	229.000000	57.750000	1.017696e+03
	922	591	230.500000	57.750000	1.017334e+03
	928	591	232.000000	57.750000	1.016864e+03
	812	593	203.000000	58.250000	1.010466e+03
	912	593	228.000000	58.250000	1.018071e+03
	933	594	233.250000	58.500000	1.015419e+03
	888	595	222.000000	58.750000	1.015844e+03
	908	595	227.000000	58.750000	1.018581e+03
	950	595	237.500000	58.750000	1.010734e+03
	803	597	200.750000	59.250000	1.011439e+03
	974	597	243.500000	59.250000	1.008579e+03
	907	598	226.750000	59.500000	1.018619e+03
	876	599	219.000000	59.750000	1.016046e+03
	909	600	227.250000	60.000000	1.017856e+03
	947	600	236.750000	60.000000	1.010234e+03
