2014	10	5	218	0
	695	421	173.750000	15.250000	1.012630e+03
	681	423	170.250000	15.750000	1.012820e+03
	816	434	204.000000	18.500000	1.011295e+03
	815	436	203.750000	19.000000	1.011360e+03
	820	436	205.000000	19.000000	1.011443e+03
	814	438	203.500000	19.500000	1.011425e+03
	812	439	203.000000	19.750000	1.011477e+03
	815	440	203.750000	20.000000	1.011295e+03
	685	441	171.250000	20.250000	1.013630e+03
	728	441	182.000000	20.250000	1.013318e+03
	820	441	205.000000	20.250000	1.011555e+03
	685	442	171.250000	20.500000	1.013630e+03
	811	442	202.750000	20.500000	1.011573e+03
	818	442	204.500000	20.500000	1.011448e+03
	704	443	176.000000	20.750000	1.013852e+03
	707	443	176.750000	20.750000	1.013840e+03
	821	443	205.250000	20.750000	1.011845e+03
	688	444	172.000000	21.000000	1.013640e+03
	689	444	172.250000	21.000000	1.013640e+03
	690	444	172.500000	21.000000	1.013640e+03
	810	444	202.500000	21.000000	1.011747e+03
	814	444	203.500000	21.000000	1.011328e+03
	977	445	244.250000	21.250000	9.923050e+02
	743	446	185.750000	21.500000	1.012780e+03
	802	446	200.500000	21.500000	1.012055e+03
	812	446	203.000000	21.500000	1.011815e+03
	704	447	176.000000	21.750000	1.013878e+03
	745	447	186.250000	21.750000	1.012758e+03
	809	447	202.250000	21.750000	1.011925e+03
	709	449	177.250000	22.250000	1.013818e+03
	723	449	180.750000	22.250000	1.013650e+03
	724	449	181.000000	22.250000	1.013650e+03
	803	449	200.750000	22.250000	1.012237e+03
	755	454	188.750000	23.500000	1.012495e+03
	751	455	187.750000	23.750000	1.012525e+03
	769	455	192.250000	23.750000	1.012753e+03
	774	455	193.500000	23.750000	1.012720e+03
	760	457	190.000000	24.250000	1.012500e+03
	998	457	249.500000	24.250000	1.011203e+03
	747	458	186.750000	24.500000	1.012547e+03
	769	462	192.250000	25.500000	1.012128e+03
	998	462	249.500000	25.500000	1.010790e+03
	996	464	249.000000	26.000000	1.010695e+03
	985	466	246.250000	26.500000	1.010847e+03
	978	467	244.500000	26.750000	1.010657e+03
	995	470	248.750000	27.500000	1.010625e+03
	907	471	226.750000	27.750000	1.016312e+03
	985	471	246.250000	27.750000	1.009525e+03
	993	471	248.250000	27.750000	1.010645e+03
	998	473	249.500000	28.250000	1.010385e+03
	982	474	245.500000	28.500000	1.010477e+03
	988	475	247.000000	28.750000	1.010380e+03
	994	476	248.500000	29.000000	1.010195e+03
	787	477	196.750000	29.250000	1.010487e+03
	986	477	246.500000	29.250000	1.010407e+03
	998	477	249.500000	29.250000	1.010102e+03
	988	479	247.000000	29.750000	1.010375e+03
	797	480	199.250000	30.000000	1.010270e+03
	793	481	198.250000	30.250000	1.010430e+03
	672	482	168.000000	30.500000	1.018177e+03
	992	482	248.000000	30.500000	1.010195e+03
	660	483	165.000000	30.750000	1.017670e+03
	975	483	243.750000	30.750000	1.010907e+03
	800	484	200.000000	31.000000	1.010023e+03
	924	484	231.000000	31.000000	1.015585e+03
	928	484	232.000000	31.000000	1.015590e+03
	973	486	243.250000	31.500000	1.010980e+03
	804	487	201.000000	31.750000	1.009105e+03
	1000	487	250.000000	31.750000	1.011677e+03
	807	489	201.750000	32.250000	1.009835e+03
	979	489	244.750000	32.250000	1.008888e+03
	993	490	248.250000	32.500000	1.009602e+03
	808	491	202.000000	32.750000	1.010088e+03
	978	491	244.500000	32.750000	1.008880e+03
	981	491	245.250000	32.750000	1.008840e+03
	985	491	246.250000	32.750000	1.008922e+03
	988	492	247.000000	33.000000	1.008958e+03
	969	493	242.250000	33.250000	1.010055e+03
	998	493	249.500000	33.250000	1.011628e+03
	805	494	201.250000	33.500000	1.011422e+03
	991	494	247.750000	33.500000	1.009315e+03
	967	495	241.750000	33.750000	1.010073e+03
	971	495	242.750000	33.750000	1.009958e+03
	982	495	245.500000	33.750000	1.009215e+03
	820	496	205.000000	34.000000	1.012000e+03
	961	496	240.250000	34.000000	1.010670e+03
	979	497	244.750000	34.250000	1.010050e+03
	826	499	206.500000	34.750000	1.012270e+03
	958	499	239.500000	34.750000	1.010312e+03
	1000	499	250.000000	34.750000	1.013640e+03
	970	500	242.500000	35.000000	1.011838e+03
	976	500	244.000000	35.000000	1.010823e+03
	990	500	247.500000	35.000000	1.012860e+03
	996	501	249.000000	35.250000	1.013302e+03
	963	502	240.750000	35.500000	1.011395e+03
	971	503	242.750000	35.750000	1.011972e+03
	975	503	243.750000	35.750000	1.011323e+03
	962	504	240.500000	36.000000	1.011295e+03
	982	505	245.500000	36.250000	1.012083e+03
	988	505	247.000000	36.250000	1.013737e+03
	972	506	243.000000	36.500000	1.011800e+03
	831	508	207.750000	37.000000	1.011888e+03
	953	508	238.250000	37.000000	1.012635e+03
	958	508	239.500000	37.000000	1.011612e+03
	993	508	248.250000	37.000000	1.013542e+03
	832	510	208.000000	37.500000	1.011903e+03
	997	510	249.250000	37.500000	1.013835e+03
	987	512	246.750000	38.000000	1.016960e+03
	970	513	242.500000	38.250000	1.015078e+03
	974	513	243.500000	38.250000	1.015177e+03
	997	514	249.250000	38.500000	1.014097e+03
	984	515	246.000000	38.750000	1.018112e+03
	953	516	238.250000	39.000000	1.012195e+03
	967	516	241.750000	39.000000	1.016645e+03
	988	516	247.000000	39.000000	1.017568e+03
	998	517	249.500000	39.250000	1.014530e+03
	986	518	246.500000	39.500000	1.017800e+03
	989	518	247.250000	39.500000	1.017355e+03
	952	519	238.000000	39.750000	1.011713e+03
	966	519	241.500000	39.750000	1.017135e+03
	944	520	236.000000	40.000000	1.014920e+03
	969	520	242.250000	40.000000	1.017000e+03
	961	521	240.250000	40.250000	1.017367e+03
	942	522	235.500000	40.500000	1.015182e+03
	973	522	243.250000	40.500000	1.018340e+03
	986	522	246.500000	40.500000	1.017860e+03
	667	524	166.750000	41.000000	1.001910e+03
	964	524	241.000000	41.000000	1.018453e+03
	978	524	244.500000	41.000000	1.018593e+03
	985	525	246.250000	41.250000	1.017823e+03
	967	526	241.750000	41.500000	1.018915e+03
	670	527	167.500000	41.750000	1.001380e+03
	950	527	237.500000	41.750000	1.016765e+03
	988	528	247.000000	42.000000	1.018198e+03
	995	528	248.750000	42.000000	1.019240e+03
	942	529	235.500000	42.250000	1.014375e+03
	974	529	243.500000	42.250000	1.019570e+03
	991	529	247.750000	42.250000	1.018170e+03
	948	530	237.000000	42.500000	1.016102e+03
	967	530	241.750000	42.500000	1.018898e+03
	849	532	212.250000	43.000000	1.009540e+03
	977	532	244.250000	43.000000	1.017972e+03
	946	533	236.500000	43.250000	1.016862e+03
	957	533	239.250000	43.250000	1.018550e+03
	984	533	246.000000	43.250000	1.016628e+03
	997	533	249.250000	43.250000	1.019045e+03
	954	534	238.500000	43.500000	1.018792e+03
	987	534	246.750000	43.500000	1.016597e+03
	967	535	241.750000	43.750000	1.017375e+03
	972	535	243.000000	43.750000	1.018153e+03
	998	535	249.500000	43.750000	1.019107e+03
	992	538	248.000000	44.500000	1.017763e+03
	955	539	238.750000	44.750000	1.017718e+03
	962	539	240.500000	44.750000	1.018600e+03
	969	539	242.250000	44.750000	1.018157e+03
	984	539	246.000000	44.750000	1.018312e+03
	956	543	239.000000	45.750000	1.017443e+03
	960	543	240.000000	45.750000	1.016747e+03
	994	544	248.500000	46.000000	1.013578e+03
	959	545	239.750000	46.250000	1.017170e+03
	930	546	232.500000	46.500000	1.020535e+03
	972	546	243.000000	46.500000	1.017720e+03
	995	546	248.750000	46.500000	1.014003e+03
	968	547	242.000000	46.750000	1.017590e+03
	987	547	246.750000	46.750000	1.015797e+03
	950	549	237.500000	47.250000	1.020130e+03
	982	551	245.500000	47.750000	1.015763e+03
	961	552	240.250000	48.000000	1.018335e+03
	971	552	242.750000	48.000000	1.017640e+03
	946	553	236.500000	48.250000	1.020893e+03
	983	553	245.750000	48.250000	1.015450e+03
	998	553	249.500000	48.250000	1.010665e+03
	739	554	184.750000	48.500000	1.019755e+03
	934	554	233.500000	48.500000	1.019862e+03
	949	554	237.250000	48.500000	1.020885e+03
	917	555	229.250000	48.750000	1.019737e+03
	931	555	232.750000	48.750000	1.019847e+03
	955	555	238.750000	48.750000	1.021607e+03
	962	555	240.500000	48.750000	1.018278e+03
	968	555	242.000000	48.750000	1.017655e+03
	949	556	237.250000	49.000000	1.020895e+03
	941	557	235.250000	49.250000	1.021008e+03
	944	558	236.000000	49.500000	1.021018e+03
	977	558	244.250000	49.500000	1.015240e+03
	926	560	231.500000	50.000000	1.019530e+03
	962	560	240.500000	50.000000	1.018070e+03
	977	561	244.250000	50.250000	1.015162e+03
	988	561	247.000000	50.250000	1.009480e+03
	958	562	239.500000	50.500000	1.017755e+03
	930	563	232.500000	50.750000	1.019540e+03
	928	565	232.000000	51.250000	1.019610e+03
	837	566	209.250000	51.500000	9.977425e+02
	952	566	238.000000	51.500000	1.015395e+03
	987	566	246.750000	51.500000	1.009862e+03
	660	567	165.000000	51.750000	9.799725e+02
	928	569	232.000000	52.250000	1.019528e+03
	911	575	227.750000	53.750000	1.018050e+03
	956	575	239.000000	53.750000	1.015987e+03
	943	578	235.750000	54.500000	1.014782e+03
	941	580	235.250000	55.000000	1.014735e+03
	988	580	247.000000	55.000000	1.008532e+03
	849	581	212.250000	55.250000	1.003610e+03
	934	581	233.500000	55.250000	1.015232e+03
	739	582	184.750000	55.500000	1.020135e+03
	910	583	227.500000	55.750000	1.017393e+03
	926	583	231.500000	55.750000	1.016838e+03
	805	584	201.250000	56.000000	1.006797e+03
	934	584	233.500000	56.000000	1.015278e+03
	975	586	243.750000	56.500000	1.008602e+03
	968	588	242.000000	57.000000	1.008047e+03
	830	590	207.500000	57.500000	1.001215e+03
	986	590	246.500000	57.500000	1.011125e+03
	964	591	241.000000	57.750000	1.007855e+03
	822	592	205.500000	58.000000	1.001955e+03
	841	599	210.250000	59.750000	9.995425e+02
	845	599	211.250000	59.750000	9.994975e+02
	977	599	244.250000	59.750000	1.008645e+03
	836	600	209.000000	60.000000	9.992650e+02
