2015	8	13	226	18
	687	423	171.750000	15.750000	1.010179e+03
	684	425	171.000000	16.250000	1.010256e+03
	752	425	188.000000	16.250000	1.011431e+03
	748	426	187.000000	16.500000	1.011431e+03
	823	426	205.750000	16.500000	1.009246e+03
	908	428	227.000000	17.000000	1.013619e+03
	886	435	221.500000	18.750000	1.012891e+03
	812	436	203.000000	19.000000	1.012846e+03
	815	436	203.750000	19.000000	1.012809e+03
	814	438	203.500000	19.500000	1.012721e+03
	815	440	203.750000	20.000000	1.012681e+03
	820	441	205.000000	20.250000	1.014421e+03
	817	442	204.250000	20.500000	1.014114e+03
	999	452	249.750000	23.000000	1.011909e+03
	757	456	189.250000	24.000000	1.014349e+03
	998	458	249.500000	24.500000	1.011359e+03
	993	462	248.250000	25.500000	1.011066e+03
	721	463	180.250000	25.750000	1.015319e+03
	722	463	180.500000	25.750000	1.015319e+03
	723	463	180.750000	25.750000	1.015319e+03
	996	464	249.000000	26.000000	1.010954e+03
	990	465	247.500000	26.250000	1.011016e+03
	995	466	248.750000	26.500000	1.011166e+03
	988	468	247.000000	27.000000	1.010919e+03
	1000	469	250.000000	27.250000	1.010876e+03
	992	470	248.000000	27.500000	1.011361e+03
	986	471	246.500000	27.750000	1.011826e+03
	990	472	247.500000	28.000000	1.011271e+03
	997	472	249.250000	28.000000	1.011299e+03
	911	473	227.750000	28.250000	1.020376e+03
	984	473	246.000000	28.250000	1.012261e+03
	914	474	228.500000	28.500000	1.020361e+03
	916	475	229.000000	28.750000	1.020371e+03
	983	475	245.750000	28.750000	1.012476e+03
	988	475	247.000000	28.750000	1.011321e+03
	918	476	229.500000	29.000000	1.020384e+03
	993	476	248.250000	29.000000	1.010631e+03
	921	478	230.250000	29.500000	1.020381e+03
	979	478	244.750000	29.500000	1.012776e+03
	990	478	247.500000	29.500000	1.010981e+03
	820	479	205.000000	29.750000	1.021476e+03
	984	480	246.000000	30.000000	1.011516e+03
	819	481	204.750000	30.250000	1.021346e+03
	977	481	244.250000	30.250000	1.012919e+03
	982	483	245.500000	30.750000	1.011484e+03
	988	483	247.000000	30.750000	1.010994e+03
	975	484	243.750000	31.000000	1.012586e+03
	987	485	246.750000	31.250000	1.011049e+03
	973	486	243.250000	31.500000	1.013114e+03
	1000	487	250.000000	31.750000	1.016301e+03
	991	488	247.750000	32.000000	1.012706e+03
	979	489	244.750000	32.250000	1.010824e+03
	995	489	248.750000	32.250000	1.012681e+03
	978	491	244.500000	32.750000	1.010514e+03
	986	491	246.500000	32.750000	1.011201e+03
	972	492	243.000000	33.000000	1.013164e+03
	993	493	248.250000	33.250000	1.011539e+03
	981	494	245.250000	33.500000	1.011211e+03
	800	495	200.000000	33.750000	1.023164e+03
	971	495	242.750000	33.750000	1.012761e+03
	967	496	241.750000	34.000000	1.013336e+03
	962	497	240.500000	34.250000	1.013466e+03
	708	499	177.000000	34.750000	1.013871e+03
	1000	499	250.000000	34.750000	1.018006e+03
	975	500	243.750000	35.000000	1.012531e+03
	996	501	249.000000	35.250000	1.018449e+03
	971	503	242.750000	35.750000	1.013419e+03
	975	503	243.750000	35.750000	1.012541e+03
	963	504	240.750000	36.000000	1.014896e+03
	990	504	247.500000	36.000000	1.018704e+03
	956	505	239.000000	36.250000	1.016069e+03
	960	505	240.000000	36.250000	1.015074e+03
	982	505	245.500000	36.250000	1.013066e+03
	972	506	243.000000	36.500000	1.012949e+03
	962	507	240.500000	36.750000	1.015209e+03
	989	507	247.250000	36.750000	1.017944e+03
	716	508	179.000000	37.000000	1.012756e+03
	995	508	248.750000	37.000000	1.018449e+03
	1000	508	250.000000	37.000000	1.018879e+03
	997	510	249.250000	37.500000	1.018186e+03
	986	511	246.500000	37.750000	1.018601e+03
	721	512	180.250000	38.000000	1.012701e+03
	934	512	233.500000	38.000000	1.017301e+03
	969	512	242.250000	38.000000	1.015956e+03
	957	513	239.250000	38.250000	1.016266e+03
	997	513	249.250000	38.250000	1.019566e+03
	1000	515	250.000000	38.750000	1.018866e+03
	966	516	241.500000	39.000000	1.014496e+03
	682	517	170.500000	39.250000	1.007566e+03
	930	517	232.500000	39.250000	1.017526e+03
	989	517	247.250000	39.250000	1.017696e+03
	966	518	241.500000	39.500000	1.014586e+03
	948	519	237.000000	39.750000	1.015871e+03
	952	519	238.000000	39.750000	1.014996e+03
	961	519	240.250000	39.750000	1.015849e+03
	755	520	188.750000	40.000000	1.019636e+03
	948	522	237.000000	40.500000	1.015736e+03
	951	522	237.750000	40.500000	1.014991e+03
	967	522	241.750000	40.500000	1.015296e+03
	985	522	246.250000	40.500000	1.016684e+03
	761	523	190.250000	40.750000	1.019719e+03
	972	523	243.000000	40.750000	1.015201e+03
	988	523	247.000000	40.750000	1.017274e+03
	991	523	247.750000	40.750000	1.017724e+03
	946	524	236.500000	41.000000	1.015419e+03
	955	524	238.750000	41.000000	1.015526e+03
	965	524	241.250000	41.000000	1.015466e+03
	969	524	242.250000	41.000000	1.015079e+03
	978	524	244.500000	41.000000	1.017266e+03
	995	525	248.750000	41.250000	1.020274e+03
	765	526	191.250000	41.500000	1.019884e+03
	1000	526	250.000000	41.500000	1.020444e+03
	947	527	236.750000	41.750000	1.015271e+03
	950	527	237.500000	41.750000	1.015234e+03
	988	527	247.000000	41.750000	1.018111e+03
	991	527	247.750000	41.750000	1.018154e+03
	948	530	237.000000	42.500000	1.014699e+03
	969	531	242.250000	42.750000	1.013279e+03
	988	532	247.000000	43.000000	1.016729e+03
	950	533	237.500000	43.250000	1.015274e+03
	957	533	239.250000	43.250000	1.015451e+03
	928	535	232.000000	43.750000	1.017299e+03
	973	535	243.250000	43.750000	1.011764e+03
	997	535	249.250000	43.750000	1.021166e+03
	955	537	238.750000	44.250000	1.013586e+03
	781	539	195.250000	44.750000	1.021366e+03
	959	539	239.750000	44.750000	1.013711e+03
	965	539	241.250000	44.750000	1.013644e+03
	971	539	242.750000	44.750000	1.013494e+03
	990	541	247.500000	45.250000	1.018226e+03
	969	542	242.250000	45.500000	1.012959e+03
	998	543	249.500000	45.750000	1.018039e+03
	993	544	248.250000	46.000000	1.016951e+03
	976	545	244.000000	46.250000	1.012696e+03
	963	546	240.750000	46.500000	1.011411e+03
	967	546	241.750000	46.500000	1.012004e+03
	972	546	243.000000	46.500000	1.012481e+03
	939	547	234.750000	46.750000	1.017029e+03
	984	547	246.000000	46.750000	1.014174e+03
	797	548	199.250000	47.000000	1.022289e+03
	962	548	240.500000	47.000000	1.011424e+03
	692	550	173.000000	47.500000	1.010214e+03
	950	550	237.500000	47.500000	1.015981e+03
	982	550	245.500000	47.500000	1.013301e+03
	800	551	200.000000	47.750000	1.022351e+03
	978	551	244.500000	47.750000	1.013219e+03
	938	552	234.500000	48.000000	1.016919e+03
	805	553	201.250000	48.250000	1.022309e+03
	962	553	240.500000	48.250000	1.011649e+03
	973	553	243.250000	48.250000	1.012541e+03
	992	553	248.000000	48.250000	1.012131e+03
	954	554	238.500000	48.500000	1.015694e+03
	963	555	240.750000	48.750000	1.011889e+03
	968	555	242.000000	48.750000	1.011904e+03
	975	555	243.750000	48.750000	1.012651e+03
	945	556	236.250000	49.000000	1.015564e+03
	950	556	237.500000	49.000000	1.015819e+03
	717	557	179.250000	49.250000	1.008599e+03
	977	558	244.250000	49.500000	1.012714e+03
	969	559	242.250000	49.750000	1.012959e+03
	941	560	235.250000	50.000000	1.015779e+03
	946	560	236.500000	50.000000	1.016116e+03
	968	561	242.000000	50.250000	1.012476e+03
	977	561	244.250000	50.250000	1.013364e+03
	999	561	249.750000	50.250000	1.011284e+03
	832	562	208.000000	50.500000	1.020991e+03
	963	562	240.750000	50.500000	1.011776e+03
	985	562	246.250000	50.500000	1.010446e+03
	956	563	239.000000	50.750000	1.012324e+03
	973	564	243.250000	51.000000	1.013206e+03
	996	564	249.000000	51.000000	1.011126e+03
	952	566	238.000000	51.500000	1.012251e+03
	960	566	240.000000	51.500000	1.012366e+03
	970	566	242.500000	51.500000	1.012854e+03
	713	567	178.250000	51.750000	1.008604e+03
	800	569	200.000000	52.250000	1.023076e+03
	965	569	241.250000	52.250000	1.013026e+03
	951	570	237.750000	52.500000	1.012804e+03
	963	571	240.750000	52.750000	1.012474e+03
	979	571	244.750000	52.750000	1.008959e+03
	985	571	246.250000	52.750000	1.009179e+03
	938	573	234.500000	53.250000	1.014896e+03
	974	573	243.500000	53.250000	1.009554e+03
	977	574	244.250000	53.500000	1.009564e+03
	965	577	241.250000	54.250000	1.010991e+03
	950	578	237.500000	54.500000	1.013449e+03
	991	578	247.750000	54.500000	1.009069e+03
	988	579	247.000000	54.750000	1.008959e+03
	947	581	236.750000	55.250000	1.013056e+03
	804	584	201.000000	56.000000	1.021114e+03
	916	585	229.000000	56.250000	1.019139e+03
	990	585	247.500000	56.250000	1.009744e+03
	811	586	202.750000	56.500000	1.021156e+03
	815	587	203.750000	56.750000	1.021064e+03
	816	587	204.000000	56.750000	1.021064e+03
	902	589	225.500000	57.250000	1.020256e+03
	938	589	234.500000	57.250000	1.012479e+03
	898	591	224.500000	57.750000	1.020384e+03
	926	591	231.500000	57.750000	1.016711e+03
	948	591	237.000000	57.750000	1.009609e+03
	822	592	205.500000	58.000000	1.019876e+03
	906	592	226.500000	58.000000	1.020189e+03
	914	592	228.500000	58.000000	1.018059e+03
	978	593	244.500000	58.250000	1.006829e+03
	984	593	246.000000	58.250000	1.006889e+03
	994	593	248.500000	58.250000	1.007651e+03
	824	594	206.000000	58.500000	1.019481e+03
	886	594	221.500000	58.500000	1.020151e+03
	890	594	222.500000	58.500000	1.020229e+03
	781	595	195.250000	58.750000	1.020411e+03
	897	595	224.250000	58.750000	1.020561e+03
	942	595	235.500000	58.750000	1.009811e+03
	972	595	243.000000	58.750000	1.006631e+03
	806	596	201.500000	59.000000	1.019509e+03
	884	596	221.000000	59.000000	1.020154e+03
	892	596	223.000000	59.000000	1.020361e+03
	843	598	210.750000	59.500000	1.018644e+03
	864	598	216.000000	59.500000	1.019189e+03
	870	598	217.500000	59.500000	1.019386e+03
	811	599	202.750000	59.750000	1.019661e+03
	830	599	207.500000	59.750000	1.018749e+03
	849	599	212.250000	59.750000	1.018844e+03
	853	599	213.250000	59.750000	1.018869e+03
	898	599	224.500000	59.750000	1.020196e+03
	819	600	204.750000	60.000000	1.019526e+03
	836	600	209.000000	60.000000	1.018426e+03
