2015	2	27	149	15
	868	424	217.000000	16.000000	1.013679e+03
	1000	436	250.000000	19.000000	1.012759e+03
	814	438	203.500000	19.500000	1.013004e+03
	999	438	249.750000	19.500000	1.012766e+03
	821	440	205.250000	20.000000	1.013484e+03
	966	440	241.500000	20.000000	1.014584e+03
	816	441	204.000000	20.250000	1.012969e+03
	818	442	204.500000	20.500000	1.012946e+03
	817	444	204.250000	21.000000	1.013196e+03
	815	445	203.750000	21.250000	1.013346e+03
	811	446	202.750000	21.500000	1.013484e+03
	806	447	201.500000	21.750000	1.013634e+03
	813	447	203.250000	21.750000	1.013481e+03
	813	450	203.250000	22.500000	1.013529e+03
	808	451	202.000000	22.750000	1.013506e+03
	812	459	203.000000	24.750000	1.014149e+03
	802	466	200.500000	26.500000	1.014289e+03
	807	468	201.750000	27.000000	1.014351e+03
	807	469	201.750000	27.250000	1.014351e+03
	983	472	245.750000	28.000000	1.012009e+03
	725	473	181.250000	28.250000	1.025794e+03
	988	475	247.000000	28.750000	1.009016e+03
	976	479	244.000000	29.750000	1.011666e+03
	992	481	248.000000	30.250000	1.008866e+03
	982	484	245.500000	31.000000	1.006256e+03
	979	488	244.750000	32.000000	1.006479e+03
	978	490	244.500000	32.500000	1.006519e+03
	982	490	245.500000	32.500000	1.006449e+03
	988	491	247.000000	32.750000	1.006929e+03
	861	492	215.250000	33.000000	1.025886e+03
	967	492	241.750000	33.000000	1.009309e+03
	981	493	245.250000	33.250000	1.006334e+03
	963	495	240.750000	33.750000	1.009489e+03
	984	495	246.000000	33.750000	1.006286e+03
	810	496	202.500000	34.000000	1.013741e+03
	985	497	246.250000	34.250000	1.006374e+03
	962	498	240.500000	34.500000	1.009139e+03
	1000	498	250.000000	34.500000	1.008046e+03
	970	499	242.500000	34.750000	1.008864e+03
	996	499	249.000000	34.750000	1.007549e+03
	860	500	215.000000	35.000000	1.027051e+03
	955	502	238.750000	35.500000	1.011426e+03
	960	502	240.000000	35.500000	1.010594e+03
	992	502	248.000000	35.500000	1.007779e+03
	974	503	243.500000	35.750000	1.007254e+03
	998	503	249.500000	35.750000	1.010409e+03
	953	504	238.250000	36.000000	1.011924e+03
	963	504	240.750000	36.000000	1.010689e+03
	968	505	242.000000	36.250000	1.008394e+03
	979	505	244.750000	36.250000	1.008321e+03
	984	505	246.000000	36.250000	1.008101e+03
	856	507	214.000000	36.750000	1.027229e+03
	962	507	240.500000	36.750000	1.010889e+03
	952	508	238.000000	37.000000	1.011834e+03
	958	508	239.500000	37.000000	1.010911e+03
	980	509	245.000000	37.250000	1.008571e+03
	988	509	247.000000	37.250000	1.010529e+03
	691	511	172.750000	37.750000	1.031009e+03
	965	511	241.250000	37.750000	1.008091e+03
	995	512	248.750000	38.000000	1.012821e+03
	1000	512	250.000000	38.000000	1.012804e+03
	869	514	217.250000	38.500000	1.029524e+03
	796	516	199.000000	39.000000	1.014326e+03
	963	516	240.750000	39.000000	1.008229e+03
	999	516	249.750000	39.000000	1.014041e+03
	986	517	246.500000	39.250000	1.012614e+03
	965	518	241.250000	39.500000	1.008079e+03
	952	519	238.000000	39.750000	1.009279e+03
	982	520	245.500000	40.000000	1.011196e+03
	961	521	240.250000	40.250000	1.008476e+03
	951	523	237.750000	40.750000	1.009076e+03
	969	523	242.250000	40.750000	1.008371e+03
	997	523	249.250000	40.750000	1.015361e+03
	965	524	241.250000	41.000000	1.008589e+03
	988	524	247.000000	41.000000	1.011871e+03
	984	525	246.000000	41.250000	1.011689e+03
	791	526	197.750000	41.500000	1.014479e+03
	954	527	238.500000	41.750000	1.009314e+03
	967	529	241.750000	42.250000	1.008456e+03
	985	529	246.250000	42.250000	1.011396e+03
	748	530	187.000000	42.500000	1.000426e+03
	798	530	199.500000	42.500000	1.014226e+03
	947	530	236.750000	42.500000	1.010834e+03
	977	530	244.250000	42.500000	1.010191e+03
	960	532	240.000000	43.000000	1.008074e+03
	966	533	241.500000	43.250000	1.008151e+03
	971	534	242.750000	43.500000	1.008544e+03
	991	534	247.750000	43.500000	1.014144e+03
	861	536	215.250000	44.000000	1.029796e+03
	956	536	239.000000	44.000000	1.006876e+03
	963	538	240.750000	44.500000	1.007454e+03
	973	538	243.250000	44.500000	1.009256e+03
	991	539	247.750000	44.750000	1.015161e+03
	957	541	239.250000	45.250000	1.006309e+03
	994	541	248.500000	45.250000	1.016046e+03
	961	542	240.250000	45.500000	1.006524e+03
	975	543	243.750000	45.750000	1.009941e+03
	985	544	246.250000	46.000000	1.013659e+03
	999	545	249.750000	46.250000	1.020269e+03
	954	546	238.500000	46.500000	1.006691e+03
	998	548	249.500000	47.000000	1.018884e+03
	942	549	235.500000	47.250000	1.004801e+03
	950	549	237.500000	47.250000	1.005524e+03
	993	549	248.250000	47.250000	1.021861e+03
	792	550	198.000000	47.500000	1.015651e+03
	793	551	198.250000	47.750000	1.015651e+03
	984	551	246.000000	47.750000	1.015846e+03
	949	554	237.250000	48.500000	1.007314e+03
	995	555	248.750000	48.750000	1.025191e+03
	1000	558	250.000000	49.500000	1.024836e+03
	985	559	246.250000	49.750000	1.025351e+03
	795	560	198.750000	50.000000	1.015041e+03
	780	561	195.000000	50.250000	1.016109e+03
	990	561	247.500000	50.250000	1.025814e+03
	1000	562	250.000000	50.500000	1.026141e+03
	931	565	232.750000	51.250000	1.010886e+03
	1000	569	250.000000	52.250000	1.026691e+03
	974	574	243.500000	53.500000	1.029636e+03
	980	576	245.000000	54.000000	1.029204e+03
	961	579	240.250000	54.750000	1.030306e+03
	956	583	239.000000	55.750000	1.031206e+03
	798	585	199.500000	56.250000	1.025121e+03
	944	585	236.000000	56.250000	1.028964e+03
	984	586	246.000000	56.500000	1.030391e+03
	965	588	241.250000	57.000000	1.030706e+03
	986	590	246.500000	57.500000	1.029861e+03
	946	591	236.500000	57.750000	1.027374e+03
	970	591	242.500000	57.750000	1.029601e+03
	978	591	244.500000	57.750000	1.029289e+03
	962	593	240.500000	58.250000	1.028654e+03
	902	594	225.500000	58.500000	1.029504e+03
	944	594	236.000000	58.500000	1.026616e+03
	949	594	237.250000	58.500000	1.026996e+03
	967	594	241.750000	58.500000	1.028861e+03
	818	595	204.500000	58.750000	1.029631e+03
	886	595	221.500000	58.750000	1.029399e+03
	917	595	229.250000	58.750000	1.034426e+03
	953	595	238.250000	58.750000	1.027359e+03
	890	596	222.500000	59.000000	1.028554e+03
	883	597	220.750000	59.250000	1.029846e+03
	956	597	239.000000	59.250000	1.027059e+03
	836	598	209.000000	59.500000	1.029924e+03
	909	598	227.250000	59.500000	1.033634e+03
	928	598	232.000000	59.500000	1.030626e+03
	922	599	230.500000	59.750000	1.031024e+03
	949	599	237.250000	59.750000	1.026509e+03
	817	600	204.250000	60.000000	1.030796e+03
	839	600	209.750000	60.000000	1.029071e+03
	896	600	224.000000	60.000000	1.031129e+03
