2015	6	7	181	6
	968	431	242.000000	17.750000	1.008877e+03
	969	431	242.250000	17.750000	1.008877e+03
	812	436	203.000000	19.000000	1.015124e+03
	820	436	205.000000	19.000000	1.015367e+03
	998	436	249.500000	19.000000	9.761569e+02
	814	438	203.500000	19.500000	1.015159e+03
	812	439	203.000000	19.750000	1.015169e+03
	810	440	202.500000	20.000000	1.015187e+03
	815	440	203.750000	20.000000	1.015112e+03
	821	440	205.250000	20.000000	1.015909e+03
	811	442	202.750000	20.500000	1.015207e+03
	817	442	204.250000	20.500000	1.015749e+03
	821	443	205.250000	20.750000	1.016034e+03
	817	444	204.250000	21.000000	1.015954e+03
	800	447	200.000000	21.750000	1.015757e+03
	994	453	248.500000	23.250000	1.007727e+03
	777	454	194.250000	23.500000	1.015847e+03
	761	455	190.250000	23.750000	1.015717e+03
	997	455	249.250000	23.750000	1.007514e+03
	995	456	248.750000	24.000000	1.007647e+03
	994	459	248.500000	24.750000	1.007719e+03
	781	462	195.250000	25.500000	1.015769e+03
	998	462	249.500000	25.500000	1.006854e+03
	786	464	196.500000	26.000000	1.015862e+03
	996	464	249.000000	26.000000	1.006837e+03
	791	465	197.750000	26.250000	1.015859e+03
	990	465	247.500000	26.250000	1.007534e+03
	793	466	198.250000	26.500000	1.015819e+03
	995	466	248.750000	26.500000	1.007047e+03
	799	470	199.750000	27.500000	1.015817e+03
	995	470	248.750000	27.500000	1.007072e+03
	802	472	200.500000	28.000000	1.015782e+03
	990	472	247.500000	28.000000	1.007212e+03
	996	472	249.000000	28.000000	1.007192e+03
	803	473	200.750000	28.250000	1.015782e+03
	806	475	201.500000	28.750000	1.015874e+03
	993	475	248.250000	28.750000	1.007004e+03
	994	476	248.500000	29.000000	1.007004e+03
	809	477	202.250000	29.250000	1.015999e+03
	981	477	245.250000	29.250000	1.010032e+03
	989	478	247.250000	29.500000	1.007392e+03
	813	480	203.250000	30.000000	1.016384e+03
	984	480	246.000000	30.000000	1.007664e+03
	982	482	245.500000	30.500000	1.007632e+03
	988	482	247.000000	30.500000	1.007664e+03
	699	483	174.750000	30.750000	1.020722e+03
	817	483	204.250000	30.750000	1.016764e+03
	976	485	244.000000	31.250000	1.011902e+03
	822	487	205.500000	31.750000	1.016767e+03
	1000	487	250.000000	31.750000	1.010504e+03
	974	488	243.500000	32.000000	1.012294e+03
	995	489	248.750000	32.250000	1.009442e+03
	985	491	246.250000	32.750000	1.007297e+03
	977	492	244.250000	33.000000	1.006784e+03
	988	492	247.000000	33.000000	1.007314e+03
	998	493	249.500000	33.250000	1.010037e+03
	991	494	247.750000	33.500000	1.007587e+03
	971	495	242.750000	33.750000	1.012402e+03
	982	495	245.500000	33.750000	1.006937e+03
	979	497	244.750000	34.250000	1.006972e+03
	983	497	245.750000	34.250000	1.006909e+03
	961	498	240.250000	34.500000	1.011782e+03
	969	500	242.250000	35.000000	1.009212e+03
	970	500	242.500000	35.000000	1.009212e+03
	976	500	244.000000	35.000000	1.007509e+03
	1000	500	250.000000	35.000000	1.011954e+03
	828	501	207.000000	35.250000	1.015049e+03
	995	502	248.750000	35.500000	1.011394e+03
	971	503	242.750000	35.750000	1.008184e+03
	975	503	243.750000	35.750000	1.007449e+03
	963	504	240.750000	36.000000	1.009059e+03
	981	504	245.250000	36.000000	1.007784e+03
	989	504	247.250000	36.000000	1.011547e+03
	960	506	240.000000	36.500000	1.009062e+03
	972	506	243.000000	36.500000	1.009379e+03
	948	507	237.000000	36.750000	1.013654e+03
	976	507	244.000000	36.750000	1.009949e+03
	995	508	248.750000	37.000000	1.013389e+03
	948	509	237.000000	37.250000	1.013654e+03
	999	509	249.750000	37.250000	1.013737e+03
	779	510	194.750000	37.500000	1.024134e+03
	986	511	246.500000	37.750000	1.012667e+03
	734	513	183.500000	38.250000	1.015552e+03
	968	513	242.000000	38.250000	1.012947e+03
	844	514	211.000000	38.500000	1.018419e+03
	997	514	249.250000	38.500000	1.013702e+03
	736	515	184.000000	38.750000	1.015662e+03
	1000	515	250.000000	38.750000	1.013182e+03
	967	516	241.750000	39.000000	1.012362e+03
	988	516	247.000000	39.000000	1.013497e+03
	952	518	238.000000	39.500000	1.008969e+03
	986	518	246.500000	39.500000	1.013054e+03
	966	519	241.500000	39.750000	1.011517e+03
	956	520	239.000000	40.000000	1.013169e+03
	969	520	242.250000	40.000000	1.011649e+03
	987	520	246.750000	40.000000	1.012927e+03
	980	521	245.000000	40.250000	1.014944e+03
	963	523	240.750000	40.750000	1.011924e+03
	946	524	236.500000	41.000000	1.011469e+03
	978	524	244.500000	41.000000	1.014719e+03
	955	525	238.750000	41.250000	1.011502e+03
	965	525	241.250000	41.250000	1.011492e+03
	988	526	247.000000	41.500000	1.012469e+03
	950	527	237.500000	41.750000	1.012639e+03
	956	527	239.000000	41.750000	1.011314e+03
	943	528	235.750000	42.000000	1.010782e+03
	995	528	248.750000	42.000000	1.014609e+03
	948	530	237.000000	42.500000	1.012719e+03
	969	531	242.250000	42.750000	1.009754e+03
	988	532	247.000000	43.000000	1.012149e+03
	996	532	249.000000	43.000000	1.015134e+03
	957	533	239.250000	43.250000	1.012932e+03
	965	533	241.250000	43.250000	1.011984e+03
	975	533	243.750000	43.250000	1.008619e+03
	973	535	243.250000	43.750000	1.008744e+03
	669	536	167.250000	44.000000	9.897369e+02
	948	536	237.000000	44.000000	1.013289e+03
	956	537	239.000000	44.250000	1.012509e+03
	984	540	246.000000	45.000000	1.012199e+03
	950	542	237.500000	45.500000	1.013724e+03
	956	543	239.000000	45.750000	1.011377e+03
	962	544	240.500000	46.000000	1.009059e+03
	993	544	248.250000	46.000000	1.010584e+03
	950	546	237.500000	46.500000	1.014879e+03
	963	546	240.750000	46.500000	1.008597e+03
	972	546	243.000000	46.500000	1.010699e+03
	984	547	246.000000	46.750000	1.011157e+03
	992	547	248.000000	46.750000	1.011619e+03
	950	549	237.500000	47.250000	1.014657e+03
	982	551	245.500000	47.750000	1.010712e+03
	970	552	242.500000	48.000000	1.009664e+03
	998	552	249.500000	48.000000	1.010039e+03
	983	553	245.750000	48.250000	1.010604e+03
	979	554	244.750000	48.500000	1.011084e+03
	968	555	242.000000	48.750000	1.010432e+03
	1000	555	250.000000	48.750000	1.010112e+03
	937	556	234.250000	49.000000	1.015947e+03
	947	556	236.750000	49.000000	1.014187e+03
	979	557	244.750000	49.250000	1.010582e+03
	996	557	249.000000	49.250000	1.010417e+03
	872	558	218.000000	49.500000	1.011032e+03
	873	560	218.250000	50.000000	1.011089e+03
	962	560	240.500000	50.000000	1.011997e+03
	968	561	242.000000	50.250000	1.012527e+03
	877	563	219.250000	50.750000	1.011347e+03
	959	563	239.750000	50.750000	1.011604e+03
	963	563	240.750000	50.750000	1.011709e+03
	975	563	243.750000	50.750000	1.012679e+03
	703	564	175.750000	51.000000	9.996594e+02
	993	564	248.250000	51.000000	1.009829e+03
	700	565	175.000000	51.250000	9.996469e+02
	970	566	242.500000	51.500000	1.013234e+03
	988	566	247.000000	51.500000	1.010004e+03
	952	567	238.000000	51.750000	1.013019e+03
	957	567	239.250000	51.750000	1.013044e+03
	963	571	240.750000	52.750000	1.014229e+03
	960	573	240.000000	53.250000	1.015077e+03
	774	576	193.500000	54.000000	1.010482e+03
	950	578	237.500000	54.500000	1.014479e+03
	786	580	196.500000	55.000000	1.011017e+03
	930	581	232.500000	55.250000	1.015969e+03
	934	581	233.500000	55.250000	1.015594e+03
	799	583	199.750000	55.750000	1.010417e+03
	924	584	231.000000	56.000000	1.016707e+03
	805	585	201.250000	56.250000	1.010157e+03
	926	586	231.500000	56.500000	1.016829e+03
	943	586	235.750000	56.500000	1.013304e+03
	971	587	242.750000	56.750000	1.008507e+03
	718	588	179.500000	57.000000	1.005784e+03
	810	588	202.500000	57.000000	1.010537e+03
	723	589	180.750000	57.250000	1.005742e+03
	727	589	181.750000	57.250000	1.005722e+03
	940	589	235.000000	57.250000	1.013374e+03
	960	589	240.000000	57.250000	1.009732e+03
	864	590	216.000000	57.500000	1.009192e+03
	830	591	207.500000	57.750000	1.010034e+03
	856	592	214.000000	58.000000	1.009397e+03
	850	594	212.500000	58.500000	1.009594e+03
	833	597	208.250000	59.250000	1.010532e+03
	819	598	204.750000	59.500000	1.009509e+03
	896	598	224.000000	59.500000	1.015404e+03
