2015	7	17	163	6
	924	421	231.000000	15.250000	1.014116e+03
	832	424	208.000000	16.000000	1.014171e+03
	931	424	232.750000	16.000000	1.014194e+03
	925	426	231.250000	16.500000	1.014086e+03
	824	430	206.000000	17.500000	1.014571e+03
	924	431	231.000000	17.750000	1.014144e+03
	661	433	165.250000	18.250000	1.012746e+03
	816	434	204.000000	18.500000	1.014574e+03
	814	438	203.500000	19.500000	1.014806e+03
	812	439	203.000000	19.750000	1.014721e+03
	821	440	205.250000	20.000000	1.015599e+03
	805	441	201.250000	20.250000	1.014614e+03
	810	441	202.500000	20.250000	1.014644e+03
	816	441	204.000000	20.250000	1.014694e+03
	819	441	204.750000	20.250000	1.015034e+03
	893	441	223.250000	20.250000	1.006416e+03
	808	442	202.000000	20.500000	1.014626e+03
	985	443	246.250000	20.750000	9.931063e+02
	809	444	202.250000	21.000000	1.014611e+03
	813	444	203.250000	21.000000	1.014911e+03
	817	444	204.250000	21.000000	1.015209e+03
	805	446	201.250000	21.500000	1.014439e+03
	747	447	186.750000	21.750000	1.013689e+03
	799	448	199.750000	22.000000	1.014706e+03
	732	456	183.000000	24.000000	1.013464e+03
	998	457	249.500000	24.250000	1.010289e+03
	997	463	249.250000	25.750000	1.010676e+03
	989	465	247.250000	26.250000	1.009931e+03
	996	465	249.000000	26.250000	1.010454e+03
	986	466	246.500000	26.500000	1.009859e+03
	981	469	245.250000	27.250000	1.010854e+03
	992	470	248.000000	27.500000	1.009576e+03
	979	472	244.750000	28.000000	1.011179e+03
	990	472	247.500000	28.000000	1.009299e+03
	984	473	246.000000	28.250000	1.010751e+03
	988	475	247.000000	28.750000	1.009496e+03
	741	476	185.250000	29.000000	1.014391e+03
	980	477	245.000000	29.250000	1.010306e+03
	989	478	247.250000	29.500000	1.009379e+03
	984	480	246.000000	30.000000	1.008464e+03
	976	482	244.000000	30.500000	1.011389e+03
	988	482	247.000000	30.500000	1.008636e+03
	1000	482	250.000000	30.500000	1.015131e+03
	982	483	245.500000	30.750000	1.007866e+03
	975	484	243.750000	31.000000	1.011411e+03
	974	488	243.500000	32.000000	1.011881e+03
	979	489	244.750000	32.250000	1.006801e+03
	973	490	243.250000	32.500000	1.012141e+03
	984	491	246.000000	32.750000	1.007846e+03
	977	492	244.250000	33.000000	1.006209e+03
	988	492	247.000000	33.000000	1.007711e+03
	969	493	242.250000	33.250000	1.012224e+03
	998	493	249.500000	33.250000	1.011791e+03
	991	494	247.750000	33.500000	1.007709e+03
	971	495	242.750000	33.750000	1.011949e+03
	745	496	186.250000	34.000000	1.012741e+03
	967	496	241.750000	34.000000	1.012159e+03
	961	497	240.250000	34.250000	1.011876e+03
	978	497	244.500000	34.250000	1.006711e+03
	983	497	245.750000	34.250000	1.006679e+03
	749	499	187.250000	34.750000	1.012686e+03
	951	499	237.750000	34.750000	1.012184e+03
	982	499	245.500000	34.750000	1.006831e+03
	990	499	247.500000	34.750000	1.012299e+03
	969	500	242.250000	35.000000	1.009549e+03
	976	500	244.000000	35.000000	1.006674e+03
	952	501	238.000000	35.250000	1.012149e+03
	963	502	240.750000	35.500000	1.007766e+03
	996	502	249.000000	35.500000	1.010591e+03
	971	503	242.750000	35.750000	1.007734e+03
	975	503	243.750000	35.750000	1.006289e+03
	980	504	245.000000	36.000000	1.006616e+03
	990	504	247.500000	36.000000	1.012171e+03
	995	504	248.750000	36.000000	1.010484e+03
	760	505	190.000000	36.250000	1.012294e+03
	962	505	240.500000	36.250000	1.007259e+03
	972	506	243.000000	36.500000	1.005304e+03
	982	506	245.500000	36.500000	1.006056e+03
	763	507	190.750000	36.750000	1.012319e+03
	994	508	248.500000	37.000000	1.008349e+03
	997	510	249.250000	37.500000	1.007254e+03
	986	511	246.500000	37.750000	1.009881e+03
	980	512	245.000000	38.000000	1.008631e+03
	771	513	192.750000	38.250000	1.011974e+03
	968	513	242.000000	38.250000	1.007361e+03
	977	514	244.250000	38.500000	1.008096e+03
	997	514	249.250000	38.500000	1.006804e+03
	1000	515	250.000000	38.750000	1.005836e+03
	948	516	237.000000	39.000000	1.010131e+03
	967	516	241.750000	39.000000	1.006799e+03
	952	518	238.000000	39.500000	1.006986e+03
	989	518	247.250000	39.500000	1.005454e+03
	777	519	194.250000	39.750000	1.011821e+03
	945	519	236.250000	39.750000	1.009976e+03
	966	519	241.500000	39.750000	1.005604e+03
	956	520	239.000000	40.000000	1.012599e+03
	969	520	242.250000	40.000000	1.005619e+03
	992	520	248.000000	40.000000	1.006224e+03
	780	522	195.000000	40.500000	1.011829e+03
	974	522	243.500000	40.500000	1.006819e+03
	986	522	246.500000	40.500000	1.004061e+03
	977	523	244.250000	40.750000	1.007529e+03
	965	524	241.250000	41.000000	1.007911e+03
	987	524	246.750000	41.000000	1.004646e+03
	944	525	236.000000	41.250000	1.011254e+03
	958	526	239.500000	41.500000	1.012044e+03
	785	527	196.250000	41.750000	1.011756e+03
	950	527	237.500000	41.750000	1.015014e+03
	966	529	241.500000	42.250000	1.012611e+03
	949	530	237.250000	42.500000	1.016346e+03
	1000	530	250.000000	42.500000	1.009914e+03
	981	531	245.250000	42.750000	1.008781e+03
	965	533	241.250000	43.250000	1.015004e+03
	976	533	244.000000	43.250000	1.010039e+03
	990	535	247.500000	43.750000	1.005961e+03
	949	536	237.250000	44.000000	1.019021e+03
	991	536	247.750000	44.000000	1.005961e+03
	956	537	239.000000	44.250000	1.017531e+03
	870	538	217.500000	44.500000	1.035099e+03
	999	538	249.750000	44.500000	1.009746e+03
	963	539	240.750000	44.750000	1.016321e+03
	799	541	199.750000	45.250000	1.013829e+03
	800	542	200.000000	45.500000	1.013829e+03
	950	542	237.500000	45.500000	1.019781e+03
	992	542	248.000000	45.500000	1.011564e+03
	998	543	249.500000	45.750000	1.010979e+03
	994	544	248.500000	46.000000	1.011249e+03
	975	546	243.750000	46.500000	1.013456e+03
	968	547	242.000000	46.750000	1.012909e+03
	992	547	248.000000	46.750000	1.012241e+03
	986	548	246.500000	47.000000	1.012581e+03
	950	550	237.500000	47.500000	1.019151e+03
	971	550	242.750000	47.500000	1.013121e+03
	989	551	247.250000	47.750000	1.012311e+03
	997	551	249.250000	47.750000	1.011969e+03
	1000	551	250.000000	47.750000	1.011966e+03
	984	552	246.000000	48.000000	1.011121e+03
	973	553	243.250000	48.250000	1.012851e+03
	954	554	238.500000	48.500000	1.019921e+03
	968	555	242.000000	48.750000	1.013879e+03
	938	556	234.500000	49.000000	1.019359e+03
	947	556	236.750000	49.000000	1.018716e+03
	941	557	235.250000	49.250000	1.019599e+03
	944	558	236.000000	49.500000	1.019014e+03
	978	558	244.500000	49.500000	1.013146e+03
	946	560	236.500000	50.000000	1.019571e+03
	962	560	240.500000	50.000000	1.016374e+03
	950	562	237.500000	50.500000	1.017771e+03
	955	562	238.750000	50.500000	1.017861e+03
	985	562	246.250000	50.500000	1.011341e+03
	963	563	240.750000	50.750000	1.016136e+03
	942	564	235.500000	51.000000	1.020139e+03
	957	567	239.250000	51.750000	1.018354e+03
	953	570	238.250000	52.500000	1.018191e+03
	952	573	238.000000	53.250000	1.018431e+03
	995	579	248.750000	54.750000	1.002666e+03
	665	580	166.250000	55.000000	1.003466e+03
	940	588	235.000000	57.000000	1.018069e+03
	938	590	234.500000	57.500000	1.018254e+03
	905	593	226.250000	58.250000	1.024179e+03
	958	595	239.500000	58.750000	1.013261e+03
	686	596	171.500000	59.000000	9.994387e+02
	945	600	236.250000	60.000000	1.012394e+03
