2015	7	15	152	15
	752	420	188.000000	15.000000	1.009333e+03
	952	421	238.000000	15.250000	1.012103e+03
	870	422	217.500000	15.500000	1.010333e+03
	945	422	236.250000	15.500000	1.012103e+03
	954	422	238.500000	15.500000	1.012098e+03
	867	423	216.750000	15.750000	1.010341e+03
	944	423	236.000000	15.750000	1.012103e+03
	945	423	236.250000	15.750000	1.012103e+03
	865	424	216.250000	16.000000	1.010323e+03
	947	424	236.750000	16.000000	1.012108e+03
	958	424	239.500000	16.000000	1.012003e+03
	760	427	190.000000	16.750000	1.010761e+03
	763	427	190.750000	16.750000	1.010773e+03
	667	428	166.750000	17.000000	1.008013e+03
	749	428	187.250000	17.000000	1.010856e+03
	999	434	249.750000	18.500000	9.933056e+02
	907	435	226.750000	18.750000	1.000333e+03
	815	440	203.750000	20.000000	1.012558e+03
	819	441	204.750000	20.250000	1.013488e+03
	811	442	202.750000	20.500000	1.013006e+03
	821	443	205.250000	20.750000	1.013706e+03
	814	445	203.500000	21.250000	1.013618e+03
	751	454	187.750000	23.500000	1.012688e+03
	993	460	248.250000	25.000000	1.012183e+03
	991	464	247.750000	26.000000	1.011871e+03
	996	464	249.000000	26.000000	1.010621e+03
	989	465	247.250000	26.250000	1.011743e+03
	989	466	247.250000	26.500000	1.011743e+03
	995	466	248.750000	26.500000	1.010681e+03
	992	470	248.000000	27.500000	1.010796e+03
	982	476	245.500000	29.000000	1.012813e+03
	980	478	245.000000	29.500000	1.012818e+03
	989	478	247.250000	29.500000	1.009768e+03
	712	480	178.000000	30.000000	1.018276e+03
	713	480	178.250000	30.000000	1.018276e+03
	713	481	178.250000	30.250000	1.018276e+03
	713	482	178.250000	30.500000	1.018276e+03
	714	482	178.500000	30.500000	1.018276e+03
	977	482	244.250000	30.500000	1.013138e+03
	982	482	245.500000	30.500000	1.007801e+03
	665	484	166.250000	31.000000	1.018893e+03
	666	484	166.500000	31.000000	1.018893e+03
	976	484	244.000000	31.000000	1.013123e+03
	983	484	245.750000	31.000000	1.007963e+03
	668	485	167.000000	31.250000	1.018893e+03
	669	485	167.250000	31.250000	1.018893e+03
	738	487	184.500000	31.750000	1.017671e+03
	1000	487	250.000000	31.750000	1.016961e+03
	974	488	243.500000	32.000000	1.013426e+03
	979	488	244.750000	32.000000	1.008303e+03
	970	489	242.500000	32.250000	1.013548e+03
	973	490	243.250000	32.500000	1.013533e+03
	977	492	244.250000	33.000000	1.008416e+03
	998	493	249.500000	33.250000	1.014008e+03
	661	494	165.250000	33.500000	1.018936e+03
	965	494	241.250000	33.500000	1.013226e+03
	981	495	245.250000	33.750000	1.008308e+03
	982	499	245.500000	34.750000	1.008476e+03
	968	500	242.000000	35.000000	1.010568e+03
	976	500	244.000000	35.000000	1.009511e+03
	963	501	240.750000	35.250000	1.010418e+03
	995	502	248.750000	35.500000	1.014113e+03
	955	503	238.750000	35.750000	1.012698e+03
	971	503	242.750000	35.750000	1.009851e+03
	975	503	243.750000	35.750000	1.008986e+03
	962	504	240.500000	36.000000	1.010536e+03
	990	504	247.500000	36.000000	1.014216e+03
	901	505	225.250000	36.250000	1.024396e+03
	982	505	245.500000	36.250000	1.008261e+03
	972	506	243.000000	36.500000	1.008126e+03
	961	508	240.250000	37.000000	1.010441e+03
	980	508	245.000000	37.000000	1.009783e+03
	995	508	248.750000	37.000000	1.013028e+03
	903	509	225.750000	37.250000	1.024436e+03
	997	510	249.250000	37.500000	1.012926e+03
	986	511	246.500000	37.750000	1.012218e+03
	970	512	242.500000	38.000000	1.011198e+03
	997	513	249.250000	38.250000	1.013386e+03
	977	514	244.250000	38.500000	1.011136e+03
	1000	514	250.000000	38.500000	1.013203e+03
	948	516	237.000000	39.000000	1.011046e+03
	956	516	239.000000	39.000000	1.011006e+03
	967	516	241.750000	39.000000	1.011786e+03
	972	517	243.000000	39.250000	1.012423e+03
	989	517	247.250000	39.250000	1.010061e+03
	945	519	236.250000	39.750000	1.011151e+03
	952	519	238.000000	39.750000	1.009948e+03
	966	519	241.500000	39.750000	1.011051e+03
	969	520	242.250000	40.000000	1.010923e+03
	962	521	240.500000	40.250000	1.013081e+03
	988	521	247.000000	40.250000	1.011286e+03
	965	524	241.250000	41.000000	1.012881e+03
	978	524	244.500000	41.000000	1.013971e+03
	991	524	247.750000	41.000000	1.010811e+03
	715	525	178.750000	41.250000	1.003823e+03
	997	525	249.250000	41.250000	1.013863e+03
	719	526	179.750000	41.500000	1.003901e+03
	944	526	236.000000	41.500000	1.013578e+03
	957	526	239.250000	41.500000	1.014598e+03
	951	527	237.750000	41.750000	1.015711e+03
	974	528	243.500000	42.000000	1.013846e+03
	666	529	166.500000	42.250000	1.007608e+03
	745	529	186.250000	42.250000	1.003378e+03
	950	530	237.500000	42.500000	1.016528e+03
	967	530	241.750000	42.500000	1.013971e+03
	963	531	240.750000	42.750000	1.014836e+03
	981	531	245.250000	42.750000	1.012931e+03
	969	532	242.250000	43.000000	1.013451e+03
	996	532	249.000000	43.000000	1.017263e+03
	965	533	241.250000	43.250000	1.014591e+03
	975	533	243.750000	43.250000	1.012486e+03
	990	533	247.500000	43.250000	1.013861e+03
	997	535	249.250000	43.750000	1.017876e+03
	972	536	243.000000	44.000000	1.012208e+03
	956	537	239.000000	44.250000	1.016401e+03
	962	539	240.500000	44.750000	1.015913e+03
	991	541	247.750000	45.250000	1.014906e+03
	994	544	248.500000	46.000000	1.013603e+03
	959	546	239.750000	46.500000	1.013838e+03
	987	548	246.750000	47.000000	1.014306e+03
	950	550	237.500000	47.500000	1.017651e+03
	982	550	245.500000	47.500000	1.013476e+03
	950	551	237.500000	47.750000	1.017651e+03
	966	552	241.500000	48.000000	1.011976e+03
	983	552	245.750000	48.000000	1.013551e+03
	979	553	244.750000	48.250000	1.013523e+03
	968	554	242.000000	48.500000	1.012128e+03
	963	555	240.750000	48.750000	1.012836e+03
	999	556	249.750000	49.000000	1.011268e+03
	979	557	244.750000	49.250000	1.013451e+03
	996	557	249.000000	49.250000	1.011438e+03
	942	559	235.500000	49.750000	1.016201e+03
	989	559	247.250000	49.750000	1.011436e+03
	946	560	236.500000	50.000000	1.016451e+03
	759	561	189.750000	50.250000	9.909456e+02
	971	561	242.750000	50.250000	1.014318e+03
	963	563	240.750000	50.750000	1.012476e+03
	977	563	244.250000	50.750000	1.014478e+03
	954	566	238.500000	51.500000	1.012273e+03
	970	566	242.500000	51.500000	1.013851e+03
	951	567	237.750000	51.750000	1.012456e+03
	939	569	234.750000	52.250000	1.013878e+03
	963	571	240.750000	52.750000	1.012881e+03
	977	571	244.250000	52.750000	1.011128e+03
	936	572	234.000000	53.000000	1.013808e+03
	898	593	224.500000	58.250000	1.012726e+03
	894	594	223.500000	58.500000	1.012308e+03
	839	596	209.750000	59.000000	1.009413e+03
	843	598	210.750000	59.500000	1.009591e+03
	868	599	217.000000	59.750000	1.010136e+03
	874	599	218.500000	59.750000	1.010268e+03
	879	599	219.750000	59.750000	1.010308e+03
