2015	7	18	190	18
	772	420	193.000000	15.000000	1.010668e+03
	965	420	241.250000	15.000000	1.011483e+03
	990	420	247.500000	15.000000	1.012396e+03
	944	422	236.000000	15.500000	1.011228e+03
	724	424	181.000000	16.000000	1.012843e+03
	922	424	230.500000	16.000000	1.011201e+03
	922	425	230.500000	16.250000	1.011201e+03
	964	427	241.000000	16.750000	1.011333e+03
	977	427	244.250000	16.750000	1.011703e+03
	728	428	182.000000	17.000000	1.012933e+03
	928	429	232.000000	17.250000	1.011123e+03
	936	429	234.000000	17.250000	1.011378e+03
	917	430	229.250000	17.500000	1.011201e+03
	949	432	237.250000	18.000000	1.010933e+03
	822	435	205.500000	18.750000	1.015468e+03
	820	436	205.000000	19.000000	1.015548e+03
	723	437	180.750000	19.250000	1.013861e+03
	792	437	198.000000	19.250000	1.015588e+03
	812	437	203.000000	19.250000	1.015548e+03
	814	438	203.500000	19.500000	1.015383e+03
	891	439	222.750000	19.750000	1.007023e+03
	815	440	203.750000	20.000000	1.015338e+03
	820	441	205.000000	20.250000	1.016266e+03
	817	442	204.250000	20.500000	1.016291e+03
	723	445	180.750000	21.250000	1.014096e+03
	684	455	171.000000	23.750000	1.015573e+03
	967	455	241.750000	23.750000	9.995457e+02
	998	456	249.500000	24.000000	1.013573e+03
	999	458	249.750000	24.500000	1.013663e+03
	993	460	248.250000	25.000000	1.013046e+03
	997	462	249.250000	25.500000	1.013533e+03
	996	464	249.000000	26.000000	1.013406e+03
	989	465	247.250000	26.250000	1.013431e+03
	703	466	175.750000	26.500000	1.016028e+03
	708	467	177.000000	26.750000	1.016051e+03
	987	468	246.750000	27.000000	1.013113e+03
	992	468	248.000000	27.000000	1.013113e+03
	1000	469	250.000000	27.250000	1.012861e+03
	985	470	246.250000	27.500000	1.012413e+03
	983	471	245.750000	27.750000	1.012343e+03
	935	472	233.750000	28.000000	1.011951e+03
	990	472	247.500000	28.000000	1.012813e+03
	939	474	234.750000	28.500000	1.011961e+03
	994	475	248.500000	28.750000	1.012808e+03
	987	476	246.750000	29.000000	1.012478e+03
	976	479	244.000000	29.750000	1.013111e+03
	985	479	246.250000	29.750000	1.011983e+03
	933	482	233.250000	30.500000	1.011638e+03
	975	482	243.750000	30.500000	1.013133e+03
	1000	482	250.000000	30.500000	1.015318e+03
	981	489	245.250000	32.250000	1.010588e+03
	670	490	167.500000	32.500000	1.019116e+03
	928	491	232.000000	32.750000	1.011396e+03
	978	491	244.500000	32.750000	1.010988e+03
	993	491	248.250000	32.750000	1.013018e+03
	988	492	247.000000	33.000000	1.011926e+03
	968	493	242.000000	33.250000	1.013171e+03
	661	494	165.250000	33.500000	1.019003e+03
	985	494	246.250000	33.500000	1.012646e+03
	991	494	247.750000	33.500000	1.012978e+03
	967	495	241.750000	33.750000	1.013301e+03
	983	496	245.750000	34.000000	1.011568e+03
	962	497	240.500000	34.250000	1.013021e+03
	979	497	244.750000	34.250000	1.012388e+03
	704	498	176.000000	34.500000	1.019063e+03
	981	500	245.250000	35.000000	1.012518e+03
	712	501	178.000000	35.250000	1.019176e+03
	964	501	241.000000	35.250000	1.010523e+03
	988	501	247.000000	35.250000	1.015311e+03
	995	502	248.750000	35.500000	1.013566e+03
	952	503	238.000000	35.750000	1.013878e+03
	969	503	242.250000	35.750000	1.012361e+03
	963	504	240.750000	36.000000	1.010713e+03
	982	505	245.500000	36.250000	1.010133e+03
	960	506	240.000000	36.500000	1.010823e+03
	972	506	243.000000	36.500000	1.009186e+03
	976	507	244.000000	36.750000	1.011126e+03
	994	508	248.500000	37.000000	1.013278e+03
	1000	508	250.000000	37.000000	1.014153e+03
	997	510	249.250000	37.500000	1.012686e+03
	976	511	244.000000	37.750000	1.012256e+03
	970	512	242.500000	38.000000	1.012023e+03
	978	513	244.500000	38.250000	1.012226e+03
	987	513	246.750000	38.250000	1.012638e+03
	989	515	247.250000	38.750000	1.013241e+03
	999	515	249.750000	38.750000	1.011633e+03
	967	516	241.750000	39.000000	1.013833e+03
	997	517	249.250000	39.250000	1.012768e+03
	990	518	247.500000	39.500000	1.013421e+03
	937	519	234.250000	39.750000	1.010796e+03
	947	519	236.750000	39.750000	1.011286e+03
	952	519	238.000000	39.750000	1.010536e+03
	966	519	241.500000	39.750000	1.014311e+03
	988	520	247.000000	40.000000	1.014131e+03
	951	521	237.750000	40.250000	1.010766e+03
	800	522	200.000000	40.500000	1.026736e+03
	941	522	235.250000	40.500000	1.011733e+03
	973	522	243.250000	40.500000	1.016083e+03
	946	524	236.500000	41.000000	1.010853e+03
	965	524	241.250000	41.000000	1.016111e+03
	992	524	248.000000	41.000000	1.015623e+03
	995	524	248.750000	41.000000	1.015708e+03
	804	525	201.000000	41.250000	1.026996e+03
	966	526	241.500000	41.500000	1.016091e+03
	950	527	237.500000	41.750000	1.012453e+03
	988	527	247.000000	41.750000	1.017071e+03
	807	529	201.750000	42.250000	1.027063e+03
	945	529	236.250000	42.250000	1.011481e+03
	948	530	237.000000	42.500000	1.011318e+03
	967	530	241.750000	42.500000	1.015083e+03
	963	531	240.750000	42.750000	1.015496e+03
	943	532	235.750000	43.000000	1.010913e+03
	969	532	242.250000	43.000000	1.014601e+03
	977	532	244.250000	43.000000	1.013643e+03
	946	533	236.500000	43.250000	1.011561e+03
	957	533	239.250000	43.250000	1.015508e+03
	989	533	247.250000	43.250000	1.015513e+03
	961	535	240.250000	43.750000	1.015496e+03
	972	536	243.000000	44.000000	1.012708e+03
	991	536	247.750000	44.000000	1.015396e+03
	957	537	239.250000	44.250000	1.015203e+03
	984	538	246.000000	44.500000	1.016523e+03
	962	539	240.500000	44.750000	1.015221e+03
	1000	539	250.000000	44.750000	1.017043e+03
	956	540	239.000000	45.000000	1.014971e+03
	989	540	247.250000	45.000000	1.018003e+03
	782	541	195.500000	45.250000	1.029663e+03
	783	541	195.750000	45.250000	1.029663e+03
	949	541	237.250000	45.250000	1.013111e+03
	778	542	194.500000	45.500000	1.029728e+03
	956	543	239.000000	45.750000	1.014326e+03
	962	544	240.500000	46.000000	1.013403e+03
	994	544	248.500000	46.000000	1.018796e+03
	959	546	239.750000	46.500000	1.014056e+03
	963	546	240.750000	46.500000	1.013018e+03
	968	547	242.000000	46.750000	1.013003e+03
	984	547	246.000000	46.750000	1.016956e+03
	951	550	237.750000	47.500000	1.015498e+03
	981	550	245.250000	47.500000	1.016166e+03
	943	552	235.750000	48.000000	1.016023e+03
	952	553	238.000000	48.250000	1.015566e+03
	816	554	204.000000	48.500000	1.020806e+03
	946	554	236.500000	48.500000	1.016323e+03
	940	556	235.000000	49.000000	1.016528e+03
	950	556	237.500000	49.000000	1.015746e+03
	973	556	243.250000	49.000000	1.015386e+03
	934	558	233.500000	49.500000	1.016753e+03
	977	558	244.250000	49.500000	1.015383e+03
	821	559	205.250000	49.750000	1.021688e+03
	941	560	235.250000	50.000000	1.016541e+03
	682	561	170.500000	50.250000	9.919456e+02
	962	561	240.500000	50.250000	1.016321e+03
	968	561	242.000000	50.250000	1.016131e+03
	976	561	244.000000	50.250000	1.014826e+03
	972	562	243.000000	50.500000	1.016088e+03
	963	563	240.750000	50.750000	1.016198e+03
	975	563	243.750000	50.750000	1.014873e+03
	957	564	239.250000	51.000000	1.016428e+03
	968	564	242.000000	51.000000	1.016148e+03
	935	565	233.750000	51.250000	1.018518e+03
	933	567	233.250000	51.750000	1.018663e+03
	954	567	238.500000	51.750000	1.016081e+03
	838	569	209.500000	52.250000	1.024228e+03
	951	569	237.750000	52.250000	1.015583e+03
	928	570	232.000000	52.500000	1.019423e+03
	841	571	210.250000	52.750000	1.024493e+03
	963	572	240.750000	53.000000	1.016576e+03
	937	573	234.250000	53.250000	1.016548e+03
	925	575	231.250000	53.750000	1.020728e+03
	934	581	233.500000	55.250000	1.017011e+03
	803	583	200.750000	55.750000	1.025243e+03
	810	583	202.500000	55.750000	1.025308e+03
	945	583	236.250000	55.750000	1.012596e+03
	943	585	235.750000	56.250000	1.012556e+03
	906	588	226.500000	57.000000	1.021901e+03
	958	588	239.500000	57.000000	1.006008e+03
	902	589	225.500000	57.250000	1.021716e+03
	936	591	234.000000	57.750000	1.012446e+03
	822	592	205.500000	58.000000	1.023388e+03
	926	592	231.500000	58.000000	1.014978e+03
	998	594	249.500000	58.500000	9.998431e+02
	894	595	223.500000	58.750000	1.019541e+03
	982	595	245.500000	58.750000	9.994506e+02
	839	598	209.750000	59.500000	1.021901e+03
	845	599	211.250000	59.750000	1.022111e+03
	877	599	219.250000	59.750000	1.021558e+03
	973	599	243.250000	59.750000	9.998081e+02
	873	600	218.250000	60.000000	1.021546e+03
	989	600	247.250000	60.000000	9.991931e+02
	990	600	247.500000	60.000000	9.991931e+02
