2015	5	14	148	18
	985	423	246.250000	15.750000	1.014301e+03
	814	438	203.500000	19.500000	1.016355e+03
	815	440	203.750000	20.000000	1.016310e+03
	821	443	205.250000	20.750000	1.018275e+03
	974	443	243.500000	20.750000	1.017384e+03
	966	450	241.500000	22.500000	1.018112e+03
	971	454	242.750000	23.500000	1.017861e+03
	990	455	247.500000	23.750000	1.017144e+03
	975	456	243.750000	24.000000	1.017675e+03
	985	457	246.250000	24.250000	1.017595e+03
	986	459	246.500000	24.750000	1.017612e+03
	992	468	248.000000	27.000000	1.015101e+03
	986	469	246.500000	27.250000	1.016456e+03
	984	470	246.000000	27.500000	1.016409e+03
	995	470	248.750000	27.500000	1.015624e+03
	1000	471	250.000000	27.750000	1.014374e+03
	985	478	246.250000	29.500000	1.012770e+03
	997	478	249.250000	29.500000	1.013721e+03
	768	480	192.000000	30.000000	1.022956e+03
	772	482	193.000000	30.500000	1.022866e+03
	994	482	248.500000	30.500000	1.012336e+03
	812	483	203.000000	30.750000	1.023237e+03
	981	483	245.250000	30.750000	1.010159e+03
	980	486	245.000000	31.500000	1.009640e+03
	857	487	214.250000	31.750000	1.025525e+03
	979	488	244.750000	32.000000	1.009775e+03
	983	488	245.750000	32.000000	1.009694e+03
	996	488	249.000000	32.000000	1.010703e+03
	985	491	246.250000	32.750000	1.009662e+03
	992	493	248.000000	33.250000	1.009139e+03
	998	495	249.500000	33.750000	1.009871e+03
	916	498	229.000000	34.500000	1.010404e+03
	969	499	242.250000	34.750000	1.009492e+03
	951	500	237.750000	35.000000	1.011129e+03
	964	500	241.000000	35.000000	1.009749e+03
	912	501	228.000000	35.250000	1.009896e+03
	949	502	237.250000	35.500000	1.011226e+03
	962	502	240.500000	35.500000	1.009736e+03
	995	502	248.750000	35.500000	1.007759e+03
	960	504	240.000000	36.000000	1.009595e+03
	963	504	240.750000	36.000000	1.009595e+03
	981	504	245.250000	36.000000	1.004926e+03
	960	505	240.000000	36.250000	1.009595e+03
	922	506	230.500000	36.500000	1.011585e+03
	956	506	239.000000	36.500000	1.010128e+03
	972	506	243.000000	36.500000	1.005080e+03
	983	506	245.750000	36.500000	1.004621e+03
	985	508	246.250000	37.000000	1.004176e+03
	907	509	226.750000	37.250000	1.010349e+03
	955	510	238.750000	37.500000	1.009586e+03
	971	510	242.750000	37.500000	1.004388e+03
	986	511	246.500000	37.750000	1.004939e+03
	959	512	239.750000	38.000000	1.008729e+03
	964	512	241.000000	38.000000	1.007438e+03
	972	512	243.000000	38.000000	1.004315e+03
	997	513	249.250000	38.250000	1.010287e+03
	977	514	244.250000	38.500000	1.002586e+03
	881	515	220.250000	38.750000	1.018809e+03
	936	515	234.000000	38.750000	1.009782e+03
	937	515	234.250000	38.750000	1.009782e+03
	952	515	238.000000	38.750000	1.009509e+03
	952	516	238.000000	39.000000	1.009509e+03
	962	516	240.500000	39.000000	1.006312e+03
	988	516	247.000000	39.000000	1.003477e+03
	878	518	219.500000	39.500000	1.018912e+03
	948	519	237.000000	39.750000	1.008920e+03
	959	519	239.750000	39.750000	1.007106e+03
	965	519	241.250000	39.750000	1.006987e+03
	976	519	244.000000	39.750000	1.001894e+03
	955	522	238.750000	40.500000	1.007231e+03
	985	522	246.250000	40.500000	1.002287e+03
	961	523	240.250000	40.750000	1.007730e+03
	977	523	244.250000	40.750000	1.002071e+03
	953	526	238.250000	41.500000	1.007741e+03
	975	527	243.750000	41.750000	1.003316e+03
	882	528	220.500000	42.000000	1.019018e+03
	982	528	245.500000	42.000000	1.002905e+03
	996	528	249.000000	42.000000	1.007138e+03
	987	529	246.750000	42.250000	1.003035e+03
	881	531	220.250000	42.750000	1.019052e+03
	988	532	247.000000	43.000000	1.003431e+03
	996	532	249.000000	43.000000	1.006920e+03
	978	535	244.500000	43.750000	1.004446e+03
	953	537	238.250000	44.250000	1.009463e+03
	984	538	246.000000	44.500000	1.005274e+03
	990	540	247.500000	45.000000	1.006079e+03
	719	541	179.750000	45.250000	1.002097e+03
	985	543	246.250000	45.750000	1.006241e+03
	955	544	238.750000	46.000000	1.010531e+03
	963	544	240.750000	46.000000	1.010224e+03
	954	546	238.500000	46.500000	1.010384e+03
	978	547	244.500000	46.750000	1.007639e+03
	983	547	245.750000	46.750000	1.007901e+03
	945	551	236.250000	47.750000	1.012412e+03
	959	551	239.750000	47.750000	1.011602e+03
	944	555	236.000000	48.750000	1.012782e+03
	941	556	235.250000	49.000000	1.012622e+03
	781	557	195.250000	49.250000	9.914075e+02
	958	558	239.500000	49.500000	1.009232e+03
	936	559	234.000000	49.750000	1.011356e+03
	941	559	235.250000	49.750000	1.012701e+03
	997	559	249.250000	49.750000	1.015977e+03
	994	560	248.500000	50.000000	1.016170e+03
	955	561	238.750000	50.250000	1.009403e+03
	965	561	241.250000	50.250000	1.009823e+03
	985	563	246.250000	50.750000	1.016157e+03
	770	566	192.500000	51.500000	9.915550e+02
	932	566	233.000000	51.500000	1.012229e+03
	972	566	243.000000	51.500000	1.012370e+03
	959	567	239.750000	51.750000	1.008994e+03
	975	569	243.750000	52.250000	1.011439e+03
	928	570	232.000000	52.500000	1.012651e+03
	946	570	236.500000	52.500000	1.007591e+03
	913	572	228.250000	53.000000	1.014831e+03
	925	572	231.250000	53.000000	1.012634e+03
	970	572	242.500000	53.000000	1.010941e+03
	770	574	192.500000	53.500000	9.926962e+02
	954	574	238.500000	53.500000	1.007688e+03
	720	575	180.000000	53.750000	9.924225e+02
	921	577	230.250000	54.250000	1.012690e+03
	912	580	228.000000	55.000000	1.014237e+03
	921	580	230.250000	55.000000	1.012849e+03
	916	582	229.000000	55.500000	1.013475e+03
	935	582	233.750000	55.500000	1.009720e+03
	726	584	181.500000	56.000000	9.934138e+02
	913	584	228.250000	56.000000	1.014040e+03
	805	588	201.250000	57.000000	9.984938e+02
	924	588	231.000000	57.000000	1.011969e+03
	916	589	229.000000	57.250000	1.012909e+03
	932	589	233.000000	57.250000	1.011474e+03
	938	589	234.500000	57.250000	1.010275e+03
	902	590	225.500000	57.500000	1.014540e+03
	898	591	224.500000	57.750000	1.015016e+03
	936	591	234.000000	57.750000	1.010370e+03
	926	592	231.500000	58.000000	1.010821e+03
	920	595	230.000000	58.750000	1.011042e+03
	944	595	236.000000	58.750000	1.008680e+03
	892	596	223.000000	59.000000	1.013932e+03
	886	597	221.500000	59.250000	1.014796e+03
	928	598	232.000000	59.500000	1.009221e+03
	868	599	217.000000	59.750000	1.015325e+03
	879	599	219.750000	59.750000	1.014959e+03
	672	600	168.000000	60.000000	9.994200e+02
	836	600	209.000000	60.000000	1.010396e+03
	872	600	218.000000	60.000000	1.015315e+03
	909	600	227.250000	60.000000	1.010765e+03
	923	600	230.750000	60.000000	1.009189e+03
	941	600	235.250000	60.000000	1.008176e+03
