2015	2	8	165	15
	749	423	187.250000	15.750000	1.012801e+03
	776	425	194.000000	16.250000	1.013611e+03
	741	428	185.250000	17.000000	1.013096e+03
	665	429	166.250000	17.250000	1.011431e+03
	768	430	192.000000	17.500000	1.013309e+03
	769	430	192.250000	17.500000	1.013309e+03
	778	430	194.500000	17.500000	1.013564e+03
	779	430	194.750000	17.500000	1.013564e+03
	786	430	196.500000	17.500000	1.013844e+03
	711	432	177.750000	18.000000	1.012744e+03
	749	432	187.250000	18.000000	1.013111e+03
	777	432	194.250000	18.000000	1.013579e+03
	820	436	205.000000	19.000000	1.015446e+03
	822	438	205.500000	19.500000	1.015576e+03
	768	440	192.000000	20.000000	1.012984e+03
	821	440	205.250000	20.000000	1.015596e+03
	708	441	177.000000	20.250000	1.012734e+03
	816	441	204.000000	20.250000	1.015539e+03
	819	441	204.750000	20.250000	1.015574e+03
	811	442	202.750000	20.500000	1.015206e+03
	817	444	204.250000	21.000000	1.015586e+03
	811	446	202.750000	21.500000	1.015291e+03
	813	447	203.250000	21.750000	1.015299e+03
	889	447	222.250000	21.750000	1.018246e+03
	874	448	218.500000	22.000000	1.017886e+03
	875	448	218.750000	22.000000	1.017886e+03
	881	450	220.250000	22.500000	1.017991e+03
	883	451	220.750000	22.750000	1.017984e+03
	1000	451	250.000000	22.750000	1.015336e+03
	885	452	221.250000	23.000000	1.017929e+03
	888	453	222.000000	23.250000	1.017941e+03
	995	456	248.750000	24.000000	1.015614e+03
	860	457	215.000000	24.250000	1.017689e+03
	941	458	235.250000	24.500000	1.019981e+03
	991	460	247.750000	25.000000	1.015746e+03
	932	462	233.000000	25.500000	1.019786e+03
	943	462	235.750000	25.500000	1.019956e+03
	991	464	247.750000	26.000000	1.015734e+03
	989	465	247.250000	26.250000	1.015774e+03
	986	472	246.500000	28.000000	1.016629e+03
	983	474	245.750000	28.500000	1.016601e+03
	995	476	248.750000	29.000000	1.015414e+03
	980	477	245.000000	29.250000	1.016661e+03
	992	478	248.000000	29.500000	1.015701e+03
	989	484	247.250000	31.000000	1.016996e+03
	982	489	245.500000	32.250000	1.017689e+03
	988	490	247.000000	32.500000	1.018109e+03
	978	491	244.500000	32.750000	1.017834e+03
	969	493	242.250000	33.250000	1.020124e+03
	994	493	248.500000	33.250000	1.019076e+03
	1000	494	250.000000	33.500000	1.019934e+03
	938	495	234.500000	33.750000	1.012216e+03
	990	495	247.500000	33.750000	1.019099e+03
	967	496	241.750000	34.000000	1.020046e+03
	976	500	244.000000	35.000000	1.019389e+03
	994	502	248.500000	35.500000	1.021346e+03
	968	503	242.000000	35.750000	1.019734e+03
	975	503	243.750000	35.750000	1.019339e+03
	981	503	245.250000	35.750000	1.019216e+03
	963	504	240.750000	36.000000	1.018249e+03
	997	505	249.250000	36.250000	1.021019e+03
	968	506	242.000000	36.500000	1.019316e+03
	972	506	243.000000	36.500000	1.018901e+03
	982	506	245.500000	36.500000	1.019021e+03
	993	506	248.250000	36.500000	1.021126e+03
	977	507	244.250000	36.750000	1.019666e+03
	1000	507	250.000000	36.750000	1.021186e+03
	980	508	245.000000	37.000000	1.019306e+03
	903	509	225.750000	37.250000	9.896138e+02
	967	509	241.750000	37.250000	1.020079e+03
	976	512	244.000000	38.000000	1.020026e+03
	996	512	249.000000	38.000000	1.020891e+03
	1000	512	250.000000	38.000000	1.020899e+03
	978	514	244.500000	38.500000	1.019934e+03
	984	514	246.000000	38.500000	1.020549e+03
	962	515	240.500000	38.750000	1.019014e+03
	990	516	247.500000	39.000000	1.021204e+03
	968	517	242.000000	39.250000	1.018606e+03
	907	518	226.750000	39.500000	9.880988e+02
	987	518	246.750000	39.500000	1.021069e+03
	996	518	249.000000	39.500000	1.022204e+03
	952	519	238.000000	39.750000	1.015459e+03
	963	520	240.750000	40.000000	1.018831e+03
	950	521	237.500000	40.250000	1.015274e+03
	967	521	241.750000	40.250000	1.018906e+03
	967	522	241.750000	40.500000	1.018906e+03
	999	522	249.750000	40.500000	1.021729e+03
	988	523	247.000000	40.750000	1.021369e+03
	980	525	245.000000	41.250000	1.021464e+03
	995	525	248.750000	41.250000	1.023104e+03
	992	526	248.000000	41.500000	1.022644e+03
	999	526	249.750000	41.500000	1.022551e+03
	734	527	183.500000	41.750000	9.713237e+02
	962	527	240.500000	41.750000	1.019664e+03
	973	527	243.250000	41.750000	1.019456e+03
	762	528	190.500000	42.000000	9.711013e+02
	967	529	241.750000	42.250000	1.019161e+03
	757	530	189.250000	42.500000	9.710912e+02
	977	530	244.250000	42.500000	1.019259e+03
	1000	530	250.000000	42.500000	1.021636e+03
	759	532	189.750000	43.000000	9.711113e+02
	991	532	247.750000	43.000000	1.021524e+03
	955	533	238.750000	43.250000	1.016826e+03
	966	533	241.500000	43.250000	1.018304e+03
	972	534	243.000000	43.500000	1.018716e+03
	975	535	243.750000	43.750000	1.019164e+03
	998	535	249.500000	43.750000	1.021976e+03
	758	537	189.500000	44.250000	9.708488e+02
	949	539	237.250000	44.750000	1.012449e+03
	957	540	239.250000	45.000000	1.015126e+03
	962	542	240.500000	45.500000	1.015569e+03
	993	543	248.250000	45.750000	1.016266e+03
	960	544	240.000000	46.000000	1.015916e+03
	956	546	239.000000	46.500000	1.016514e+03
	978	546	244.500000	46.500000	1.018356e+03
	989	546	247.250000	46.500000	1.017199e+03
	993	546	248.250000	46.500000	1.015801e+03
	1000	551	250.000000	47.750000	1.011501e+03
	998	555	249.500000	48.750000	1.011496e+03
	990	557	247.500000	49.250000	1.011721e+03
	923	558	230.750000	49.500000	1.003549e+03
	984	560	246.000000	50.000000	1.010744e+03
	975	563	243.750000	50.750000	1.012564e+03
	980	563	245.000000	50.750000	1.010576e+03
	946	566	236.500000	51.500000	1.007306e+03
	970	566	242.500000	51.500000	1.011981e+03
	941	568	235.250000	52.000000	1.008396e+03
	954	568	238.500000	52.000000	1.009406e+03
	938	569	234.500000	52.250000	1.007886e+03
	975	569	243.750000	52.250000	1.008629e+03
	947	570	236.750000	52.500000	1.009524e+03
	955	570	238.750000	52.500000	1.009399e+03
	970	571	242.500000	52.750000	1.007751e+03
	959	573	239.750000	53.250000	1.008569e+03
	965	574	241.250000	53.500000	1.007086e+03
	999	575	249.750000	53.750000	1.024349e+03
	996	578	249.000000	54.500000	1.024339e+03
	945	579	236.250000	54.750000	1.015389e+03
	941	581	235.250000	55.250000	1.015129e+03
	948	582	237.000000	55.500000	1.016101e+03
	816	583	204.000000	55.750000	9.881887e+02
	822	586	205.500000	56.500000	9.882712e+02
	935	586	233.750000	56.500000	1.014181e+03
	946	587	236.500000	56.750000	1.015054e+03
	962	587	240.500000	56.750000	1.026471e+03
	807	589	201.750000	57.250000	9.962488e+02
	928	589	232.000000	57.250000	1.013801e+03
	986	589	246.500000	57.250000	1.027996e+03
	918	590	229.500000	57.500000	1.011254e+03
	944	590	236.000000	57.500000	1.012729e+03
	978	590	244.500000	57.500000	1.028886e+03
	990	591	247.500000	57.750000	1.027819e+03
	922	593	230.500000	58.250000	1.013679e+03
	928	593	232.000000	58.250000	1.014156e+03
	940	593	235.000000	58.250000	1.011551e+03
	969	593	242.250000	58.250000	1.030734e+03
	886	594	221.500000	58.500000	9.972388e+02
	864	595	216.000000	58.750000	9.913638e+02
	956	596	239.000000	59.000000	1.030741e+03
	979	596	244.750000	59.000000	1.026069e+03
	917	597	229.250000	59.250000	1.019184e+03
	952	598	238.000000	59.500000	1.031171e+03
	936	599	234.000000	59.750000	1.027359e+03
	824	600	206.000000	60.000000	9.978187e+02
	971	600	242.750000	60.000000	1.029706e+03
