2015	8	28	228	9
	705	420	176.250000	15.000000	1.010823e+03
	711	420	177.750000	15.000000	1.010710e+03
	976	420	244.000000	15.000000	1.010900e+03
	979	420	244.750000	15.000000	1.010903e+03
	992	420	248.000000	15.000000	1.011085e+03
	663	422	165.750000	15.500000	1.009770e+03
	915	422	228.750000	15.500000	1.012845e+03
	685	423	171.250000	15.750000	1.011120e+03
	730	424	182.500000	16.000000	1.010840e+03
	922	424	230.500000	16.000000	1.012655e+03
	717	425	179.250000	16.250000	1.010775e+03
	920	425	230.000000	16.250000	1.012655e+03
	719	426	179.750000	16.500000	1.010778e+03
	685	428	171.250000	17.000000	1.010965e+03
	759	428	189.750000	17.000000	1.003215e+03
	985	428	246.250000	17.000000	1.011400e+03
	867	435	216.750000	18.750000	1.010302e+03
	815	436	203.750000	19.000000	1.012640e+03
	820	436	205.000000	19.000000	1.012907e+03
	814	438	203.500000	19.500000	1.012460e+03
	668	439	167.000000	19.750000	1.009705e+03
	812	440	203.000000	20.000000	1.012302e+03
	815	440	203.750000	20.000000	1.012258e+03
	820	441	205.000000	20.250000	1.012968e+03
	811	442	202.750000	20.500000	1.012198e+03
	825	442	206.250000	20.500000	1.013035e+03
	821	443	205.250000	20.750000	1.013013e+03
	804	444	201.000000	21.000000	1.012393e+03
	817	444	204.250000	21.000000	1.012878e+03
	799	445	199.750000	21.250000	1.012520e+03
	814	445	203.500000	21.250000	1.012593e+03
	802	446	200.500000	21.500000	1.012430e+03
	708	447	177.000000	21.750000	1.011523e+03
	709	447	177.250000	21.750000	1.011523e+03
	800	447	200.000000	21.750000	1.012435e+03
	806	447	201.500000	21.750000	1.012477e+03
	810	447	202.500000	21.750000	1.012625e+03
	775	448	193.750000	22.000000	1.013020e+03
	726	450	181.500000	22.500000	1.012157e+03
	804	450	201.000000	22.500000	1.012588e+03
	802	451	200.500000	22.750000	1.012633e+03
	722	452	180.500000	23.000000	1.011997e+03
	747	452	186.750000	23.000000	1.013343e+03
	758	452	189.500000	23.000000	1.013565e+03
	999	452	249.750000	23.000000	1.010995e+03
	661	453	165.250000	23.250000	1.008080e+03
	664	454	166.000000	23.500000	1.008105e+03
	762	455	190.500000	23.750000	1.013807e+03
	997	455	249.250000	23.750000	1.010875e+03
	757	456	189.250000	24.000000	1.013727e+03
	995	456	248.750000	24.000000	1.010773e+03
	751	459	187.750000	24.750000	1.013920e+03
	993	460	248.250000	25.000000	1.010645e+03
	736	461	184.000000	25.250000	1.013422e+03
	760	461	190.000000	25.250000	1.014015e+03
	771	461	192.750000	25.250000	1.014422e+03
	992	462	248.000000	25.500000	1.010523e+03
	768	463	192.000000	25.750000	1.014468e+03
	834	463	208.500000	25.750000	1.014300e+03
	660	464	165.000000	26.000000	1.007427e+03
	751	464	187.750000	26.000000	1.013907e+03
	991	464	247.750000	26.000000	1.010383e+03
	996	464	249.000000	26.000000	1.008825e+03
	723	465	180.750000	26.250000	1.012725e+03
	989	465	247.250000	26.250000	1.010345e+03
	706	467	176.500000	26.750000	1.010845e+03
	981	469	245.250000	27.250000	1.011545e+03
	995	469	248.750000	27.250000	1.008693e+03
	847	470	211.750000	27.500000	1.014795e+03
	848	470	212.000000	27.500000	1.014795e+03
	992	470	248.000000	27.500000	1.008672e+03
	995	470	248.750000	27.500000	1.008693e+03
	684	471	171.000000	27.750000	1.007410e+03
	725	471	181.250000	27.750000	1.012532e+03
	985	471	246.250000	27.750000	1.011255e+03
	997	471	249.250000	27.750000	1.008703e+03
	736	472	184.000000	28.000000	1.013110e+03
	759	472	189.750000	28.000000	1.013732e+03
	990	472	247.500000	28.000000	1.008760e+03
	726	473	181.500000	28.250000	1.012535e+03
	929	473	232.250000	28.250000	1.016903e+03
	984	473	246.000000	28.250000	1.011285e+03
	879	474	219.750000	28.500000	1.015518e+03
	989	474	247.250000	28.500000	1.008965e+03
	928	475	232.000000	28.750000	1.016905e+03
	930	475	232.500000	28.750000	1.016905e+03
	876	476	219.000000	29.000000	1.015535e+03
	993	476	248.250000	29.000000	1.008795e+03
	980	477	245.000000	29.250000	1.010633e+03
	661	478	165.250000	29.500000	1.006545e+03
	868	478	217.000000	29.500000	1.015430e+03
	988	479	247.000000	29.750000	1.008768e+03
	748	482	187.000000	30.500000	1.013847e+03
	986	482	246.500000	30.500000	1.008815e+03
	745	483	186.250000	30.750000	1.013922e+03
	975	483	243.750000	30.750000	1.011208e+03
	982	483	245.500000	30.750000	1.008843e+03
	986	484	246.500000	31.000000	1.008828e+03
	973	485	243.250000	31.250000	1.011510e+03
	972	487	243.000000	31.750000	1.011532e+03
	980	487	245.000000	31.750000	1.008487e+03
	1000	487	250.000000	31.750000	1.014580e+03
	979	489	244.750000	32.250000	1.008415e+03
	978	491	244.500000	32.750000	1.008312e+03
	988	492	247.000000	33.000000	1.010047e+03
	969	493	242.250000	33.250000	1.011672e+03
	993	493	248.250000	33.250000	1.010792e+03
	929	494	232.250000	33.500000	1.016695e+03
	981	494	245.250000	33.500000	1.009405e+03
	895	495	223.750000	33.750000	1.010850e+03
	967	495	241.750000	33.750000	1.011690e+03
	934	496	233.500000	34.000000	1.016630e+03
	960	497	240.000000	34.250000	1.010862e+03
	978	497	244.500000	34.250000	1.009560e+03
	931	498	232.750000	34.500000	1.016680e+03
	957	500	239.250000	35.000000	1.011782e+03
	968	500	242.000000	35.000000	1.012080e+03
	976	500	244.000000	35.000000	1.010117e+03
	909	501	227.250000	35.250000	1.013015e+03
	996	502	249.000000	35.500000	1.015203e+03
	971	503	242.750000	35.750000	1.011035e+03
	975	503	243.750000	35.750000	1.009780e+03
	915	505	228.750000	36.250000	1.013665e+03
	960	505	240.000000	36.250000	1.011695e+03
	982	505	245.500000	36.250000	1.010227e+03
	972	506	243.000000	36.500000	1.009850e+03
	899	507	224.750000	36.750000	1.013208e+03
	961	508	240.250000	37.000000	1.011895e+03
	994	508	248.500000	37.000000	1.014930e+03
	1000	508	250.000000	37.000000	1.015110e+03
	904	510	226.000000	37.500000	1.013245e+03
	997	510	249.250000	37.500000	1.014735e+03
	935	511	233.750000	37.750000	1.016227e+03
	956	511	239.000000	37.750000	1.012180e+03
	986	511	246.500000	37.750000	1.016010e+03
	970	512	242.500000	38.000000	1.013797e+03
	977	514	244.250000	38.500000	1.015165e+03
	997	514	249.250000	38.500000	1.016185e+03
	1000	515	250.000000	38.750000	1.016023e+03
	953	516	238.250000	39.000000	1.011545e+03
	967	516	241.750000	39.000000	1.015468e+03
	989	517	247.250000	39.250000	1.014875e+03
	952	518	238.000000	39.500000	1.011273e+03
	986	518	246.500000	39.500000	1.015185e+03
	928	519	232.000000	39.750000	1.016088e+03
	966	519	241.500000	39.750000	1.014617e+03
	969	520	242.250000	40.000000	1.014162e+03
	957	521	239.250000	40.250000	1.017040e+03
	980	521	245.000000	40.250000	1.016520e+03
	985	522	246.250000	40.500000	1.014130e+03
	972	523	243.000000	40.750000	1.013787e+03
	887	524	221.750000	41.000000	1.007530e+03
	943	524	235.750000	41.000000	1.016660e+03
	964	524	241.000000	41.000000	1.014628e+03
	978	524	244.500000	41.000000	1.015648e+03
	987	524	246.750000	41.000000	1.014628e+03
	662	525	165.500000	41.250000	9.859500e+02
	943	525	235.750000	41.250000	1.016660e+03
	954	525	238.500000	41.250000	1.015893e+03
	968	526	242.000000	41.500000	1.013975e+03
	999	526	249.750000	41.500000	1.018912e+03
	939	527	234.750000	41.750000	1.016768e+03
	950	527	237.500000	41.750000	1.016410e+03
	955	528	238.750000	42.000000	1.015657e+03
	973	528	243.250000	42.000000	1.014270e+03
	1000	528	250.000000	42.000000	1.019088e+03
	948	530	237.000000	42.500000	1.016555e+03
	969	532	242.250000	43.000000	1.012357e+03
	946	533	236.500000	43.250000	1.016980e+03
	974	534	243.500000	43.500000	1.011432e+03
	972	536	243.000000	44.000000	1.010653e+03
	956	537	239.000000	44.250000	1.014628e+03
	963	539	240.750000	44.750000	1.013273e+03
	982	542	245.500000	45.500000	1.016927e+03
	949	544	237.250000	46.000000	1.015812e+03
	994	544	248.500000	46.000000	1.015068e+03
	952	546	238.000000	46.500000	1.015323e+03
	963	546	240.750000	46.500000	1.010220e+03
	968	547	242.000000	46.750000	1.010922e+03
	984	547	246.000000	46.750000	1.014760e+03
	963	549	240.750000	47.250000	1.010590e+03
	950	552	237.500000	48.000000	1.013432e+03
	962	552	240.500000	48.000000	1.010943e+03
	983	553	245.750000	48.250000	1.012910e+03
	947	554	236.750000	48.500000	1.012893e+03
	963	555	240.750000	48.750000	1.011585e+03
	968	555	242.000000	48.750000	1.010982e+03
	948	556	237.000000	49.000000	1.013037e+03
	999	556	249.750000	49.000000	1.009760e+03
	977	558	244.250000	49.500000	1.011535e+03
	962	560	240.500000	50.000000	1.012167e+03
	977	561	244.250000	50.250000	1.011815e+03
	968	562	242.000000	50.500000	1.011955e+03
	935	563	233.750000	50.750000	1.010523e+03
	975	563	243.750000	50.750000	1.012025e+03
	992	564	248.000000	51.000000	1.007535e+03
	994	566	248.500000	51.500000	1.007660e+03
	970	567	242.500000	51.750000	1.010763e+03
	984	567	246.000000	51.750000	1.007375e+03
	960	568	240.000000	52.000000	1.009997e+03
	940	569	235.000000	52.250000	1.009000e+03
	944	569	236.000000	52.250000	1.008742e+03
	982	569	245.500000	52.250000	1.007078e+03
	932	570	233.000000	52.500000	1.010222e+03
	963	571	240.750000	52.750000	1.008885e+03
	945	572	236.250000	53.000000	1.008570e+03
	950	572	237.500000	53.000000	1.008290e+03
	979	572	244.750000	53.000000	1.006300e+03
	960	573	240.000000	53.250000	1.008742e+03
	974	573	243.500000	53.250000	1.006435e+03
	973	574	243.250000	53.500000	1.006435e+03
	992	575	248.000000	53.750000	1.006023e+03
	980	577	245.000000	54.250000	1.005995e+03
	930	581	232.500000	55.250000	1.005323e+03
	673	586	168.250000	56.500000	1.012427e+03
	922	586	230.500000	56.500000	1.003907e+03
	814	588	203.500000	57.000000	1.019605e+03
	936	591	234.000000	57.750000	1.003388e+03
	822	592	205.500000	58.000000	1.014758e+03
	926	592	231.500000	58.000000	1.002818e+03
	907	594	226.750000	58.500000	1.000227e+03
	917	594	229.250000	58.500000	1.001893e+03
	878	596	219.500000	59.000000	9.903075e+02
	947	596	236.750000	59.000000	9.997075e+02
	948	596	237.000000	59.000000	9.997075e+02
	932	598	233.000000	59.500000	1.000968e+03
	1000	598	250.000000	59.500000	9.985125e+02
	928	599	232.000000	59.750000	1.000903e+03
