2015	1	19	183	6
	999	420	249.750000	15.000000	1.016305e+03
	704	421	176.000000	15.250000	1.011055e+03
	707	422	176.750000	15.500000	1.011095e+03
	954	422	238.500000	15.500000	1.015667e+03
	993	422	248.250000	15.500000	1.015953e+03
	694	424	173.500000	16.000000	1.011143e+03
	674	425	168.500000	16.250000	1.011302e+03
	661	426	165.250000	16.500000	1.011162e+03
	675	426	168.750000	16.500000	1.011302e+03
	695	426	173.750000	16.500000	1.011140e+03
	681	428	170.250000	17.000000	1.011157e+03
	689	429	172.250000	17.250000	1.011097e+03
	661	432	165.250000	18.000000	1.010968e+03
	663	433	165.750000	18.250000	1.010958e+03
	668	434	167.000000	18.500000	1.010930e+03
	672	436	168.000000	19.000000	1.010835e+03
	926	436	231.500000	19.000000	1.015328e+03
	668	438	167.000000	19.500000	1.010802e+03
	814	438	203.500000	19.500000	1.016573e+03
	815	440	203.750000	20.000000	1.016448e+03
	821	440	205.250000	20.000000	1.017318e+03
	819	441	204.750000	20.250000	1.017122e+03
	811	442	202.750000	20.500000	1.016838e+03
	821	443	205.250000	20.750000	1.017425e+03
	817	444	204.250000	21.000000	1.017330e+03
	814	445	203.500000	21.250000	1.017253e+03
	999	451	249.750000	22.750000	1.017628e+03
	991	460	247.750000	25.000000	1.019115e+03
	992	462	248.000000	25.500000	1.019093e+03
	991	464	247.750000	26.000000	1.019085e+03
	987	466	246.750000	26.500000	1.018890e+03
	980	470	245.000000	27.500000	1.020047e+03
	1000	471	250.000000	27.750000	1.017703e+03
	997	472	249.250000	28.000000	1.017685e+03
	984	473	246.000000	28.250000	1.019372e+03
	868	474	217.000000	28.500000	1.023260e+03
	981	476	245.250000	29.000000	1.019575e+03
	995	476	248.750000	29.000000	1.017825e+03
	990	483	247.500000	30.750000	1.018773e+03
	860	484	215.000000	31.000000	1.022700e+03
	976	484	244.000000	31.000000	1.020268e+03
	864	486	216.000000	31.500000	1.022622e+03
	1000	487	250.000000	31.750000	1.021112e+03
	973	490	243.250000	32.500000	1.021115e+03
	972	492	243.000000	33.000000	1.021270e+03
	977	492	244.250000	33.000000	1.020823e+03
	908	493	227.000000	33.250000	1.027088e+03
	971	494	242.750000	33.500000	1.021295e+03
	991	494	247.750000	33.500000	1.019765e+03
	970	496	242.500000	34.000000	1.021487e+03
	983	496	245.750000	34.000000	1.020677e+03
	917	497	229.250000	34.250000	1.027307e+03
	961	497	240.250000	34.250000	1.021275e+03
	922	499	230.500000	34.750000	1.027328e+03
	997	503	249.250000	35.750000	1.024012e+03
	979	504	244.750000	36.000000	1.022153e+03
	905	505	226.250000	36.250000	1.028667e+03
	906	505	226.500000	36.250000	1.028667e+03
	976	505	244.000000	36.250000	1.022703e+03
	984	505	246.000000	36.250000	1.022140e+03
	960	506	240.000000	36.500000	1.024748e+03
	968	506	242.000000	36.500000	1.022393e+03
	972	506	243.000000	36.500000	1.022778e+03
	989	506	247.250000	36.500000	1.022160e+03
	963	507	240.750000	36.750000	1.024252e+03
	986	507	246.500000	36.750000	1.022338e+03
	996	507	249.000000	36.750000	1.023195e+03
	961	509	240.250000	37.250000	1.024225e+03
	967	509	241.750000	37.250000	1.022427e+03
	959	511	239.750000	37.750000	1.024262e+03
	983	511	245.750000	37.750000	1.023125e+03
	990	511	247.500000	37.750000	1.022448e+03
	967	512	241.750000	38.000000	1.022820e+03
	951	513	237.750000	38.250000	1.025002e+03
	958	513	239.500000	38.250000	1.024340e+03
	994	513	248.500000	38.250000	1.022100e+03
	977	514	244.250000	38.500000	1.022388e+03
	966	516	241.500000	39.000000	1.022768e+03
	977	519	244.250000	39.750000	1.022508e+03
	969	520	242.250000	40.000000	1.023415e+03
	973	521	243.250000	40.250000	1.023140e+03
	985	521	246.250000	40.250000	1.020100e+03
	988	522	247.000000	40.500000	1.020310e+03
	998	522	249.500000	40.500000	1.021677e+03
	663	523	165.750000	40.750000	9.723975e+02
	964	524	241.000000	41.000000	1.024270e+03
	976	524	244.000000	41.000000	1.024042e+03
	999	526	249.750000	41.500000	1.019763e+03
	707	530	176.750000	42.500000	9.590200e+02
	948	530	237.000000	42.500000	1.028965e+03
	968	530	242.000000	42.500000	1.025150e+03
	1000	530	250.000000	42.500000	1.018160e+03
	975	533	243.750000	43.250000	1.024500e+03
	970	535	242.500000	43.750000	1.025515e+03
	993	535	248.250000	43.750000	1.021622e+03
	978	537	244.500000	44.250000	1.026075e+03
	990	537	247.500000	44.250000	1.019727e+03
	962	538	240.500000	44.500000	1.027500e+03
	973	538	243.250000	44.500000	1.026090e+03
	817	539	204.250000	44.750000	9.962600e+02
	954	540	238.500000	45.000000	1.026583e+03
	991	541	247.750000	45.250000	1.020175e+03
	824	542	206.000000	45.500000	9.968500e+02
	955	542	238.750000	45.500000	1.026012e+03
	972	546	243.000000	46.500000	1.024502e+03
	975	546	243.750000	46.500000	1.024540e+03
	995	546	248.750000	46.500000	1.017200e+03
	949	552	237.250000	48.000000	1.023107e+03
	960	552	240.000000	48.000000	1.020550e+03
	990	553	247.500000	48.250000	1.011475e+03
	962	556	240.500000	49.000000	1.019883e+03
	996	562	249.000000	50.500000	1.005185e+03
	997	562	249.250000	50.500000	1.005185e+03
	975	563	243.750000	50.750000	1.013490e+03
	990	564	247.500000	51.000000	1.004828e+03
	985	567	246.250000	51.750000	1.004593e+03
	983	570	245.750000	52.500000	1.004732e+03
	980	571	245.000000	52.750000	1.004795e+03
	976	572	244.000000	53.000000	1.004657e+03
	781	573	195.250000	53.250000	1.003570e+03
	992	573	248.000000	53.250000	1.005270e+03
	999	573	249.750000	53.250000	1.005570e+03
	778	574	194.500000	53.500000	1.003575e+03
	979	574	244.750000	53.500000	1.005143e+03
	951	576	237.750000	54.000000	1.009797e+03
	974	576	243.500000	54.000000	1.005037e+03
	777	577	194.250000	54.250000	1.003612e+03
	964	578	241.000000	54.500000	1.004782e+03
	990	578	247.500000	54.500000	1.005222e+03
	991	578	247.750000	54.500000	1.005222e+03
	936	579	234.000000	54.750000	1.008912e+03
	941	579	235.250000	54.750000	1.008965e+03
	960	579	240.000000	54.750000	1.004680e+03
	969	579	242.250000	54.750000	1.004732e+03
	696	580	174.000000	55.000000	9.888475e+02
	812	580	203.000000	55.000000	1.000905e+03
	981	580	245.250000	55.000000	1.003910e+03
	812	582	203.000000	55.500000	1.000917e+03
	929	582	232.250000	55.500000	1.008263e+03
	1000	582	250.000000	55.500000	1.003503e+03
	812	583	203.000000	55.750000	1.000917e+03
	964	583	241.000000	55.750000	1.004245e+03
	985	583	246.250000	55.750000	1.003750e+03
	995	584	248.750000	56.000000	1.003198e+03
	891	585	222.750000	56.250000	9.935925e+02
	953	585	238.250000	56.250000	1.003560e+03
	704	587	176.000000	56.750000	9.901125e+02
	798	587	199.500000	56.750000	1.003273e+03
	708	588	177.000000	57.000000	9.903150e+02
	936	588	234.000000	57.000000	1.005372e+03
	948	589	237.000000	57.250000	1.001010e+03
	986	589	246.500000	57.250000	1.002602e+03
	1000	589	250.000000	57.250000	1.003422e+03
	968	590	242.000000	57.500000	1.001597e+03
	990	590	247.500000	57.500000	1.002758e+03
	716	591	179.000000	57.750000	9.901700e+02
	822	591	205.500000	57.750000	1.002907e+03
	918	591	229.500000	57.750000	1.003297e+03
	946	591	236.500000	57.750000	1.000912e+03
	976	591	244.000000	57.750000	1.002360e+03
	878	592	219.500000	58.000000	9.987050e+02
	932	592	233.000000	58.000000	1.004095e+03
	962	592	240.500000	58.000000	1.001450e+03
	831	593	207.750000	58.250000	1.003383e+03
	910	593	227.500000	58.250000	1.002763e+03
	944	593	236.000000	58.250000	1.000730e+03
	881	594	220.250000	58.500000	9.987175e+02
	914	594	228.500000	58.500000	1.003643e+03
	927	595	231.750000	58.750000	1.002365e+03
	931	596	232.750000	59.000000	1.004045e+03
	954	596	238.500000	59.000000	1.002057e+03
	978	596	244.500000	59.000000	1.001565e+03
	875	597	218.750000	59.250000	9.983825e+02
	906	597	226.500000	59.250000	1.003515e+03
	962	597	240.500000	59.250000	1.003000e+03
	732	598	183.000000	59.500000	9.915200e+02
	918	598	229.500000	59.500000	1.002922e+03
	841	599	210.250000	59.750000	1.000958e+03
	939	599	234.750000	59.750000	1.001970e+03
	832	600	208.000000	60.000000	1.002693e+03
	871	600	217.750000	60.000000	9.981475e+02
	915	600	228.750000	60.000000	1.002980e+03
	955	600	238.750000	60.000000	1.003907e+03
