2014	12	26	190	21
	837	420	209.250000	15.000000	1.010401e+03
	830	421	207.500000	15.250000	1.010343e+03
	962	421	240.500000	15.250000	1.011566e+03
	836	424	209.000000	16.000000	1.010356e+03
	830	425	207.500000	16.250000	1.010436e+03
	838	426	209.500000	16.500000	1.010411e+03
	832	428	208.000000	17.000000	1.010438e+03
	840	428	210.000000	17.000000	1.010478e+03
	818	435	204.500000	18.750000	1.010273e+03
	822	435	205.500000	18.750000	1.010438e+03
	814	438	203.500000	19.500000	1.010803e+03
	812	439	203.000000	19.750000	1.010908e+03
	849	439	212.250000	19.750000	1.009766e+03
	821	440	205.250000	20.000000	1.010406e+03
	816	441	204.000000	20.250000	1.010601e+03
	819	442	204.750000	20.500000	1.010306e+03
	994	446	248.500000	21.500000	1.013478e+03
	979	449	244.750000	22.250000	1.014278e+03
	981	450	245.250000	22.500000	1.014316e+03
	871	452	217.750000	23.000000	1.012393e+03
	875	456	218.750000	24.000000	1.012351e+03
	998	456	249.500000	24.000000	1.013121e+03
	701	460	175.250000	25.000000	1.018583e+03
	996	461	249.000000	25.250000	1.013066e+03
	994	465	248.500000	26.250000	1.013246e+03
	677	467	169.250000	26.750000	1.017566e+03
	709	470	177.250000	27.500000	1.018348e+03
	983	470	245.750000	27.500000	1.014688e+03
	986	472	246.500000	28.000000	1.014496e+03
	686	473	171.500000	28.250000	1.017621e+03
	996	478	249.000000	29.500000	1.012711e+03
	978	479	244.500000	29.750000	1.015711e+03
	972	481	243.000000	30.250000	1.016136e+03
	1000	481	250.000000	30.250000	1.012278e+03
	975	482	243.750000	30.500000	1.016246e+03
	979	483	244.750000	30.750000	1.016311e+03
	995	483	248.750000	30.750000	1.013933e+03
	976	486	244.000000	31.500000	1.015648e+03
	993	489	248.250000	32.250000	1.015313e+03
	741	490	185.250000	32.500000	1.013081e+03
	740	494	185.000000	33.500000	1.013086e+03
	973	494	243.250000	33.500000	1.016813e+03
	977	494	244.250000	33.500000	1.017628e+03
	990	494	247.500000	33.500000	1.015931e+03
	740	495	185.000000	33.750000	1.013086e+03
	969	496	242.250000	34.000000	1.017206e+03
	823	497	205.750000	34.250000	9.868831e+02
	962	498	240.500000	34.500000	1.017563e+03
	987	498	246.750000	34.500000	1.015798e+03
	992	498	248.000000	34.500000	1.014546e+03
	997	498	249.250000	34.500000	1.012863e+03
	963	500	240.750000	35.000000	1.018748e+03
	972	500	243.000000	35.000000	1.019683e+03
	980	500	245.000000	35.000000	1.017501e+03
	753	501	188.250000	35.250000	1.014501e+03
	966	501	241.500000	35.250000	1.018978e+03
	994	501	248.500000	35.250000	1.013561e+03
	963	504	240.750000	36.000000	1.020008e+03
	966	504	241.500000	36.000000	1.018423e+03
	981	504	245.250000	36.000000	1.018216e+03
	987	504	246.750000	36.000000	1.017483e+03
	758	506	189.500000	36.500000	1.014628e+03
	965	507	241.250000	36.750000	1.018853e+03
	975	507	243.750000	36.750000	1.020271e+03
	1000	507	250.000000	36.750000	1.014728e+03
	954	508	238.500000	37.000000	1.020816e+03
	985	509	246.250000	37.250000	1.017196e+03
	995	509	248.750000	37.250000	1.014433e+03
	760	510	190.000000	37.500000	1.014888e+03
	961	511	240.250000	37.750000	1.019021e+03
	691	513	172.750000	38.250000	1.008671e+03
	967	514	241.750000	38.500000	1.025696e+03
	984	515	246.000000	38.750000	1.021513e+03
	998	515	249.500000	38.750000	1.015678e+03
	966	516	241.500000	39.000000	1.025193e+03
	987	516	246.750000	39.000000	1.021253e+03
	985	518	246.250000	39.500000	1.021441e+03
	990	518	247.500000	39.500000	1.021298e+03
	997	518	249.250000	39.500000	1.016126e+03
	953	519	238.250000	39.750000	1.022178e+03
	966	519	241.500000	39.750000	1.025978e+03
	969	520	242.250000	40.000000	1.025951e+03
	986	521	246.500000	40.250000	1.021796e+03
	998	522	249.500000	40.500000	1.017083e+03
	975	523	243.750000	40.750000	1.025511e+03
	977	523	244.250000	40.750000	1.025511e+03
	964	524	241.000000	41.000000	1.026321e+03
	972	524	243.000000	41.000000	1.025491e+03
	994	525	248.500000	41.250000	1.021446e+03
	974	528	243.500000	42.000000	1.025663e+03
	995	528	248.750000	42.000000	1.021413e+03
	956	529	239.000000	42.250000	1.026698e+03
	967	530	241.750000	42.500000	1.026623e+03
	985	530	246.250000	42.500000	1.024956e+03
	954	531	238.500000	42.750000	1.026661e+03
	969	532	242.250000	43.000000	1.026008e+03
	978	532	244.500000	43.000000	1.024066e+03
	963	533	240.750000	43.250000	1.026998e+03
	999	533	249.750000	43.250000	1.018583e+03
	981	534	245.250000	43.500000	1.023918e+03
	954	535	238.500000	43.750000	1.026498e+03
	989	535	247.250000	43.750000	1.024588e+03
	959	536	239.750000	44.000000	1.027863e+03
	971	536	242.750000	44.000000	1.025771e+03
	954	537	238.500000	44.250000	1.026451e+03
	978	537	244.500000	44.250000	1.024878e+03
	950	539	237.500000	44.750000	1.027663e+03
	970	539	242.500000	44.750000	1.026658e+03
	954	540	238.500000	45.000000	1.026236e+03
	749	543	187.250000	45.750000	9.968006e+02
	984	543	246.000000	45.750000	1.024683e+03
	987	543	246.750000	45.750000	1.024333e+03
	942	544	235.500000	46.000000	1.026588e+03
	957	545	239.250000	46.250000	1.025398e+03
	971	546	242.750000	46.500000	1.026871e+03
	941	547	235.250000	46.750000	1.026588e+03
	1000	547	250.000000	46.750000	1.024496e+03
	958	548	239.500000	47.000000	1.025918e+03
	981	548	245.250000	47.000000	1.025623e+03
	947	551	236.750000	47.750000	1.026998e+03
	968	551	242.000000	47.750000	1.025556e+03
	988	551	247.000000	47.750000	1.023736e+03
	971	552	242.750000	48.000000	1.025786e+03
	959	553	239.750000	48.250000	1.025563e+03
	747	554	186.750000	48.500000	9.961606e+02
	965	554	241.250000	48.500000	1.025451e+03
	987	554	246.750000	48.500000	1.023438e+03
	960	555	240.000000	48.750000	1.024898e+03
	931	556	232.750000	49.000000	1.026008e+03
	945	556	236.250000	49.000000	1.027283e+03
	951	556	237.750000	49.000000	1.027713e+03
	979	557	244.750000	49.250000	1.026271e+03
	939	559	234.750000	49.750000	1.027108e+03
	963	559	240.750000	49.750000	1.025771e+03
	975	559	243.750000	49.750000	1.026178e+03
	741	560	185.250000	50.000000	9.972556e+02
	985	561	246.250000	50.250000	1.020876e+03
	984	563	246.000000	50.750000	1.020971e+03
	965	564	241.250000	51.000000	1.026591e+03
	949	565	237.250000	51.250000	1.024403e+03
	985	565	246.250000	51.250000	1.020966e+03
	955	566	238.750000	51.500000	1.024248e+03
	979	569	244.750000	52.250000	1.020631e+03
	990	570	247.500000	52.500000	1.020758e+03
	990	571	247.500000	52.750000	1.020758e+03
	976	572	244.000000	53.000000	1.019708e+03
	947	575	236.750000	53.750000	1.022028e+03
	933	576	233.250000	54.000000	1.023266e+03
	969	577	242.250000	54.250000	1.019101e+03
	679	578	169.750000	54.500000	9.586656e+02
	979	579	244.750000	54.750000	1.020016e+03
	945	580	236.250000	55.000000	1.023121e+03
	961	580	240.250000	55.000000	1.018143e+03
	962	580	240.500000	55.000000	1.018143e+03
	995	580	248.750000	55.000000	1.023336e+03
	928	581	232.000000	55.250000	1.023346e+03
	872	582	218.000000	55.500000	1.010251e+03
	942	582	235.500000	55.500000	1.021923e+03
	960	582	240.000000	55.500000	1.018088e+03
	983	582	245.750000	55.500000	1.021821e+03
	933	585	233.250000	56.250000	1.023116e+03
	982	586	245.500000	56.500000	1.022176e+03
	936	587	234.000000	56.750000	1.021906e+03
	902	588	225.500000	57.000000	1.019068e+03
	998	588	249.500000	57.000000	1.026096e+03
	974	589	243.500000	57.250000	1.019863e+03
	966	590	241.500000	57.500000	1.016723e+03
	984	590	246.000000	57.500000	1.022698e+03
	912	591	228.000000	57.750000	1.019263e+03
	962	592	240.500000	58.000000	1.015816e+03
	931	593	232.750000	58.250000	1.021486e+03
	911	595	227.750000	58.750000	1.018556e+03
	946	595	236.500000	58.750000	1.014451e+03
	892	596	223.000000	59.000000	1.016998e+03
	971	596	242.750000	59.000000	1.022078e+03
	822	597	205.500000	59.250000	1.016606e+03
	835	597	208.750000	59.250000	1.016346e+03
	998	597	249.500000	59.250000	1.028376e+03
	862	598	215.500000	59.500000	1.015821e+03
	890	598	222.500000	59.500000	1.017143e+03
	926	598	231.500000	59.500000	1.017698e+03
	953	598	238.250000	59.500000	1.016898e+03
	977	598	244.250000	59.500000	1.020501e+03
	841	599	210.250000	59.750000	1.015676e+03
	874	599	218.500000	59.750000	1.015256e+03
	941	599	235.250000	59.750000	1.015281e+03
	947	599	236.750000	59.750000	1.016831e+03
	795	600	198.750000	60.000000	1.015353e+03
	904	600	226.000000	60.000000	1.015941e+03
	919	600	229.750000	60.000000	1.017468e+03
