2014	12	5	208	9
	676	424	169.000000	16.000000	1.008862e+03
	677	425	169.250000	16.250000	1.008862e+03
	710	429	177.500000	17.250000	1.010347e+03
	719	430	179.750000	17.500000	1.010500e+03
	727	430	181.750000	17.500000	1.010610e+03
	808	430	202.000000	17.500000	1.014385e+03
	828	431	207.000000	17.750000	1.014992e+03
	812	432	203.000000	18.000000	1.014893e+03
	815	432	203.750000	18.000000	1.014878e+03
	988	435	247.000000	18.750000	1.013242e+03
	729	436	182.250000	19.000000	1.011080e+03
	815	436	203.750000	19.000000	1.014977e+03
	724	439	181.000000	19.750000	1.011050e+03
	726	440	181.500000	20.000000	1.011078e+03
	815	440	203.750000	20.000000	1.014968e+03
	821	440	205.250000	20.000000	1.015977e+03
	813	441	203.250000	20.250000	1.015287e+03
	817	442	204.250000	20.500000	1.015605e+03
	821	443	205.250000	20.750000	1.016005e+03
	817	444	204.250000	21.000000	1.015862e+03
	844	444	211.000000	21.000000	1.016073e+03
	876	448	219.000000	22.000000	1.016532e+03
	898	448	224.500000	22.000000	1.016528e+03
	891	450	222.750000	22.500000	1.016430e+03
	843	453	210.750000	23.250000	1.016398e+03
	854	455	213.500000	23.750000	1.016292e+03
	912	455	228.000000	23.750000	1.016515e+03
	934	455	233.500000	23.750000	1.016180e+03
	865	456	216.250000	24.000000	1.016290e+03
	868	457	217.000000	24.250000	1.016237e+03
	941	457	235.250000	24.250000	1.016472e+03
	872	458	218.000000	24.500000	1.016270e+03
	938	459	234.500000	24.750000	1.016550e+03
	992	462	248.000000	25.500000	1.014795e+03
	789	468	197.250000	27.000000	1.019167e+03
	813	468	203.250000	27.000000	1.018198e+03
	761	473	190.250000	28.250000	1.018787e+03
	994	473	248.500000	28.250000	1.015245e+03
	765	474	191.250000	28.500000	1.018823e+03
	776	476	194.000000	29.000000	1.018945e+03
	820	476	205.000000	29.000000	1.017725e+03
	994	476	248.500000	29.000000	1.015148e+03
	919	477	229.750000	29.250000	1.013835e+03
	967	478	241.750000	29.500000	1.017650e+03
	977	478	244.250000	29.500000	1.017557e+03
	975	482	243.750000	30.500000	1.017588e+03
	983	482	245.750000	30.500000	1.016438e+03
	974	484	243.500000	31.000000	1.017635e+03
	972	487	243.000000	31.750000	1.017682e+03
	979	488	244.750000	32.000000	1.017037e+03
	678	489	169.500000	32.250000	1.019232e+03
	970	490	242.500000	32.500000	1.017667e+03
	919	492	229.750000	33.000000	1.010865e+03
	977	492	244.250000	33.000000	1.017530e+03
	972	498	243.000000	34.500000	1.018503e+03
	969	499	242.250000	34.750000	1.018090e+03
	996	499	249.000000	34.750000	1.019270e+03
	963	500	240.750000	35.000000	1.016660e+03
	997	503	249.250000	35.750000	1.020093e+03
	963	504	240.750000	36.000000	1.016525e+03
	960	505	240.000000	36.250000	1.016448e+03
	968	505	242.000000	36.250000	1.018660e+03
	982	505	245.500000	36.250000	1.018950e+03
	972	506	243.000000	36.500000	1.019162e+03
	988	506	247.000000	36.500000	1.019485e+03
	989	506	247.250000	36.500000	1.019485e+03
	977	508	244.250000	37.000000	1.019050e+03
	997	508	249.250000	37.000000	1.018562e+03
	957	509	239.250000	37.250000	1.016482e+03
	996	509	249.000000	37.250000	1.018562e+03
	965	510	241.250000	37.500000	1.018330e+03
	986	511	246.500000	37.750000	1.019930e+03
	995	511	248.750000	37.750000	1.018395e+03
	953	512	238.250000	38.000000	1.016190e+03
	967	512	241.750000	38.000000	1.018305e+03
	1000	513	250.000000	38.250000	1.018153e+03
	963	514	240.750000	38.500000	1.017845e+03
	996	515	249.000000	38.750000	1.018222e+03
	966	517	241.500000	39.250000	1.017378e+03
	952	518	238.000000	39.500000	1.016385e+03
	979	518	244.750000	39.500000	1.018465e+03
	986	518	246.500000	39.500000	1.017643e+03
	976	519	244.000000	39.750000	1.018660e+03
	1000	519	250.000000	39.750000	1.018177e+03
	963	520	240.750000	40.000000	1.017362e+03
	950	521	237.500000	40.250000	1.016655e+03
	964	522	241.000000	40.500000	1.017492e+03
	976	522	244.000000	40.500000	1.018458e+03
	989	522	247.250000	40.500000	1.017545e+03
	1000	523	250.000000	40.750000	1.017823e+03
	996	525	249.000000	41.250000	1.018722e+03
	958	526	239.500000	41.500000	1.017893e+03
	993	526	248.250000	41.500000	1.018432e+03
	973	527	243.250000	41.750000	1.018635e+03
	985	527	246.250000	41.750000	1.018215e+03
	998	527	249.500000	41.750000	1.019157e+03
	890	529	222.500000	42.250000	9.994950e+02
	985	529	246.250000	42.250000	1.017597e+03
	994	529	248.500000	42.250000	1.019695e+03
	970	530	242.500000	42.500000	1.017528e+03
	977	530	244.250000	42.500000	1.017227e+03
	988	530	247.000000	42.500000	1.017870e+03
	974	532	243.500000	43.000000	1.017018e+03
	957	533	239.250000	43.250000	1.017008e+03
	966	533	241.500000	43.250000	1.017133e+03
	983	533	245.750000	43.250000	1.018505e+03
	986	534	246.500000	43.500000	1.018015e+03
	976	535	244.000000	43.750000	1.017420e+03
	998	535	249.500000	43.750000	1.020122e+03
	902	536	225.500000	44.000000	9.983150e+02
	981	537	245.250000	44.250000	1.018675e+03
	957	538	239.250000	44.500000	1.015225e+03
	962	540	240.500000	45.000000	1.016260e+03
	987	540	246.750000	45.000000	1.017492e+03
	982	542	245.500000	45.500000	1.017870e+03
	998	542	249.500000	45.500000	1.016120e+03
	969	544	242.250000	46.000000	1.017568e+03
	978	544	244.500000	46.000000	1.017578e+03
	1000	544	250.000000	46.000000	1.014888e+03
	800	545	200.000000	46.250000	9.772400e+02
	983	546	245.750000	46.500000	1.017633e+03
	992	546	248.000000	46.500000	1.016150e+03
	950	547	237.500000	46.750000	1.013760e+03
	995	547	248.750000	46.750000	1.016682e+03
	973	548	243.250000	47.000000	1.018797e+03
	984	549	246.000000	47.250000	1.018557e+03
	989	549	247.250000	47.250000	1.017815e+03
	883	552	220.750000	48.000000	9.949550e+02
	964	553	241.000000	48.250000	1.021312e+03
	995	554	248.750000	48.500000	1.022487e+03
	971	555	242.750000	48.750000	1.020800e+03
	946	556	236.500000	49.000000	1.014378e+03
	958	556	239.500000	49.000000	1.015562e+03
	1000	558	250.000000	49.500000	1.022148e+03
	964	559	241.000000	49.750000	1.020115e+03
	764	560	191.000000	50.000000	9.750450e+02
	951	561	237.750000	50.250000	1.017037e+03
	973	561	243.250000	50.250000	1.019583e+03
	941	563	235.250000	50.750000	1.014273e+03
	965	563	241.250000	50.750000	1.021972e+03
	980	563	245.000000	50.750000	1.020075e+03
	945	564	236.250000	51.000000	1.012963e+03
	970	564	242.500000	51.000000	1.020722e+03
	957	565	239.250000	51.250000	1.021910e+03
	975	567	243.750000	51.750000	1.019472e+03
	995	569	248.750000	52.250000	1.023915e+03
	947	570	236.750000	52.500000	1.023630e+03
	971	570	242.750000	52.500000	1.018912e+03
	833	571	208.250000	52.750000	9.889225e+02
	939	571	234.750000	52.750000	1.020155e+03
	959	571	239.750000	52.750000	1.019432e+03
	966	571	241.500000	52.750000	1.020960e+03
	702	572	175.500000	53.000000	1.003407e+03
	990	573	247.500000	53.250000	1.023135e+03
	999	573	249.750000	53.250000	1.023305e+03
	963	574	240.750000	53.500000	1.019195e+03
	660	575	165.000000	53.750000	1.001157e+03
	665	577	166.250000	54.250000	1.001188e+03
	959	577	239.750000	54.250000	1.020065e+03
	946	578	236.500000	54.500000	1.027463e+03
	990	578	247.500000	54.500000	1.022857e+03
	979	579	244.750000	54.750000	1.021460e+03
	945	580	236.250000	55.000000	1.026645e+03
	971	581	242.750000	55.250000	1.022922e+03
	785	582	196.250000	55.500000	9.893050e+02
	941	582	235.250000	55.500000	1.022287e+03
	957	582	239.250000	55.500000	1.020805e+03
	963	582	240.750000	55.500000	1.021495e+03
	987	582	246.750000	55.500000	1.022253e+03
	992	582	248.000000	55.500000	1.022593e+03
	951	583	237.750000	55.750000	1.020503e+03
	927	584	231.750000	56.000000	1.020177e+03
	995	584	248.750000	56.000000	1.022628e+03
	798	585	199.500000	56.250000	9.903475e+02
	935	586	233.750000	56.500000	1.020372e+03
	984	586	246.000000	56.500000	1.021800e+03
	965	587	241.250000	56.750000	1.020732e+03
	905	588	226.250000	57.000000	1.010750e+03
	976	588	244.000000	57.000000	1.021537e+03
	916	589	229.000000	57.250000	1.016335e+03
	922	589	230.500000	57.250000	1.017003e+03
	928	589	232.000000	57.250000	1.019013e+03
	986	589	246.500000	57.250000	1.021768e+03
	998	589	249.500000	57.250000	1.022583e+03
	906	590	226.500000	57.500000	1.010528e+03
	946	590	236.500000	57.500000	1.018065e+03
	958	590	239.500000	57.500000	1.020220e+03
	900	591	225.000000	57.750000	1.010922e+03
	978	591	244.500000	57.750000	1.021542e+03
	992	591	248.000000	57.750000	1.021833e+03
	930	593	232.500000	58.250000	1.020672e+03
	944	593	236.000000	58.250000	1.017740e+03
	890	594	222.500000	58.500000	1.008530e+03
	914	594	228.500000	58.500000	1.018855e+03
	971	594	242.750000	58.500000	1.022792e+03
	902	595	225.500000	58.750000	1.010737e+03
	926	596	231.500000	59.000000	1.018093e+03
	978	596	244.500000	59.000000	1.021000e+03
	934	597	233.500000	59.250000	1.019857e+03
	954	597	238.500000	59.250000	1.021612e+03
	959	597	239.750000	59.250000	1.022448e+03
	919	598	229.750000	59.500000	1.016600e+03
	963	598	240.750000	59.500000	1.022287e+03
	967	598	241.750000	59.500000	1.022280e+03
	879	599	219.750000	59.750000	1.008943e+03
	906	599	226.500000	59.750000	1.016393e+03
	939	599	234.750000	59.750000	1.019747e+03
	836	600	209.000000	60.000000	1.005362e+03
