2015	9	8	265	21
	727	420	181.750000	15.000000	1.010344e+03
	926	420	231.500000	15.000000	1.009036e+03
	942	420	235.500000	15.000000	1.008996e+03
	943	420	235.750000	15.000000	1.008996e+03
	735	421	183.750000	15.250000	1.010269e+03
	924	421	231.000000	15.250000	1.009036e+03
	926	421	231.500000	15.250000	1.009036e+03
	829	422	207.250000	15.500000	1.011941e+03
	693	423	173.250000	15.750000	1.008589e+03
	671	424	167.750000	16.000000	1.009161e+03
	677	424	169.250000	16.000000	1.008989e+03
	688	424	172.000000	16.000000	1.008541e+03
	726	424	181.500000	16.000000	1.010236e+03
	665	425	166.250000	16.250000	1.009054e+03
	704	425	176.000000	16.250000	1.008796e+03
	776	425	194.000000	16.250000	1.011581e+03
	674	426	168.500000	16.500000	1.008939e+03
	799	427	199.750000	16.750000	1.012686e+03
	681	428	170.250000	17.000000	1.008639e+03
	661	429	165.250000	17.250000	1.008956e+03
	675	434	168.750000	18.500000	1.009151e+03
	717	434	179.250000	18.500000	1.010694e+03
	793	434	198.250000	18.500000	1.013266e+03
	804	434	201.000000	18.500000	1.013244e+03
	798	435	199.500000	18.750000	1.013256e+03
	799	435	199.750000	18.750000	1.013256e+03
	800	435	200.000000	18.750000	1.013256e+03
	822	435	205.500000	18.750000	1.013156e+03
	828	435	207.000000	18.750000	1.012981e+03
	815	436	203.750000	19.000000	1.013284e+03
	820	436	205.000000	19.000000	1.013224e+03
	737	438	184.250000	19.500000	1.011386e+03
	814	438	203.500000	19.500000	1.013116e+03
	824	438	206.000000	19.500000	1.013209e+03
	812	439	203.000000	19.750000	1.013179e+03
	810	440	202.500000	20.000000	1.013309e+03
	815	440	203.750000	20.000000	1.013014e+03
	808	441	202.000000	20.250000	1.013441e+03
	820	441	205.000000	20.250000	1.013011e+03
	818	442	204.500000	20.500000	1.013019e+03
	820	444	205.000000	21.000000	1.013016e+03
	810	445	202.500000	21.250000	1.013466e+03
	802	446	200.500000	21.500000	1.013819e+03
	800	447	200.000000	21.750000	1.013869e+03
	806	447	201.500000	21.750000	1.013741e+03
	981	447	245.250000	21.750000	9.913187e+02
	998	457	249.500000	24.250000	1.007636e+03
	997	461	249.250000	25.250000	1.008006e+03
	991	463	247.750000	25.750000	1.006076e+03
	996	463	249.000000	25.750000	1.008124e+03
	827	464	206.750000	26.000000	1.000876e+03
	988	465	247.000000	26.250000	1.006286e+03
	995	465	248.750000	26.250000	1.008534e+03
	993	467	248.250000	26.750000	1.008806e+03
	1000	469	250.000000	27.250000	1.009256e+03
	985	470	246.250000	27.500000	1.006696e+03
	992	470	248.000000	27.500000	1.008681e+03
	997	471	249.250000	27.750000	1.009394e+03
	771	472	192.750000	28.000000	1.016176e+03
	990	472	247.500000	28.000000	1.008616e+03
	939	475	234.750000	28.750000	1.012984e+03
	988	475	247.000000	28.750000	1.008746e+03
	993	475	248.250000	28.750000	1.008899e+03
	980	477	245.000000	29.250000	1.007669e+03
	997	477	249.250000	29.250000	1.009754e+03
	977	478	244.250000	29.500000	1.007726e+03
	989	478	247.250000	29.500000	1.008846e+03
	985	479	246.250000	29.750000	1.008094e+03
	976	481	244.000000	30.250000	1.007866e+03
	983	482	245.750000	30.500000	1.008329e+03
	992	482	248.000000	30.500000	1.008736e+03
	988	484	247.000000	31.000000	1.008514e+03
	973	488	243.250000	32.000000	1.008246e+03
	979	490	244.750000	32.500000	1.006224e+03
	982	491	245.500000	32.750000	1.006189e+03
	986	491	246.500000	32.750000	1.006581e+03
	971	492	242.750000	33.000000	1.007819e+03
	978	492	244.500000	33.000000	1.006001e+03
	992	493	248.000000	33.250000	1.007524e+03
	998	493	249.500000	33.250000	1.010764e+03
	968	495	242.000000	33.750000	1.007986e+03
	982	495	245.500000	33.750000	1.007071e+03
	962	497	240.500000	34.250000	1.009469e+03
	978	497	244.500000	34.250000	1.008666e+03
	959	498	239.750000	34.500000	1.010141e+03
	982	499	245.500000	34.750000	1.007899e+03
	990	499	247.500000	34.750000	1.011969e+03
	969	500	242.250000	35.000000	1.009116e+03
	975	500	243.750000	35.000000	1.008244e+03
	1000	500	250.000000	35.000000	1.013074e+03
	964	501	241.000000	35.250000	1.008166e+03
	996	502	249.000000	35.500000	1.012541e+03
	971	503	242.750000	35.750000	1.009346e+03
	975	503	243.750000	35.750000	1.008679e+03
	956	504	239.000000	36.000000	1.009634e+03
	962	504	240.500000	36.000000	1.008486e+03
	990	504	247.500000	36.000000	1.012686e+03
	995	504	248.750000	36.000000	1.012681e+03
	982	505	245.500000	36.250000	1.009061e+03
	972	506	243.000000	36.500000	1.009566e+03
	989	506	247.250000	36.500000	1.012334e+03
	764	508	191.000000	37.000000	1.019621e+03
	994	508	248.500000	37.000000	1.012006e+03
	1000	508	250.000000	37.000000	1.012499e+03
	957	509	239.250000	37.250000	1.009554e+03
	952	510	238.000000	37.500000	1.010276e+03
	997	510	249.250000	37.500000	1.012151e+03
	756	511	189.000000	37.750000	1.019826e+03
	985	511	246.250000	37.750000	1.013616e+03
	769	512	192.250000	38.000000	1.019556e+03
	951	512	237.750000	38.000000	1.010354e+03
	970	512	242.500000	38.000000	1.013576e+03
	991	512	247.750000	38.000000	1.015061e+03
	760	513	190.000000	38.250000	1.019786e+03
	978	513	244.500000	38.250000	1.013831e+03
	997	513	249.250000	38.250000	1.012989e+03
	950	514	237.500000	38.500000	1.010551e+03
	954	515	238.500000	38.750000	1.010076e+03
	963	515	240.750000	38.750000	1.014239e+03
	967	515	241.750000	38.750000	1.013921e+03
	1000	515	250.000000	38.750000	1.012626e+03
	972	516	243.000000	39.000000	1.015071e+03
	989	516	247.250000	39.000000	1.014666e+03
	947	517	236.750000	39.250000	1.010994e+03
	952	519	238.000000	39.750000	1.009529e+03
	966	519	241.500000	39.750000	1.014206e+03
	969	520	242.250000	40.000000	1.014509e+03
	988	520	247.000000	40.000000	1.015939e+03
	992	520	248.000000	40.000000	1.015424e+03
	1000	520	250.000000	40.000000	1.013434e+03
	945	521	236.250000	40.250000	1.011309e+03
	960	521	240.000000	40.250000	1.014689e+03
	951	522	237.750000	40.500000	1.010104e+03
	946	523	236.500000	40.750000	1.011661e+03
	972	523	243.000000	40.750000	1.015936e+03
	977	523	244.250000	40.750000	1.016416e+03
	984	523	246.000000	40.750000	1.016869e+03
	984	525	246.000000	41.250000	1.016854e+03
	995	525	248.750000	41.250000	1.016689e+03
	950	527	237.500000	41.750000	1.012891e+03
	973	527	243.250000	41.750000	1.016804e+03
	991	527	247.750000	41.750000	1.016836e+03
	943	528	235.750000	42.000000	1.011841e+03
	965	528	241.250000	42.000000	1.016154e+03
	988	528	247.000000	42.000000	1.016801e+03
	978	529	244.500000	42.250000	1.017031e+03
	948	530	237.000000	42.500000	1.012879e+03
	967	530	241.750000	42.500000	1.016421e+03
	693	531	173.250000	42.750000	1.018081e+03
	977	531	244.250000	42.750000	1.016834e+03
	981	531	245.250000	42.750000	1.016639e+03
	985	531	246.250000	42.750000	1.016451e+03
	693	532	173.250000	43.000000	1.018081e+03
	975	532	243.750000	43.000000	1.016834e+03
	977	532	244.250000	43.000000	1.016834e+03
	994	533	248.500000	43.250000	1.017636e+03
	973	534	243.250000	43.500000	1.017079e+03
	966	535	241.500000	43.750000	1.016954e+03
	987	535	246.750000	43.750000	1.015986e+03
	998	535	249.500000	43.750000	1.017621e+03
	955	537	238.750000	44.250000	1.015629e+03
	967	538	241.750000	44.500000	1.017106e+03
	983	538	245.750000	44.500000	1.016574e+03
	959	539	239.750000	44.750000	1.016521e+03
	982	541	245.500000	45.250000	1.016694e+03
	990	541	247.500000	45.250000	1.015971e+03
	967	542	241.750000	45.500000	1.017439e+03
	973	542	243.250000	45.500000	1.017576e+03
	998	542	249.500000	45.500000	1.014821e+03
	956	543	239.000000	45.750000	1.016226e+03
	960	543	240.000000	45.750000	1.015919e+03
	971	544	242.750000	46.000000	1.017381e+03
	993	544	248.250000	46.000000	1.014599e+03
	989	545	247.250000	46.250000	1.016336e+03
	957	546	239.250000	46.500000	1.015679e+03
	963	546	240.750000	46.500000	1.016046e+03
	968	547	242.000000	46.750000	1.016931e+03
	984	547	246.000000	46.750000	1.016639e+03
	960	549	240.000000	47.250000	1.015509e+03
	1000	549	250.000000	47.250000	1.013541e+03
	981	550	245.250000	47.500000	1.016551e+03
	947	551	236.750000	47.750000	1.018739e+03
	999	551	249.750000	47.750000	1.013716e+03
	768	553	192.000000	48.250000	1.003611e+03
	994	553	248.500000	48.250000	1.013319e+03
	966	555	241.500000	48.750000	1.016256e+03
	945	556	236.250000	49.000000	1.017406e+03
	960	556	240.000000	49.000000	1.015844e+03
	997	556	249.250000	49.000000	1.012264e+03
	941	558	235.250000	49.500000	1.017651e+03
	788	562	197.000000	50.500000	1.004471e+03
	934	562	233.500000	50.500000	1.017521e+03
	958	562	239.500000	50.500000	1.015934e+03
	988	562	247.000000	50.500000	1.010509e+03
	985	563	246.250000	50.750000	1.010521e+03
	985	566	246.250000	51.500000	1.010274e+03
	764	568	191.000000	52.000000	1.003186e+03
	960	568	240.000000	52.000000	1.015146e+03
	979	568	244.750000	52.000000	1.010594e+03
	942	569	235.500000	52.250000	1.014269e+03
	891	570	222.750000	52.500000	1.001351e+03
	999	570	249.750000	52.500000	1.010764e+03
	895	571	223.750000	52.750000	1.001269e+03
	974	572	243.500000	53.000000	1.009941e+03
	969	574	242.250000	53.500000	1.009466e+03
	990	574	247.500000	53.500000	1.010566e+03
	975	576	243.750000	54.000000	1.011031e+03
	987	576	246.750000	54.000000	1.010706e+03
	934	578	233.500000	54.500000	1.012121e+03
	947	578	236.750000	54.500000	1.011194e+03
	981	578	245.250000	54.500000	1.010421e+03
	920	579	230.000000	54.750000	1.013024e+03
	960	579	240.000000	54.750000	1.011771e+03
	995	580	248.750000	55.000000	1.011314e+03
	924	581	231.000000	55.250000	1.012626e+03
	928	581	232.000000	55.250000	1.012704e+03
	934	581	233.500000	55.250000	1.012281e+03
	953	581	238.250000	55.250000	1.012034e+03
	981	581	245.250000	55.250000	1.010429e+03
	942	582	235.500000	55.500000	1.011484e+03
	991	582	247.750000	55.500000	1.010981e+03
	798	583	199.500000	55.750000	1.002896e+03
	972	583	243.000000	55.750000	1.011304e+03
	802	585	200.500000	56.250000	1.002539e+03
	944	587	236.000000	56.750000	1.010744e+03
	948	587	237.000000	56.750000	1.010764e+03
	974	587	243.500000	56.750000	1.009966e+03
	997	587	249.250000	56.750000	1.012156e+03
	898	588	224.500000	57.000000	1.011004e+03
	940	588	235.000000	57.000000	1.009836e+03
	960	588	240.000000	57.000000	1.009876e+03
	966	588	241.500000	57.000000	1.009766e+03
	974	589	243.500000	57.250000	1.009981e+03
	882	590	220.500000	57.500000	1.011081e+03
	930	590	232.500000	57.500000	1.010564e+03
	922	591	230.500000	57.750000	1.010349e+03
	982	591	245.500000	57.750000	1.010704e+03
	878	592	219.500000	58.000000	1.011166e+03
	882	592	220.500000	58.000000	1.011211e+03
	902	592	225.500000	58.000000	1.011896e+03
	930	592	232.500000	58.000000	1.010716e+03
	938	593	234.500000	58.250000	1.010216e+03
	776	594	194.000000	58.500000	9.977712e+02
	879	594	219.750000	58.500000	1.011346e+03
	890	594	222.500000	58.500000	1.011501e+03
	922	594	230.500000	58.500000	1.010496e+03
	952	595	238.000000	58.750000	1.011799e+03
	839	596	209.750000	59.000000	1.007271e+03
	898	596	224.500000	59.000000	1.011531e+03
	933	596	233.250000	59.000000	1.010946e+03
	888	597	222.000000	59.250000	1.011306e+03
	948	597	237.000000	59.250000	1.011789e+03
	977	597	244.250000	59.250000	1.011146e+03
	994	597	248.500000	59.250000	1.012574e+03
	883	598	220.750000	59.500000	1.011464e+03
	834	599	208.500000	59.750000	1.006716e+03
	874	599	218.500000	59.750000	1.011441e+03
	879	599	219.750000	59.750000	1.011499e+03
	912	599	228.000000	59.750000	1.010376e+03
	913	599	228.250000	59.750000	1.010376e+03
	922	599	230.500000	59.750000	1.010549e+03
	936	599	234.000000	59.750000	1.011041e+03
	907	600	226.750000	60.000000	1.010056e+03
	908	600	227.000000	60.000000	1.010056e+03
	999	600	249.750000	60.000000	1.012219e+03
