2015	8	25	249	6
	700	420	175.000000	15.000000	1.007000e+03
	731	420	182.750000	15.000000	1.007745e+03
	737	421	184.250000	15.250000	1.007753e+03
	677	422	169.250000	15.500000	1.007037e+03
	942	422	235.500000	15.500000	1.010210e+03
	697	423	174.250000	15.750000	1.006972e+03
	736	423	184.000000	15.750000	1.007768e+03
	936	423	234.000000	15.750000	1.010215e+03
	939	423	234.750000	15.750000	1.010205e+03
	707	425	176.750000	16.250000	1.007188e+03
	713	425	178.250000	16.250000	1.007302e+03
	706	427	176.500000	16.750000	1.007195e+03
	714	428	178.500000	17.000000	1.007310e+03
	957	428	239.250000	17.000000	1.010148e+03
	999	428	249.750000	17.000000	1.012725e+03
	661	429	165.250000	17.250000	1.006477e+03
	662	429	165.500000	17.250000	1.006477e+03
	822	429	205.500000	17.250000	1.011780e+03
	717	430	179.250000	17.500000	1.007278e+03
	771	431	192.750000	17.750000	1.004773e+03
	814	431	203.500000	17.750000	1.011605e+03
	719	432	179.750000	18.000000	1.007285e+03
	813	432	203.250000	18.000000	1.011605e+03
	720	433	180.000000	18.250000	1.007285e+03
	662	434	165.500000	18.500000	1.006395e+03
	663	434	165.750000	18.500000	1.006395e+03
	722	434	180.500000	18.500000	1.007302e+03
	668	435	167.000000	18.750000	1.006443e+03
	671	435	167.750000	18.750000	1.006450e+03
	822	435	205.500000	18.750000	1.012095e+03
	810	437	202.500000	19.250000	1.011430e+03
	676	438	169.000000	19.500000	1.006375e+03
	749	438	187.250000	19.500000	1.007860e+03
	814	438	203.500000	19.500000	1.011388e+03
	663	440	165.750000	20.000000	1.006268e+03
	815	440	203.750000	20.000000	1.011753e+03
	821	440	205.250000	20.000000	1.011905e+03
	819	441	204.750000	20.250000	1.011552e+03
	809	444	202.250000	21.000000	1.011667e+03
	817	444	204.250000	21.000000	1.011872e+03
	814	445	203.500000	21.250000	1.011635e+03
	699	446	174.750000	21.500000	1.006270e+03
	810	447	202.500000	21.750000	1.011602e+03
	813	447	203.250000	21.750000	1.011635e+03
	677	450	169.250000	22.500000	1.005977e+03
	678	450	169.500000	22.500000	1.005977e+03
	682	451	170.500000	22.750000	1.005958e+03
	804	452	201.000000	23.000000	1.010960e+03
	999	452	249.750000	23.000000	1.012295e+03
	998	453	249.500000	23.250000	1.012295e+03
	690	454	172.500000	23.500000	1.005867e+03
	720	455	180.000000	23.750000	1.005383e+03
	997	455	249.250000	23.750000	1.012090e+03
	995	456	248.750000	24.000000	1.012160e+03
	994	459	248.500000	24.750000	1.012343e+03
	713	460	178.250000	25.000000	1.005052e+03
	806	460	201.500000	25.000000	1.011170e+03
	992	462	248.000000	25.500000	1.012448e+03
	660	464	165.000000	26.000000	1.006852e+03
	991	464	247.750000	26.000000	1.012300e+03
	996	464	249.000000	26.000000	1.010888e+03
	721	465	180.250000	26.250000	1.004620e+03
	793	465	198.250000	26.250000	1.010593e+03
	989	465	247.250000	26.250000	1.012193e+03
	798	467	199.500000	26.750000	1.010620e+03
	987	467	246.750000	26.750000	1.012185e+03
	677	468	169.250000	27.000000	1.006532e+03
	699	468	174.750000	27.000000	1.005700e+03
	805	469	201.250000	27.250000	1.010888e+03
	981	469	245.250000	27.250000	1.013275e+03
	742	470	185.500000	27.500000	9.967450e+02
	810	470	202.500000	27.500000	1.010812e+03
	997	471	249.250000	27.750000	1.010838e+03
	672	472	168.000000	28.000000	1.006213e+03
	985	472	246.250000	28.000000	1.012872e+03
	727	473	181.750000	28.250000	1.003828e+03
	728	473	182.000000	28.250000	1.003828e+03
	989	474	247.250000	28.500000	1.009972e+03
	727	475	181.750000	28.750000	1.003852e+03
	982	475	245.500000	28.750000	1.012807e+03
	795	476	198.750000	29.000000	1.011195e+03
	979	478	244.750000	29.500000	1.012528e+03
	989	478	247.250000	29.500000	1.009840e+03
	729	479	182.250000	29.750000	1.004148e+03
	800	479	200.000000	29.750000	1.011122e+03
	800	480	200.000000	30.000000	1.011122e+03
	984	480	246.000000	30.000000	1.009458e+03
	976	482	244.000000	30.500000	1.012945e+03
	982	482	245.500000	30.500000	1.009315e+03
	988	482	247.000000	30.500000	1.009825e+03
	730	484	182.500000	31.000000	1.004495e+03
	887	484	221.750000	31.000000	1.016225e+03
	975	484	243.750000	31.000000	1.012840e+03
	973	486	243.250000	31.500000	1.013090e+03
	971	488	242.750000	32.000000	1.013068e+03
	985	491	246.250000	32.750000	1.008177e+03
	977	492	244.250000	33.000000	1.007385e+03
	988	492	247.000000	33.000000	1.008320e+03
	969	493	242.250000	33.250000	1.012657e+03
	991	494	247.750000	33.500000	1.009153e+03
	970	495	242.500000	33.750000	1.012943e+03
	971	495	242.750000	33.750000	1.012943e+03
	982	495	245.500000	33.750000	1.008107e+03
	722	496	180.500000	34.000000	1.005872e+03
	961	497	240.250000	34.250000	1.011040e+03
	979	497	244.750000	34.250000	1.008555e+03
	982	499	245.500000	34.750000	1.008490e+03
	969	500	242.250000	35.000000	1.011417e+03
	996	502	249.000000	35.500000	1.012547e+03
	971	503	242.750000	35.750000	1.009940e+03
	975	503	243.750000	35.750000	1.008547e+03
	956	504	239.000000	36.000000	1.013112e+03
	963	504	240.750000	36.000000	1.011260e+03
	990	504	247.500000	36.000000	1.013518e+03
	995	504	248.750000	36.000000	1.012557e+03
	960	505	240.000000	36.250000	1.011653e+03
	982	505	245.500000	36.250000	1.007905e+03
	987	505	246.750000	36.250000	1.012938e+03
	972	506	243.000000	36.500000	1.008080e+03
	962	507	240.500000	36.750000	1.011797e+03
	988	507	247.000000	36.750000	1.012640e+03
	994	508	248.500000	37.000000	1.011285e+03
	997	510	249.250000	37.500000	1.011420e+03
	986	511	246.500000	37.750000	1.013463e+03
	969	512	242.250000	38.000000	1.011763e+03
	977	514	244.250000	38.500000	1.012090e+03
	997	514	249.250000	38.500000	1.012383e+03
	1000	515	250.000000	38.750000	1.011003e+03
	967	516	241.750000	39.000000	1.011740e+03
	972	516	243.000000	39.000000	1.014138e+03
	989	517	247.250000	39.250000	1.010417e+03
	952	518	238.000000	39.500000	1.011365e+03
	986	518	246.500000	39.500000	1.010203e+03
	966	519	241.500000	39.750000	1.010782e+03
	978	519	244.500000	39.750000	1.012703e+03
	945	520	236.250000	40.000000	1.015200e+03
	992	521	248.000000	40.250000	1.011515e+03
	986	522	246.500000	40.500000	1.008965e+03
	972	523	243.000000	40.750000	1.011323e+03
	978	524	244.500000	41.000000	1.012185e+03
	987	524	246.750000	41.000000	1.009635e+03
	955	525	238.750000	41.250000	1.015625e+03
	967	525	241.750000	41.250000	1.011470e+03
	990	525	247.500000	41.250000	1.009657e+03
	997	526	249.250000	41.500000	1.015393e+03
	946	527	236.500000	41.750000	1.015785e+03
	950	527	237.500000	41.750000	1.014390e+03
	943	528	235.750000	42.000000	1.015703e+03
	973	528	243.250000	42.000000	1.011790e+03
	954	529	238.500000	42.250000	1.014150e+03
	948	530	237.000000	42.500000	1.015400e+03
	969	532	242.250000	43.000000	1.009625e+03
	988	532	247.000000	43.000000	1.010463e+03
	965	533	241.250000	43.250000	1.011003e+03
	990	535	247.500000	43.750000	1.010552e+03
	972	536	243.000000	44.000000	1.007365e+03
	950	537	237.500000	44.250000	1.016208e+03
	956	537	239.000000	44.250000	1.014585e+03
	955	539	238.750000	44.750000	1.014580e+03
	959	539	239.750000	44.750000	1.014545e+03
	963	539	240.750000	44.750000	1.014203e+03
	980	541	245.000000	45.250000	1.014068e+03
	984	541	246.000000	45.250000	1.013273e+03
	992	542	248.000000	45.500000	1.011775e+03
	994	544	248.500000	46.000000	1.011085e+03
	976	545	244.000000	46.250000	1.012643e+03
	963	546	240.750000	46.500000	1.010025e+03
	972	546	243.000000	46.500000	1.012052e+03
	989	546	247.250000	46.500000	1.013472e+03
	984	547	246.000000	46.750000	1.012845e+03
	950	550	237.500000	47.500000	1.016737e+03
	951	550	237.750000	47.500000	1.016737e+03
	999	551	249.750000	47.750000	1.008852e+03
	983	552	245.750000	48.000000	1.012112e+03
	962	553	240.500000	48.250000	1.011030e+03
	972	553	243.000000	48.250000	1.011888e+03
	954	554	238.500000	48.500000	1.017015e+03
	963	555	240.750000	48.750000	1.011515e+03
	968	555	242.000000	48.750000	1.011667e+03
	946	556	236.500000	49.000000	1.015585e+03
	951	557	237.750000	49.250000	1.016785e+03
	894	558	223.500000	49.500000	1.010347e+03
	977	558	244.250000	49.500000	1.012182e+03
	991	559	247.750000	49.750000	1.009690e+03
	940	560	235.000000	50.000000	1.015370e+03
	988	560	247.000000	50.000000	1.009890e+03
	968	561	242.000000	50.250000	1.011370e+03
	977	561	244.250000	50.250000	1.012482e+03
	975	563	243.750000	50.750000	1.012230e+03
	1000	563	250.000000	50.750000	1.010430e+03
	963	564	240.750000	51.000000	1.011537e+03
	962	566	240.500000	51.500000	1.011085e+03
	970	566	242.500000	51.500000	1.012245e+03
	956	567	239.000000	51.750000	1.010578e+03
	954	569	238.500000	52.250000	1.010585e+03
	963	571	240.750000	52.750000	1.011830e+03
	950	572	237.500000	53.000000	1.011102e+03
	968	572	242.000000	53.000000	1.012490e+03
	976	574	244.000000	53.500000	1.012898e+03
	950	576	237.500000	54.000000	1.012162e+03
	964	576	241.000000	54.000000	1.013630e+03
	973	577	243.250000	54.250000	1.013188e+03
	673	579	168.250000	54.750000	9.923025e+02
	785	580	196.250000	55.000000	1.028725e+03
	962	580	240.500000	55.000000	1.013323e+03
	958	581	239.500000	55.250000	1.013310e+03
	979	581	244.750000	55.250000	1.014208e+03
	672	582	168.000000	55.500000	9.923500e+02
	804	583	201.000000	55.750000	1.026438e+03
	956	583	239.000000	55.750000	1.013290e+03
	966	583	241.500000	55.750000	1.013562e+03
	967	583	241.750000	55.750000	1.013562e+03
	955	584	238.750000	56.000000	1.013290e+03
	983	584	245.750000	56.000000	1.014440e+03
	977	585	244.250000	56.250000	1.014395e+03
	925	586	231.250000	56.500000	1.016640e+03
	940	587	235.000000	56.750000	1.016020e+03
	920	588	230.000000	57.000000	1.016888e+03
	828	589	207.000000	57.250000	1.022968e+03
	914	589	228.500000	57.250000	1.017365e+03
	932	589	233.000000	57.250000	1.016602e+03
	904	590	226.000000	57.500000	1.017383e+03
	938	591	234.500000	57.750000	1.016287e+03
	822	592	205.500000	58.000000	1.022855e+03
	956	593	239.000000	58.250000	1.015020e+03
	674	594	168.500000	58.500000	9.916800e+02
	890	594	222.500000	58.500000	1.018477e+03
	933	594	233.250000	58.500000	1.017300e+03
	984	594	246.000000	58.500000	1.014468e+03
	826	595	206.500000	58.750000	1.022585e+03
	898	595	224.500000	58.750000	1.017980e+03
	898	596	224.500000	59.000000	1.017980e+03
	911	596	227.750000	59.000000	1.017242e+03
	918	596	229.500000	59.000000	1.016958e+03
	923	596	230.750000	59.000000	1.016653e+03
	941	596	235.250000	59.000000	1.016360e+03
	999	596	249.750000	59.000000	1.014302e+03
	828	599	207.000000	59.750000	1.020838e+03
	841	599	210.250000	59.750000	1.020938e+03
	880	599	220.000000	59.750000	1.019410e+03
	888	599	222.000000	59.750000	1.018963e+03
	934	599	233.500000	59.750000	1.015450e+03
	843	600	210.750000	60.000000	1.020938e+03
	872	600	218.000000	60.000000	1.019115e+03
	903	600	225.750000	60.000000	1.017443e+03
	911	600	227.750000	60.000000	1.017405e+03
	912	600	228.000000	60.000000	1.017405e+03
	913	600	228.250000	60.000000	1.017405e+03
	930	600	232.500000	60.000000	1.015650e+03
