2015	4	29	119	6
	998	421	249.500000	15.250000	1.011155e+03
	968	429	242.000000	17.250000	1.013422e+03
	815	436	203.750000	19.000000	1.016650e+03
	810	440	202.500000	20.000000	1.017628e+03
	815	440	203.750000	20.000000	1.016615e+03
	820	441	205.000000	20.250000	1.019670e+03
	821	443	205.250000	20.750000	1.019818e+03
	998	453	249.500000	23.250000	1.011700e+03
	990	454	247.500000	23.500000	1.011870e+03
	997	455	249.250000	23.750000	1.011718e+03
	995	456	248.750000	24.000000	1.011763e+03
	994	459	248.500000	24.750000	1.011838e+03
	998	462	249.500000	25.500000	1.010260e+03
	996	464	249.000000	26.000000	1.010050e+03
	989	465	247.250000	26.250000	1.011162e+03
	990	465	247.500000	26.250000	1.011162e+03
	987	467	246.750000	26.750000	1.010907e+03
	985	472	246.250000	28.000000	1.010630e+03
	996	472	249.000000	28.000000	1.009725e+03
	994	476	248.500000	29.000000	1.009032e+03
	980	477	245.000000	29.250000	1.010468e+03
	988	483	247.000000	30.750000	1.009513e+03
	662	484	165.500000	31.000000	1.018857e+03
	975	484	243.750000	31.000000	1.012562e+03
	666	485	166.500000	31.250000	1.018828e+03
	1000	487	250.000000	31.750000	1.017732e+03
	978	491	244.500000	32.750000	1.010715e+03
	986	491	246.500000	32.750000	1.010625e+03
	971	492	242.750000	33.000000	1.013515e+03
	982	495	245.500000	33.750000	1.010830e+03
	962	497	240.500000	34.250000	1.012385e+03
	979	497	244.750000	34.250000	1.011388e+03
	680	500	170.000000	35.000000	1.016097e+03
	969	500	242.250000	35.000000	1.012480e+03
	972	500	243.000000	35.000000	1.012247e+03
	975	500	243.750000	35.000000	1.011602e+03
	996	501	249.000000	35.250000	1.017210e+03
	971	503	242.750000	35.750000	1.011750e+03
	974	503	243.500000	35.750000	1.011307e+03
	963	504	240.750000	36.000000	1.011760e+03
	995	504	248.750000	36.000000	1.016880e+03
	960	505	240.000000	36.250000	1.012375e+03
	982	505	245.500000	36.250000	1.011460e+03
	972	506	243.000000	36.500000	1.010768e+03
	689	507	172.250000	36.750000	1.016028e+03
	962	507	240.500000	36.750000	1.012320e+03
	995	508	248.750000	37.000000	1.016112e+03
	968	509	242.000000	37.250000	1.013278e+03
	697	510	174.250000	37.500000	1.017122e+03
	976	510	244.000000	37.500000	1.014172e+03
	997	510	249.250000	37.500000	1.016005e+03
	986	511	246.500000	37.750000	1.015445e+03
	980	512	245.000000	38.000000	1.014393e+03
	968	513	242.000000	38.250000	1.011910e+03
	977	514	244.250000	38.500000	1.013300e+03
	997	514	249.250000	38.500000	1.015770e+03
	1000	515	250.000000	38.750000	1.015240e+03
	967	516	241.750000	39.000000	1.011790e+03
	972	516	243.000000	39.000000	1.013688e+03
	989	517	247.250000	39.250000	1.014222e+03
	952	518	238.000000	39.500000	1.011820e+03
	985	518	246.250000	39.500000	1.013605e+03
	710	519	177.500000	39.750000	1.015875e+03
	966	519	241.500000	39.750000	1.011823e+03
	976	520	244.000000	40.000000	1.013443e+03
	987	520	246.750000	40.000000	1.013450e+03
	979	521	244.750000	40.250000	1.013460e+03
	974	522	243.500000	40.500000	1.013250e+03
	986	522	246.500000	40.500000	1.013497e+03
	965	524	241.250000	41.000000	1.011747e+03
	971	524	242.750000	41.000000	1.012857e+03
	978	524	244.500000	41.000000	1.013513e+03
	991	524	247.750000	41.000000	1.014370e+03
	712	525	178.000000	41.250000	1.016935e+03
	715	528	178.750000	42.000000	1.017160e+03
	995	528	248.750000	42.000000	1.016560e+03
	967	530	241.750000	42.500000	1.010560e+03
	977	532	244.250000	43.000000	1.009638e+03
	974	534	243.500000	43.500000	1.008698e+03
	968	535	242.000000	43.750000	1.009032e+03
	990	535	247.500000	43.750000	1.013975e+03
	972	536	243.000000	44.000000	1.007845e+03
	993	544	248.250000	46.000000	1.011525e+03
	976	545	244.000000	46.250000	1.009907e+03
	950	550	237.500000	47.500000	1.021025e+03
	982	550	245.500000	47.500000	1.008977e+03
	992	551	248.000000	47.750000	1.008455e+03
	971	553	242.750000	48.250000	1.008497e+03
	967	557	241.750000	49.250000	1.007750e+03
	944	558	236.000000	49.500000	1.019130e+03
	977	558	244.250000	49.500000	1.008420e+03
	939	561	234.750000	50.250000	1.019120e+03
	970	561	242.500000	50.250000	1.007325e+03
	974	564	243.500000	51.000000	1.006695e+03
	962	565	240.500000	51.250000	1.010465e+03
	972	566	243.000000	51.500000	1.007182e+03
	983	569	245.750000	52.250000	1.003662e+03
	954	570	238.500000	52.500000	1.011900e+03
	970	571	242.500000	52.750000	1.008318e+03
	990	574	247.500000	53.500000	1.003850e+03
	967	575	241.750000	53.750000	1.011148e+03
	952	577	238.000000	54.250000	1.013285e+03
	992	577	248.000000	54.250000	1.003805e+03
	772	580	193.000000	55.000000	9.897600e+02
	787	580	196.750000	55.000000	9.903025e+02
	707	581	176.750000	55.250000	9.969725e+02
	887	581	221.750000	55.250000	1.003320e+03
	933	584	233.250000	56.000000	1.013343e+03
	933	585	233.250000	56.250000	1.013343e+03
	800	586	200.000000	56.500000	9.939000e+02
	830	591	207.500000	57.750000	9.970050e+02
	810	593	202.500000	58.250000	9.954050e+02
	805	594	201.250000	58.500000	9.955325e+02
	806	594	201.500000	58.500000	9.955325e+02
	894	594	223.500000	58.500000	1.004445e+03
	826	598	206.500000	59.500000	9.950400e+02
	839	598	209.750000	59.500000	9.950750e+02
	992	599	248.000000	59.750000	9.997675e+02
	819	600	204.750000	60.000000	9.953075e+02
