2014	10	30	199	6
	676	420	169.000000	15.000000	1.009834e+03
	991	420	247.750000	15.000000	1.013136e+03
	997	422	249.250000	15.500000	1.013069e+03
	967	423	241.750000	15.750000	1.014416e+03
	683	425	170.750000	16.250000	1.009956e+03
	670	430	167.500000	17.500000	1.010436e+03
	684	432	171.000000	18.000000	1.010216e+03
	683	433	170.750000	18.250000	1.010216e+03
	815	436	203.750000	19.000000	1.016459e+03
	684	437	171.000000	19.250000	1.010219e+03
	685	440	171.250000	20.000000	1.010269e+03
	690	440	172.500000	20.000000	1.010221e+03
	815	440	203.750000	20.000000	1.016676e+03
	685	441	171.250000	20.250000	1.010269e+03
	820	441	205.000000	20.250000	1.018731e+03
	817	442	204.250000	20.500000	1.018391e+03
	686	443	171.500000	20.750000	1.010244e+03
	692	443	173.000000	20.750000	1.010214e+03
	704	443	176.000000	20.750000	1.011574e+03
	821	443	205.250000	20.750000	1.018739e+03
	961	443	240.250000	20.750000	1.016801e+03
	817	444	204.250000	21.000000	1.018744e+03
	690	448	172.500000	22.000000	1.010566e+03
	694	450	173.500000	22.500000	1.010611e+03
	696	452	174.000000	23.000000	1.010526e+03
	997	455	249.250000	23.750000	1.014456e+03
	698	457	174.500000	24.250000	1.010571e+03
	872	465	218.000000	26.250000	1.019734e+03
	989	465	247.250000	26.250000	1.014864e+03
	893	467	223.250000	26.750000	1.019676e+03
	987	467	246.750000	26.750000	1.014731e+03
	1000	467	250.000000	26.750000	1.013134e+03
	881	468	220.250000	27.000000	1.019619e+03
	983	468	245.750000	27.000000	1.015071e+03
	864	469	216.000000	27.250000	1.019846e+03
	981	469	245.250000	27.250000	1.015186e+03
	866	470	216.500000	27.500000	1.019869e+03
	901	470	225.250000	27.500000	1.019749e+03
	896	471	224.000000	27.750000	1.019769e+03
	901	471	225.250000	27.750000	1.019749e+03
	997	471	249.250000	27.750000	1.012854e+03
	985	472	246.250000	28.000000	1.014744e+03
	905	473	226.250000	28.250000	1.019729e+03
	982	475	245.500000	28.750000	1.014761e+03
	993	476	248.250000	29.000000	1.012741e+03
	980	477	245.000000	29.250000	1.014604e+03
	882	479	220.500000	29.750000	1.018959e+03
	988	479	247.000000	29.750000	1.013014e+03
	976	481	244.000000	30.250000	1.015199e+03
	975	483	243.750000	30.750000	1.015146e+03
	987	485	246.750000	31.250000	1.012614e+03
	973	486	243.250000	31.500000	1.015204e+03
	964	488	241.000000	32.000000	1.015441e+03
	663	489	165.750000	32.250000	1.018701e+03
	953	490	238.250000	32.500000	1.014761e+03
	986	491	246.500000	32.750000	1.013336e+03
	666	492	166.500000	33.000000	1.018636e+03
	977	492	244.250000	33.000000	1.014069e+03
	968	493	242.000000	33.250000	1.015229e+03
	964	494	241.000000	33.500000	1.015044e+03
	981	494	245.250000	33.500000	1.014186e+03
	991	494	247.750000	33.500000	1.013961e+03
	954	495	238.500000	33.750000	1.014921e+03
	970	496	242.500000	34.000000	1.015284e+03
	956	497	239.000000	34.250000	1.014821e+03
	961	497	240.250000	34.250000	1.014666e+03
	965	497	241.250000	34.250000	1.015109e+03
	969	500	242.250000	35.000000	1.015986e+03
	975	500	243.750000	35.000000	1.015866e+03
	1000	500	250.000000	35.000000	1.019464e+03
	964	501	241.000000	35.250000	1.015384e+03
	988	501	247.000000	35.250000	1.018361e+03
	996	502	249.000000	35.500000	1.019446e+03
	952	503	238.000000	35.750000	1.014979e+03
	971	503	242.750000	35.750000	1.016434e+03
	974	503	243.500000	35.750000	1.016114e+03
	963	504	240.750000	36.000000	1.014891e+03
	990	504	247.500000	36.000000	1.019199e+03
	982	505	245.500000	36.250000	1.015831e+03
	972	506	243.000000	36.500000	1.016414e+03
	988	506	247.000000	36.500000	1.018364e+03
	952	507	238.000000	36.750000	1.015154e+03
	962	507	240.500000	36.750000	1.014974e+03
	976	507	244.000000	36.750000	1.017639e+03
	995	508	248.750000	37.000000	1.020076e+03
	1000	508	250.000000	37.000000	1.020464e+03
	957	509	239.250000	37.250000	1.015256e+03
	998	510	249.500000	37.500000	1.020439e+03
	956	511	239.000000	37.750000	1.015226e+03
	986	511	246.500000	37.750000	1.019429e+03
	951	512	237.750000	38.000000	1.015149e+03
	969	512	242.250000	38.000000	1.018299e+03
	1000	513	250.000000	38.250000	1.021216e+03
	947	514	236.750000	38.500000	1.015141e+03
	967	516	241.750000	39.000000	1.017871e+03
	945	517	236.250000	39.250000	1.014991e+03
	972	517	243.000000	39.250000	1.019076e+03
	952	518	238.000000	39.500000	1.015496e+03
	986	518	246.500000	39.500000	1.020561e+03
	990	518	247.500000	39.500000	1.020246e+03
	918	519	229.500000	39.750000	1.012056e+03
	944	519	236.000000	39.750000	1.014984e+03
	960	519	240.000000	39.750000	1.018866e+03
	967	519	241.750000	39.750000	1.018104e+03
	988	520	247.000000	40.000000	1.020301e+03
	992	520	248.000000	40.000000	1.021184e+03
	961	521	240.250000	40.250000	1.018804e+03
	972	523	243.000000	40.750000	1.019131e+03
	978	524	244.500000	41.000000	1.020286e+03
	954	525	238.500000	41.250000	1.018389e+03
	999	526	249.750000	41.500000	1.023111e+03
	950	527	237.500000	41.750000	1.017494e+03
	973	527	243.250000	41.750000	1.019521e+03
	1000	528	250.000000	42.000000	1.023156e+03
	948	530	237.000000	42.500000	1.016236e+03
	969	530	242.250000	42.500000	1.019334e+03
	960	532	240.000000	43.000000	1.018394e+03
	957	533	239.250000	43.250000	1.018499e+03
	964	533	241.000000	43.250000	1.018574e+03
	973	534	243.250000	43.500000	1.020214e+03
	987	534	246.750000	43.500000	1.021916e+03
	955	536	238.750000	44.000000	1.017599e+03
	960	539	240.000000	44.750000	1.017831e+03
	991	541	247.750000	45.250000	1.022711e+03
	689	542	172.250000	45.500000	1.002284e+03
	982	542	245.500000	45.500000	1.022721e+03
	993	543	248.250000	45.750000	1.022071e+03
	966	544	241.500000	46.000000	1.018554e+03
	984	545	246.000000	46.250000	1.022784e+03
	988	545	247.000000	46.250000	1.022774e+03
	677	546	169.250000	46.500000	1.002336e+03
	948	546	237.000000	46.500000	1.016296e+03
	949	546	237.250000	46.500000	1.016296e+03
	1000	549	250.000000	47.250000	1.020984e+03
	999	551	249.750000	47.750000	1.021026e+03
	861	552	215.250000	48.000000	1.000716e+03
	888	552	222.000000	48.000000	1.002296e+03
	947	553	236.750000	48.250000	1.016039e+03
	991	553	247.750000	48.250000	1.021184e+03
	998	555	249.500000	48.750000	1.020224e+03
	883	556	220.750000	49.000000	1.002021e+03
	947	556	236.750000	49.000000	1.016671e+03
	1000	557	250.000000	49.250000	1.020156e+03
	991	558	247.750000	49.500000	1.020464e+03
	957	559	239.250000	49.750000	1.019514e+03
	869	560	217.250000	50.000000	1.001454e+03
	985	560	246.250000	50.000000	1.019564e+03
	963	561	240.750000	50.250000	1.020449e+03
	976	561	244.000000	50.250000	1.022466e+03
	957	562	239.250000	50.500000	1.019236e+03
	982	563	245.500000	50.750000	1.019446e+03
	910	564	227.500000	51.000000	1.000194e+03
	862	565	215.500000	51.250000	1.001341e+03
	852	566	213.000000	51.500000	1.001606e+03
	895	566	223.750000	51.500000	1.002166e+03
	970	566	242.500000	51.500000	1.022846e+03
	870	567	217.500000	51.750000	1.001341e+03
	980	567	245.000000	51.750000	1.019484e+03
	948	568	237.000000	52.000000	1.015424e+03
	868	569	217.000000	52.250000	1.001341e+03
	978	569	244.500000	52.250000	1.019424e+03
	908	570	227.000000	52.500000	1.000879e+03
	976	571	244.000000	52.750000	1.019354e+03
	907	572	226.750000	53.000000	1.001011e+03
	940	573	235.000000	53.250000	1.012729e+03
	867	574	216.750000	53.500000	1.001244e+03
	868	574	217.000000	53.500000	1.001244e+03
	969	574	242.250000	53.500000	1.018631e+03
	936	575	234.000000	53.750000	1.013269e+03
	876	576	219.000000	54.000000	1.001344e+03
	905	576	226.250000	54.000000	1.001359e+03
	872	577	218.000000	54.250000	1.001249e+03
	904	578	226.000000	54.500000	1.001374e+03
	961	578	240.250000	54.500000	1.016856e+03
	872	581	218.000000	55.250000	1.001354e+03
	882	581	220.500000	55.250000	1.001386e+03
	928	581	232.000000	55.250000	1.013331e+03
	670	582	167.500000	55.500000	9.924437e+02
	956	582	239.000000	55.500000	1.016199e+03
	925	583	231.250000	55.750000	1.012429e+03
	942	585	235.500000	56.250000	1.016376e+03
	949	585	237.250000	56.250000	1.017306e+03
	893	586	223.250000	56.500000	9.987112e+02
	738	591	184.500000	57.750000	1.005439e+03
	808	591	202.000000	57.750000	1.009384e+03
	916	591	229.000000	57.750000	1.010551e+03
	946	591	236.500000	57.750000	1.015291e+03
	824	592	206.000000	58.000000	1.005824e+03
	731	593	182.750000	58.250000	1.005226e+03
	829	594	207.250000	58.500000	1.005726e+03
	942	594	235.500000	58.500000	1.013744e+03
	723	595	180.750000	58.750000	1.005219e+03
	717	596	179.250000	59.000000	1.005176e+03
	931	596	232.750000	59.000000	1.013631e+03
	936	596	234.000000	59.000000	1.013919e+03
	859	598	214.750000	59.500000	1.001441e+03
	945	598	236.250000	59.500000	1.017476e+03
	830	599	207.500000	59.750000	1.004959e+03
	936	600	234.000000	60.000000	1.015781e+03
