2014	12	16	201	15
	975	420	243.750000	15.000000	1.015343e+03
	978	421	244.500000	15.250000	1.015293e+03
	979	421	244.750000	15.250000	1.015293e+03
	728	422	182.000000	15.500000	1.012321e+03
	733	424	183.250000	16.000000	1.012416e+03
	734	434	183.500000	18.500000	1.013836e+03
	731	435	182.750000	18.750000	1.013841e+03
	747	438	186.750000	19.500000	1.015106e+03
	814	438	203.500000	19.500000	1.017126e+03
	936	438	234.000000	19.500000	1.017261e+03
	815	440	203.750000	20.000000	1.016946e+03
	939	440	234.750000	20.000000	1.017271e+03
	921	442	230.250000	20.500000	1.017548e+03
	974	446	243.500000	21.500000	1.017613e+03
	948	447	237.000000	21.750000	1.017088e+03
	994	448	248.500000	22.000000	1.017471e+03
	993	451	248.250000	22.750000	1.017416e+03
	994	453	248.500000	23.250000	1.017506e+03
	979	454	244.750000	23.500000	1.018011e+03
	997	454	249.250000	23.500000	1.017508e+03
	995	455	248.750000	23.750000	1.017471e+03
	993	456	248.250000	24.000000	1.017483e+03
	952	459	238.000000	24.750000	1.016846e+03
	987	465	246.750000	26.250000	1.017051e+03
	712	466	178.000000	26.500000	1.017696e+03
	983	467	245.750000	26.750000	1.016853e+03
	707	468	176.750000	27.000000	1.017943e+03
	999	468	249.750000	27.000000	1.016646e+03
	718	469	179.500000	27.250000	1.017791e+03
	996	471	249.000000	27.750000	1.016471e+03
	959	472	239.750000	28.000000	1.016223e+03
	994	472	248.500000	28.000000	1.016516e+03
	982	474	245.500000	28.500000	1.016631e+03
	694	475	173.500000	28.750000	1.019943e+03
	989	475	247.250000	28.750000	1.016456e+03
	989	478	247.250000	29.500000	1.016406e+03
	1000	479	250.000000	29.750000	1.016203e+03
	963	480	240.750000	30.000000	1.015283e+03
	999	481	249.750000	30.250000	1.016163e+03
	997	483	249.250000	30.750000	1.016151e+03
	979	484	244.750000	31.000000	1.016528e+03
	985	484	246.250000	31.000000	1.016083e+03
	666	488	166.500000	32.000000	1.023371e+03
	994	488	248.500000	32.000000	1.016456e+03
	801	490	200.250000	32.500000	1.022898e+03
	990	490	247.500000	32.500000	1.016301e+03
	996	491	249.000000	32.750000	1.016288e+03
	963	492	240.750000	33.000000	1.013986e+03
	976	492	244.000000	33.000000	1.017038e+03
	983	493	245.750000	33.250000	1.016431e+03
	977	494	244.250000	33.500000	1.016966e+03
	988	495	247.000000	33.750000	1.016216e+03
	994	495	248.500000	33.750000	1.016481e+03
	954	496	238.500000	34.000000	1.015178e+03
	999	496	249.750000	34.000000	1.017153e+03
	981	497	245.250000	34.250000	1.017151e+03
	957	499	239.250000	34.750000	1.015333e+03
	996	499	249.000000	34.750000	1.016561e+03
	951	500	237.750000	35.000000	1.014996e+03
	963	500	240.750000	35.000000	1.015721e+03
	962	502	240.500000	35.500000	1.015713e+03
	978	502	244.500000	35.500000	1.016516e+03
	985	502	246.250000	35.500000	1.016406e+03
	992	502	248.000000	35.500000	1.016776e+03
	974	503	243.500000	35.750000	1.017053e+03
	999	503	249.750000	35.750000	1.017476e+03
	960	504	240.000000	36.000000	1.015668e+03
	963	504	240.750000	36.000000	1.015401e+03
	984	505	246.000000	36.250000	1.016206e+03
	968	506	242.000000	36.500000	1.016553e+03
	962	507	240.500000	36.750000	1.015756e+03
	977	507	244.250000	36.750000	1.015761e+03
	966	509	241.500000	37.250000	1.016766e+03
	980	511	245.000000	37.750000	1.016223e+03
	986	511	246.500000	37.750000	1.016761e+03
	989	513	247.250000	38.250000	1.016426e+03
	963	515	240.750000	38.750000	1.014543e+03
	961	518	240.250000	39.500000	1.014348e+03
	981	519	245.250000	39.750000	1.017186e+03
	991	519	247.750000	39.750000	1.018996e+03
	950	520	237.500000	40.000000	1.014063e+03
	950	521	237.500000	40.250000	1.014063e+03
	958	521	239.500000	40.250000	1.015046e+03
	989	521	247.250000	40.250000	1.018311e+03
	793	522	198.250000	40.500000	1.005298e+03
	797	522	199.250000	40.500000	1.005248e+03
	976	522	244.000000	40.500000	1.017903e+03
	968	523	242.000000	40.750000	1.014673e+03
	994	523	248.500000	40.750000	1.017973e+03
	809	524	202.250000	41.000000	1.003781e+03
	998	524	249.500000	41.000000	1.016703e+03
	814	526	203.500000	41.500000	1.003166e+03
	957	526	239.250000	41.500000	1.013731e+03
	926	527	231.500000	41.750000	9.968006e+02
	973	527	243.250000	41.750000	1.015173e+03
	824	528	206.000000	42.000000	1.002433e+03
	975	529	243.750000	42.250000	1.015131e+03
	830	530	207.500000	42.500000	1.002128e+03
	970	530	242.500000	42.500000	1.014113e+03
	987	530	246.750000	42.500000	1.018763e+03
	997	530	249.250000	42.500000	1.018568e+03
	732	531	183.000000	42.750000	9.765031e+02
	735	532	183.750000	43.000000	9.768456e+02
	992	532	248.000000	43.000000	1.019493e+03
	957	533	239.250000	43.250000	1.012656e+03
	983	534	245.750000	43.500000	1.018846e+03
	994	534	248.500000	43.500000	1.019473e+03
	955	536	238.750000	44.000000	1.011386e+03
	978	536	244.500000	44.000000	1.016896e+03
	975	537	243.750000	44.250000	1.016443e+03
	996	537	249.000000	44.250000	1.020143e+03
	986	538	246.500000	44.500000	1.021631e+03
	976	539	244.000000	44.750000	1.016446e+03
	992	539	248.000000	44.750000	1.020493e+03
	961	541	240.250000	45.250000	1.013571e+03
	994	541	248.500000	45.250000	1.019343e+03
	965	542	241.250000	45.500000	1.013776e+03
	971	543	242.750000	45.750000	1.015628e+03
	974	543	243.500000	45.750000	1.015843e+03
	975	543	243.750000	45.750000	1.015843e+03
	967	545	241.750000	46.250000	1.013781e+03
	987	545	246.750000	46.250000	1.018573e+03
	990	545	247.500000	46.250000	1.021011e+03
	998	545	249.500000	46.250000	1.020063e+03
	978	546	244.500000	46.500000	1.017126e+03
	981	546	245.250000	46.500000	1.017843e+03
	923	547	230.750000	46.750000	1.002933e+03
	997	548	249.250000	47.000000	1.018033e+03
	924	549	231.000000	47.250000	1.003021e+03
	950	549	237.500000	47.250000	1.009936e+03
	962	552	240.500000	48.000000	1.015926e+03
	987	552	246.750000	48.000000	1.016101e+03
	1000	553	250.000000	48.250000	1.024671e+03
	922	555	230.500000	48.750000	1.002798e+03
	977	556	244.250000	49.000000	1.020201e+03
	985	556	246.250000	49.000000	1.016186e+03
	943	558	235.750000	49.500000	1.009701e+03
	963	558	240.750000	49.500000	1.015958e+03
	998	559	249.500000	49.750000	1.025171e+03
	956	560	239.000000	50.000000	1.015141e+03
	951	561	237.750000	50.250000	1.013336e+03
	973	561	243.250000	50.250000	1.016116e+03
	982	561	245.500000	50.250000	1.015573e+03
	712	563	178.000000	50.750000	9.836057e+02
	923	563	230.750000	50.750000	1.003156e+03
	980	563	245.000000	50.750000	1.013366e+03
	970	564	242.500000	51.000000	1.017896e+03
	845	565	211.250000	51.250000	9.906156e+02
	946	565	236.500000	51.250000	1.008118e+03
	942	566	235.500000	51.500000	1.008193e+03
	978	568	244.500000	52.000000	1.010576e+03
	976	570	244.000000	52.500000	1.011193e+03
	940	571	235.000000	52.750000	1.009188e+03
	729	572	182.250000	53.000000	9.886956e+02
	735	572	183.750000	53.000000	9.887081e+02
	918	572	229.500000	53.000000	1.002158e+03
	972	572	243.000000	53.000000	1.010138e+03
	981	572	245.250000	53.000000	1.018493e+03
	954	573	238.500000	53.250000	1.010266e+03
	934	574	233.500000	53.500000	1.010348e+03
	969	574	242.250000	53.500000	1.010603e+03
	945	576	236.250000	54.000000	1.011673e+03
	967	576	241.750000	54.000000	1.009003e+03
	964	577	241.000000	54.250000	1.009848e+03
	948	578	237.000000	54.500000	1.012306e+03
	961	578	240.250000	54.500000	1.009698e+03
	958	579	239.500000	54.750000	1.010006e+03
	975	580	243.750000	55.000000	1.015048e+03
	938	581	234.500000	55.250000	1.012533e+03
	952	583	238.000000	55.750000	1.010853e+03
	927	584	231.750000	56.000000	1.010066e+03
	974	584	243.500000	56.000000	1.016443e+03
	934	586	233.500000	56.500000	1.010348e+03
	956	586	239.000000	56.500000	1.012858e+03
	928	589	232.000000	57.250000	1.008373e+03
	964	589	241.000000	57.250000	1.010718e+03
	916	590	229.000000	57.500000	1.005588e+03
	924	590	231.000000	57.500000	1.006831e+03
	832	592	208.000000	58.000000	9.818106e+02
	950	592	237.500000	58.000000	1.007043e+03
	976	592	244.000000	58.000000	1.013528e+03
	825	593	206.250000	58.250000	9.821231e+02
	930	593	232.500000	58.250000	1.008116e+03
	957	593	239.250000	58.250000	1.008566e+03
	962	593	240.500000	58.250000	1.008228e+03
	990	593	247.500000	58.250000	1.014451e+03
	830	594	207.500000	58.500000	9.819481e+02
	942	594	235.500000	58.500000	1.003918e+03
	913	595	228.250000	58.750000	1.006186e+03
	860	596	215.000000	59.000000	9.798256e+02
	926	596	231.500000	59.000000	1.004401e+03
	937	596	234.250000	59.000000	1.006023e+03
	755	598	188.750000	59.500000	9.733631e+02
	821	598	205.250000	59.500000	9.824881e+02
	919	598	229.750000	59.500000	1.002603e+03
	889	599	222.250000	59.750000	9.978631e+02
	906	599	226.500000	59.750000	1.001501e+03
	939	599	234.750000	59.750000	1.006033e+03
	951	599	237.750000	59.750000	1.007133e+03
	980	599	245.000000	59.750000	1.008241e+03
	836	600	209.000000	60.000000	9.830731e+02
