2015	7	21	222	21
	702	420	175.500000	15.000000	1.013213e+03
	774	420	193.500000	15.000000	1.011733e+03
	793	420	198.250000	15.000000	1.011913e+03
	989	420	247.250000	15.000000	1.006741e+03
	796	421	199.000000	15.250000	1.011931e+03
	669	422	167.250000	15.500000	1.014121e+03
	732	423	183.000000	15.750000	1.014108e+03
	662	432	165.500000	18.000000	1.014828e+03
	718	435	179.500000	18.750000	1.014913e+03
	820	436	205.000000	19.000000	1.013623e+03
	767	438	191.750000	19.500000	1.013463e+03
	814	438	203.500000	19.500000	1.013338e+03
	807	439	201.750000	19.750000	1.013468e+03
	812	439	203.000000	19.750000	1.013376e+03
	889	439	222.250000	19.750000	1.013813e+03
	810	440	202.500000	20.000000	1.013413e+03
	815	440	203.750000	20.000000	1.013071e+03
	821	440	205.250000	20.000000	1.014031e+03
	819	441	204.750000	20.250000	1.013946e+03
	813	442	203.250000	20.500000	1.013386e+03
	817	442	204.250000	20.500000	1.013768e+03
	821	443	205.250000	20.750000	1.014201e+03
	999	443	249.750000	20.750000	1.010518e+03
	804	444	201.000000	21.000000	1.013631e+03
	817	444	204.250000	21.000000	1.014101e+03
	807	445	201.750000	21.250000	1.013613e+03
	802	446	200.500000	21.500000	1.013636e+03
	800	447	200.000000	21.750000	1.013608e+03
	883	449	220.750000	22.250000	1.013016e+03
	999	451	249.750000	22.750000	1.010193e+03
	998	456	249.500000	24.000000	1.009148e+03
	994	459	248.500000	24.750000	1.008388e+03
	993	462	248.250000	25.500000	1.008891e+03
	672	463	168.000000	25.750000	1.016761e+03
	992	464	248.000000	26.000000	1.009266e+03
	996	464	249.000000	26.000000	1.009583e+03
	989	466	247.250000	26.500000	1.009756e+03
	993	467	248.250000	26.750000	1.009126e+03
	988	468	247.000000	27.000000	1.009578e+03
	999	470	249.750000	27.500000	1.009003e+03
	990	472	247.500000	28.000000	1.008936e+03
	995	476	248.750000	29.000000	1.007866e+03
	986	477	246.500000	29.250000	1.008573e+03
	997	477	249.250000	29.250000	1.008043e+03
	663	478	165.750000	29.500000	1.015966e+03
	992	478	248.000000	29.500000	1.008636e+03
	666	480	166.500000	30.000000	1.015966e+03
	999	481	249.750000	30.250000	1.009836e+03
	952	482	238.000000	30.500000	1.012091e+03
	982	482	245.500000	30.500000	1.008376e+03
	995	482	248.750000	30.500000	1.009223e+03
	671	483	167.750000	30.750000	1.016078e+03
	976	485	244.000000	31.250000	1.011933e+03
	979	489	244.750000	32.250000	1.006918e+03
	660	490	165.000000	32.500000	1.014343e+03
	969	490	242.250000	32.500000	1.012836e+03
	973	490	243.250000	32.500000	1.012348e+03
	965	491	241.250000	32.750000	1.012853e+03
	978	491	244.500000	32.750000	1.006703e+03
	985	491	246.250000	32.750000	1.007148e+03
	668	492	167.000000	33.000000	1.014511e+03
	988	492	247.000000	33.000000	1.007376e+03
	971	493	242.750000	33.250000	1.012341e+03
	992	493	248.000000	33.250000	1.007171e+03
	671	494	167.750000	33.500000	1.014703e+03
	675	495	168.750000	33.750000	1.014813e+03
	982	495	245.500000	33.750000	1.006698e+03
	967	496	241.750000	34.000000	1.012046e+03
	970	496	242.500000	34.000000	1.012026e+03
	969	500	242.250000	35.000000	1.010308e+03
	976	500	244.000000	35.000000	1.008658e+03
	1000	500	250.000000	35.000000	1.011398e+03
	996	501	249.000000	35.250000	1.010638e+03
	963	502	240.750000	35.500000	1.007966e+03
	683	503	170.750000	35.750000	1.013366e+03
	971	503	242.750000	35.750000	1.009253e+03
	975	503	243.750000	35.750000	1.008228e+03
	960	505	240.000000	36.250000	1.007473e+03
	982	505	245.500000	36.250000	1.008446e+03
	994	505	248.500000	36.250000	1.011386e+03
	972	506	243.000000	36.500000	1.007818e+03
	988	506	247.000000	36.500000	1.012118e+03
	959	507	239.750000	36.750000	1.007826e+03
	980	508	245.000000	37.000000	1.010391e+03
	994	508	248.500000	37.000000	1.010588e+03
	1000	508	250.000000	37.000000	1.010513e+03
	968	509	242.000000	37.250000	1.009663e+03
	997	510	249.250000	37.500000	1.010121e+03
	968	513	242.000000	38.250000	1.008493e+03
	977	514	244.250000	38.500000	1.009723e+03
	997	514	249.250000	38.500000	1.010166e+03
	1000	515	250.000000	38.750000	1.009238e+03
	967	516	241.750000	39.000000	1.007521e+03
	972	517	243.000000	39.250000	1.009501e+03
	989	517	247.250000	39.250000	1.009198e+03
	952	519	238.000000	39.750000	1.006951e+03
	966	519	241.500000	39.750000	1.006718e+03
	945	520	236.250000	40.000000	1.010431e+03
	956	520	239.000000	40.000000	1.010208e+03
	723	521	180.750000	40.250000	1.021088e+03
	950	521	237.500000	40.250000	1.006911e+03
	979	521	244.750000	40.250000	1.010011e+03
	985	522	246.250000	40.500000	1.007873e+03
	726	523	181.500000	40.750000	1.021288e+03
	972	523	243.000000	40.750000	1.007711e+03
	965	524	241.250000	41.000000	1.007396e+03
	978	524	244.500000	41.000000	1.009011e+03
	661	526	165.250000	41.500000	1.023358e+03
	983	526	245.750000	41.500000	1.009221e+03
	687	527	171.750000	41.750000	1.023878e+03
	949	527	237.250000	41.750000	1.008196e+03
	956	527	239.000000	41.750000	1.008581e+03
	988	527	247.000000	41.750000	1.009066e+03
	991	527	247.750000	41.750000	1.009511e+03
	973	528	243.250000	42.000000	1.008191e+03
	995	528	248.750000	42.000000	1.011063e+03
	947	529	236.750000	42.250000	1.009813e+03
	954	530	238.500000	42.500000	1.008736e+03
	967	530	241.750000	42.500000	1.007591e+03
	737	531	184.250000	42.750000	1.021826e+03
	738	531	184.500000	42.750000	1.021826e+03
	980	531	245.000000	42.750000	1.006246e+03
	985	531	246.250000	42.750000	1.006273e+03
	969	532	242.250000	43.000000	1.006818e+03
	999	532	249.750000	43.000000	1.010048e+03
	957	533	239.250000	43.250000	1.007536e+03
	963	533	240.750000	43.250000	1.007478e+03
	975	533	243.750000	43.250000	1.005796e+03
	989	533	247.250000	43.250000	1.006258e+03
	990	535	247.500000	43.750000	1.006108e+03
	972	536	243.000000	44.000000	1.005136e+03
	956	537	239.000000	44.250000	1.007878e+03
	962	538	240.500000	44.500000	1.007433e+03
	968	541	242.000000	45.250000	1.008316e+03
	978	542	244.500000	45.500000	1.007848e+03
	983	542	245.750000	45.500000	1.006931e+03
	990	542	247.500000	45.500000	1.006698e+03
	997	543	249.250000	45.750000	1.006001e+03
	993	544	248.250000	46.000000	1.004346e+03
	972	545	243.000000	46.250000	1.006746e+03
	975	545	243.750000	46.250000	1.006831e+03
	963	546	240.750000	46.500000	1.006376e+03
	989	546	247.250000	46.500000	1.005311e+03
	986	547	246.500000	46.750000	1.004996e+03
	962	548	240.500000	47.000000	1.006426e+03
	951	549	237.750000	47.250000	1.013983e+03
	947	551	236.750000	47.750000	1.013568e+03
	982	551	245.500000	47.750000	1.004916e+03
	998	552	249.500000	48.000000	1.001623e+03
	962	553	240.500000	48.250000	1.005586e+03
	971	553	242.750000	48.250000	1.005958e+03
	983	553	245.750000	48.250000	1.004968e+03
	999	554	249.750000	48.500000	1.001791e+03
	945	556	236.250000	49.000000	1.012988e+03
	962	556	240.500000	49.000000	1.005163e+03
	967	556	241.750000	49.000000	1.004383e+03
	942	557	235.500000	49.250000	1.013348e+03
	973	557	243.250000	49.250000	1.005351e+03
	996	557	249.000000	49.250000	1.002348e+03
	970	558	242.500000	49.500000	1.005106e+03
	939	560	234.750000	50.000000	1.012826e+03
	968	560	242.000000	50.000000	1.005518e+03
	964	561	241.000000	50.250000	1.006161e+03
	977	561	244.250000	50.250000	1.002833e+03
	985	561	246.250000	50.250000	1.000686e+03
	991	561	247.750000	50.250000	1.001041e+03
	930	562	232.500000	50.500000	1.015066e+03
	959	562	239.750000	50.500000	1.007083e+03
	975	563	243.750000	50.750000	1.003338e+03
	952	564	238.000000	51.000000	1.007743e+03
	1000	564	250.000000	51.000000	1.000971e+03
	972	565	243.000000	51.250000	1.004886e+03
	980	566	245.000000	51.500000	1.002308e+03
	963	567	240.750000	51.750000	1.007681e+03
	946	568	236.500000	52.000000	1.007796e+03
	976	569	244.000000	52.250000	1.004656e+03
	951	570	237.750000	52.500000	1.007231e+03
	926	571	231.500000	52.750000	1.014461e+03
	963	572	240.750000	53.000000	1.006611e+03
	970	574	242.500000	53.500000	1.003896e+03
	913	575	228.250000	53.750000	1.013506e+03
	774	576	193.500000	54.000000	1.012993e+03
	949	577	237.250000	54.250000	1.006506e+03
	966	580	241.500000	55.000000	1.003561e+03
	911	581	227.750000	55.250000	1.010811e+03
	983	581	245.750000	55.250000	1.003823e+03
	791	582	197.750000	55.500000	1.014341e+03
	803	585	200.750000	56.250000	1.014226e+03
	960	585	240.000000	56.250000	1.002121e+03
	709	586	177.250000	56.500000	1.002706e+03
	810	587	202.500000	56.750000	1.014326e+03
	938	587	234.500000	56.750000	1.005586e+03
	814	588	203.500000	57.000000	1.013846e+03
	908	588	227.000000	57.000000	1.009881e+03
	929	588	232.250000	57.000000	1.006323e+03
	955	588	238.750000	57.000000	1.001071e+03
	957	588	239.250000	57.000000	1.001071e+03
	918	589	229.500000	57.250000	1.007471e+03
	961	589	240.250000	57.250000	1.000928e+03
	971	589	242.750000	57.250000	1.001316e+03
	978	589	244.500000	57.250000	1.001461e+03
	830	590	207.500000	57.500000	1.011268e+03
	902	590	225.500000	57.500000	1.009461e+03
	718	592	179.500000	58.000000	1.002256e+03
	898	592	224.500000	58.000000	1.009698e+03
	914	592	228.500000	58.000000	1.007146e+03
	936	592	234.000000	58.000000	1.005506e+03
	901	594	225.250000	58.500000	1.009763e+03
	934	594	233.500000	58.500000	1.005241e+03
	825	595	206.250000	58.750000	1.011193e+03
	894	595	223.500000	58.750000	1.009531e+03
	898	596	224.500000	59.000000	1.008803e+03
	914	596	228.500000	59.000000	1.007976e+03
	878	597	219.500000	59.250000	1.010041e+03
	888	597	222.000000	59.250000	1.009353e+03
	938	597	234.500000	59.250000	1.006593e+03
	896	598	224.000000	59.500000	1.008878e+03
	983	598	245.750000	59.500000	1.004758e+03
	839	599	209.750000	59.750000	1.009821e+03
	881	599	220.250000	59.750000	1.009546e+03
	872	600	218.000000	60.000000	1.010006e+03
	911	600	227.750000	60.000000	1.007111e+03
