2015	7	26	187	0
	893	422	223.250000	15.500000	1.010982e+03
	967	428	241.750000	17.000000	1.009628e+03
	985	432	246.250000	18.000000	1.011005e+03
	988	432	247.000000	18.000000	1.011045e+03
	820	436	205.000000	19.000000	1.013818e+03
	814	438	203.500000	19.500000	1.014032e+03
	815	440	203.750000	20.000000	1.013843e+03
	820	441	205.000000	20.250000	1.014282e+03
	811	442	202.750000	20.500000	1.014275e+03
	818	442	204.500000	20.500000	1.014282e+03
	821	443	205.250000	20.750000	1.014540e+03
	814	444	203.500000	21.000000	1.014253e+03
	802	446	200.500000	21.500000	1.015047e+03
	812	446	203.000000	21.500000	1.014782e+03
	819	446	204.750000	21.500000	1.014730e+03
	800	448	200.000000	22.000000	1.015060e+03
	998	453	249.500000	23.250000	1.009643e+03
	948	455	237.000000	23.750000	1.010997e+03
	997	455	249.250000	23.750000	1.009542e+03
	999	458	249.750000	24.500000	1.009282e+03
	864	459	216.000000	24.750000	1.016805e+03
	994	459	248.500000	24.750000	1.009383e+03
	991	464	247.750000	26.000000	1.009400e+03
	988	467	247.000000	26.750000	1.008672e+03
	999	470	249.750000	27.500000	1.007477e+03
	990	472	247.500000	28.000000	1.007350e+03
	997	473	249.250000	28.250000	1.006800e+03
	988	475	247.000000	28.750000	1.007318e+03
	995	476	248.750000	29.000000	1.006088e+03
	997	477	249.250000	29.250000	1.006310e+03
	985	479	246.250000	29.750000	1.007850e+03
	988	479	247.000000	29.750000	1.007542e+03
	740	481	185.000000	30.250000	1.018510e+03
	976	482	244.000000	30.500000	1.012440e+03
	992	483	248.000000	30.750000	1.006547e+03
	975	484	243.750000	31.000000	1.012410e+03
	988	484	247.000000	31.000000	1.007208e+03
	987	487	246.750000	31.750000	1.007133e+03
	991	487	247.750000	31.750000	1.007805e+03
	973	488	243.250000	32.000000	1.012737e+03
	995	489	248.750000	32.250000	1.008060e+03
	981	490	245.250000	32.500000	1.006638e+03
	971	492	242.750000	33.000000	1.012460e+03
	977	492	244.250000	33.000000	1.006460e+03
	988	492	247.000000	33.000000	1.006153e+03
	998	493	249.500000	33.250000	1.008583e+03
	991	494	247.750000	33.500000	1.006258e+03
	982	495	245.500000	33.750000	1.006453e+03
	967	496	241.750000	34.000000	1.012235e+03
	970	496	242.500000	34.000000	1.012075e+03
	962	497	240.500000	34.250000	1.012622e+03
	978	497	244.500000	34.250000	1.007463e+03
	966	498	241.500000	34.500000	1.012307e+03
	982	499	245.500000	34.750000	1.006898e+03
	990	500	247.500000	35.000000	1.010617e+03
	975	501	243.750000	35.250000	1.007525e+03
	971	503	242.750000	35.750000	1.007750e+03
	974	503	243.500000	35.750000	1.006992e+03
	962	504	240.500000	36.000000	1.010510e+03
	982	505	245.500000	36.250000	1.005787e+03
	989	505	247.250000	36.250000	1.009573e+03
	994	505	248.500000	36.250000	1.008872e+03
	972	506	243.000000	36.500000	1.006125e+03
	977	507	244.250000	36.750000	1.007930e+03
	988	507	247.000000	36.750000	1.009403e+03
	984	508	246.000000	37.000000	1.007710e+03
	994	508	248.500000	37.000000	1.008182e+03
	1000	508	250.000000	37.000000	1.008890e+03
	968	509	242.000000	37.250000	1.008915e+03
	972	510	243.000000	37.500000	1.008653e+03
	997	510	249.250000	37.500000	1.007838e+03
	986	511	246.500000	37.750000	1.009747e+03
	970	512	242.500000	38.000000	1.008760e+03
	960	514	240.000000	38.500000	1.016532e+03
	977	514	244.250000	38.500000	1.008470e+03
	999	515	249.750000	38.750000	1.007463e+03
	966	516	241.500000	39.000000	1.010693e+03
	988	516	247.000000	39.000000	1.007900e+03
	669	517	167.250000	39.250000	1.014265e+03
	972	517	243.000000	39.250000	1.010405e+03
	976	517	244.000000	39.250000	1.008640e+03
	997	517	249.250000	39.250000	1.008645e+03
	952	518	238.000000	39.500000	1.012028e+03
	966	519	241.500000	39.750000	1.010105e+03
	969	520	242.250000	40.000000	1.010085e+03
	979	520	244.750000	40.000000	1.009458e+03
	986	520	246.500000	40.000000	1.007388e+03
	950	521	237.500000	40.250000	1.012200e+03
	992	521	248.000000	40.250000	1.009032e+03
	961	522	240.250000	40.500000	1.011297e+03
	972	523	243.000000	40.750000	1.008992e+03
	965	524	241.250000	41.000000	1.010140e+03
	978	524	244.500000	41.000000	1.009840e+03
	995	525	248.750000	41.250000	1.012242e+03
	950	527	237.500000	41.750000	1.012605e+03
	956	527	239.000000	41.750000	1.011710e+03
	995	528	248.750000	42.000000	1.012247e+03
	948	529	237.000000	42.250000	1.014290e+03
	991	529	247.750000	42.250000	1.010052e+03
	986	530	246.500000	42.500000	1.008120e+03
	969	531	242.250000	42.750000	1.008120e+03
	979	531	244.750000	42.750000	1.006912e+03
	999	531	249.750000	42.750000	1.012320e+03
	988	532	247.000000	43.000000	1.008255e+03
	964	533	241.000000	43.250000	1.009802e+03
	965	533	241.250000	43.250000	1.009802e+03
	975	533	243.750000	43.250000	1.007695e+03
	972	535	243.000000	43.750000	1.006662e+03
	990	535	247.500000	43.750000	1.007190e+03
	948	541	237.000000	45.250000	1.018042e+03
	984	541	246.000000	45.250000	1.008470e+03
	990	541	247.500000	45.250000	1.008458e+03
	974	542	243.500000	45.500000	1.009720e+03
	975	544	243.750000	46.000000	1.009468e+03
	993	544	248.250000	46.000000	1.006820e+03
	984	546	246.000000	46.500000	1.009155e+03
	987	547	246.750000	46.750000	1.008750e+03
	968	548	242.000000	47.000000	1.010247e+03
	950	549	237.500000	47.250000	1.016910e+03
	947	550	236.750000	47.500000	1.017120e+03
	967	551	241.750000	47.750000	1.010795e+03
	982	551	245.500000	47.750000	1.009508e+03
	721	552	180.250000	48.000000	1.020513e+03
	998	553	249.500000	48.250000	1.003775e+03
	963	555	240.750000	48.750000	1.009835e+03
	968	555	242.000000	48.750000	1.010268e+03
	974	555	243.500000	48.750000	1.011110e+03
	934	556	233.500000	49.000000	1.017760e+03
	735	558	183.750000	49.500000	1.019910e+03
	945	558	236.250000	49.500000	1.015990e+03
	940	559	235.000000	49.750000	1.015855e+03
	961	562	240.250000	50.500000	1.009835e+03
	968	562	242.000000	50.500000	1.012287e+03
	929	563	232.250000	50.750000	1.015972e+03
	938	563	234.500000	50.750000	1.016407e+03
	955	563	238.750000	50.750000	1.009005e+03
	745	564	186.250000	51.000000	1.019763e+03
	746	564	186.500000	51.000000	1.019763e+03
	975	564	243.750000	51.000000	1.010422e+03
	995	564	248.750000	51.000000	1.003932e+03
	749	565	187.250000	51.250000	1.019698e+03
	972	566	243.000000	51.500000	1.011297e+03
	757	568	189.250000	52.000000	1.019680e+03
	985	568	246.250000	52.000000	1.006555e+03
	928	569	232.000000	52.250000	1.015330e+03
	956	569	239.000000	52.250000	1.010713e+03
	966	569	241.500000	52.250000	1.011845e+03
	978	569	244.500000	52.250000	1.007775e+03
	932	570	233.000000	52.500000	1.015427e+03
	943	570	235.750000	52.500000	1.011120e+03
	925	571	231.250000	52.750000	1.014662e+03
	691	572	172.750000	53.000000	1.024855e+03
	913	572	228.250000	53.000000	1.014833e+03
	769	573	192.250000	53.250000	1.018850e+03
	952	573	238.000000	53.250000	1.009758e+03
	774	575	193.500000	53.750000	1.018130e+03
	911	575	227.750000	53.750000	1.014655e+03
	786	579	196.500000	54.750000	1.016075e+03
	805	584	201.250000	56.000000	1.011875e+03
	996	586	249.000000	56.500000	1.004213e+03
	812	587	203.000000	56.750000	1.011662e+03
	907	587	226.750000	56.750000	1.013143e+03
	940	588	235.000000	57.000000	1.006375e+03
	947	588	236.750000	57.000000	1.005930e+03
	970	588	242.500000	57.000000	1.004432e+03
	952	589	238.000000	57.250000	1.004153e+03
	994	589	248.500000	57.250000	1.003888e+03
	816	590	204.000000	57.500000	1.011795e+03
	972	590	243.000000	57.500000	1.004273e+03
	830	591	207.500000	57.750000	1.011008e+03
	902	591	225.500000	57.750000	1.012750e+03
	934	591	233.500000	57.750000	1.007090e+03
	982	591	245.500000	57.750000	1.003720e+03
	898	592	224.500000	58.000000	1.013078e+03
	952	592	238.000000	58.000000	1.004278e+03
	932	593	233.000000	58.250000	1.007550e+03
	976	593	244.000000	58.250000	1.003948e+03
	1000	593	250.000000	58.250000	1.003828e+03
	954	594	238.500000	58.500000	1.004167e+03
	824	595	206.000000	58.750000	1.010010e+03
	942	595	235.500000	58.750000	1.005855e+03
	822	597	205.500000	59.250000	1.010060e+03
	840	597	210.000000	59.250000	1.011263e+03
	873	598	218.250000	59.500000	1.013552e+03
	894	599	223.500000	59.750000	1.009628e+03
	971	599	242.750000	59.750000	1.003660e+03
	962	600	240.500000	60.000000	1.003750e+03
