2015	5	29	191	9
	998	422	249.500000	15.500000	1.008875e+03
	995	425	248.750000	16.250000	1.009100e+03
	799	430	199.750000	17.500000	1.015955e+03
	831	431	207.750000	17.750000	1.016210e+03
	783	432	195.750000	18.000000	1.015742e+03
	823	432	205.750000	18.000000	1.016028e+03
	827	434	206.750000	18.500000	1.016085e+03
	802	436	200.500000	19.000000	1.016122e+03
	808	436	202.000000	19.000000	1.016112e+03
	815	436	203.750000	19.000000	1.016150e+03
	820	436	205.000000	19.000000	1.015905e+03
	830	436	207.500000	19.000000	1.016117e+03
	795	437	198.750000	19.250000	1.016138e+03
	810	437	202.500000	19.250000	1.016117e+03
	832	437	208.000000	19.250000	1.016117e+03
	789	438	197.250000	19.500000	1.016115e+03
	814	438	203.500000	19.500000	1.016065e+03
	851	438	212.750000	19.500000	1.016180e+03
	852	438	213.000000	19.500000	1.016180e+03
	975	438	243.750000	19.500000	1.011945e+03
	812	439	203.000000	19.750000	1.016102e+03
	834	439	208.500000	19.750000	1.016075e+03
	815	440	203.750000	20.000000	1.016065e+03
	979	440	244.750000	20.000000	1.012028e+03
	803	441	200.750000	20.250000	1.016302e+03
	806	441	201.500000	20.250000	1.016290e+03
	813	441	203.250000	20.250000	1.016115e+03
	835	442	208.750000	20.500000	1.016093e+03
	841	443	210.250000	20.750000	1.016245e+03
	841	444	210.250000	21.000000	1.016245e+03
	851	444	212.750000	21.000000	1.016318e+03
	807	445	201.750000	21.250000	1.016453e+03
	797	446	199.250000	21.500000	1.016785e+03
	811	446	202.750000	21.500000	1.016323e+03
	854	446	213.500000	21.500000	1.016398e+03
	800	447	200.000000	21.750000	1.016785e+03
	825	447	206.250000	21.750000	1.015278e+03
	856	447	214.000000	21.750000	1.016432e+03
	838	448	209.500000	22.000000	1.016055e+03
	848	448	212.000000	22.000000	1.016325e+03
	858	448	214.500000	22.000000	1.016472e+03
	839	450	209.750000	22.500000	1.016057e+03
	850	450	212.500000	22.500000	1.016312e+03
	752	451	188.000000	22.750000	1.018405e+03
	856	452	214.000000	23.000000	1.016588e+03
	859	452	214.750000	23.000000	1.016523e+03
	860	454	215.000000	23.500000	1.016518e+03
	997	455	249.250000	23.750000	1.011535e+03
	847	457	211.750000	24.250000	1.016630e+03
	999	460	249.750000	25.000000	1.010490e+03
	856	461	214.000000	25.250000	1.017172e+03
	859	462	214.750000	25.500000	1.017093e+03
	998	462	249.500000	25.500000	1.010602e+03
	842	463	210.500000	25.750000	1.016835e+03
	864	464	216.000000	26.000000	1.016958e+03
	996	464	249.000000	26.000000	1.010338e+03
	864	465	216.000000	26.250000	1.016958e+03
	867	465	216.750000	26.250000	1.016922e+03
	990	465	247.500000	26.250000	1.012005e+03
	845	466	211.250000	26.500000	1.016970e+03
	860	466	215.000000	26.500000	1.017070e+03
	995	466	248.750000	26.500000	1.010302e+03
	917	468	229.250000	27.000000	1.019645e+03
	848	469	212.000000	27.250000	1.017035e+03
	856	470	214.000000	27.500000	1.017268e+03
	917	470	229.250000	27.500000	1.019643e+03
	980	470	245.000000	27.500000	1.013523e+03
	992	470	248.000000	27.500000	1.010340e+03
	859	472	214.750000	28.000000	1.017302e+03
	785	473	196.250000	28.250000	1.018905e+03
	790	474	197.500000	28.500000	1.018795e+03
	792	475	198.000000	28.750000	1.018800e+03
	852	475	213.000000	28.750000	1.017403e+03
	914	475	228.500000	28.750000	1.019780e+03
	988	475	247.000000	28.750000	1.010117e+03
	838	476	209.500000	29.000000	1.017922e+03
	870	476	217.500000	29.000000	1.017180e+03
	913	477	228.250000	29.250000	1.019810e+03
	885	478	221.250000	29.500000	1.016405e+03
	843	479	210.750000	29.750000	1.017747e+03
	851	480	212.750000	30.000000	1.017557e+03
	984	480	246.000000	30.000000	1.009535e+03
	982	482	245.500000	30.500000	1.009032e+03
	1000	482	250.000000	30.500000	1.013638e+03
	825	484	206.250000	31.000000	1.017677e+03
	981	485	245.250000	31.250000	1.009015e+03
	815	487	203.750000	31.750000	1.016747e+03
	980	487	245.000000	31.750000	1.008760e+03
	1000	488	250.000000	32.000000	1.012660e+03
	979	489	244.750000	32.250000	1.008465e+03
	899	491	224.750000	32.750000	1.017810e+03
	984	491	246.000000	32.750000	1.009245e+03
	876	492	219.000000	33.000000	1.016312e+03
	977	492	244.250000	33.000000	1.007932e+03
	969	493	242.250000	33.250000	1.013880e+03
	991	494	247.750000	33.500000	1.009318e+03
	965	495	241.250000	33.750000	1.013680e+03
	870	496	217.500000	34.000000	1.016435e+03
	979	497	244.750000	34.250000	1.008422e+03
	869	498	217.250000	34.500000	1.016458e+03
	960	500	240.000000	35.000000	1.012648e+03
	969	500	242.250000	35.000000	1.010708e+03
	996	501	249.000000	35.250000	1.011960e+03
	955	503	238.750000	35.750000	1.013318e+03
	971	503	242.750000	35.750000	1.009343e+03
	975	503	243.750000	35.750000	1.008268e+03
	963	504	240.750000	36.000000	1.011235e+03
	960	505	240.000000	36.250000	1.011525e+03
	982	505	245.500000	36.250000	1.007948e+03
	987	505	246.750000	36.250000	1.012213e+03
	972	506	243.000000	36.500000	1.007657e+03
	670	507	167.500000	36.750000	1.029475e+03
	962	507	240.500000	36.750000	1.011597e+03
	995	508	248.750000	37.000000	1.012903e+03
	1000	508	250.000000	37.000000	1.014350e+03
	959	510	239.750000	37.500000	1.012245e+03
	997	510	249.250000	37.500000	1.013320e+03
	969	512	242.250000	38.000000	1.012843e+03
	957	513	239.250000	38.250000	1.013008e+03
	997	514	249.250000	38.500000	1.015260e+03
	1000	515	250.000000	38.750000	1.014995e+03
	989	516	247.250000	39.000000	1.016400e+03
	834	517	208.500000	39.250000	1.011500e+03
	952	518	238.000000	39.500000	1.011357e+03
	965	518	241.250000	39.500000	1.011643e+03
	986	518	246.500000	39.500000	1.016828e+03
	946	520	236.500000	40.000000	1.013825e+03
	992	520	248.000000	40.000000	1.018035e+03
	962	521	240.500000	40.250000	1.013095e+03
	987	521	246.750000	40.250000	1.016555e+03
	973	523	243.250000	40.750000	1.015122e+03
	986	523	246.500000	40.750000	1.016417e+03
	965	524	241.250000	41.000000	1.013675e+03
	978	524	244.500000	41.000000	1.016850e+03
	957	526	239.250000	41.500000	1.014190e+03
	981	526	245.250000	41.500000	1.017945e+03
	999	526	249.750000	41.500000	1.019982e+03
	950	527	237.500000	41.750000	1.014263e+03
	974	527	243.500000	41.750000	1.016465e+03
	955	528	238.750000	42.000000	1.014153e+03
	999	528	249.750000	42.000000	1.020145e+03
	966	529	241.500000	42.250000	1.015477e+03
	948	530	237.000000	42.500000	1.014753e+03
	969	532	242.250000	43.000000	1.015198e+03
	957	533	239.250000	43.250000	1.014485e+03
	964	533	241.000000	43.250000	1.015003e+03
	975	533	243.750000	43.250000	1.014865e+03
	968	535	242.000000	43.750000	1.014907e+03
	972	536	243.000000	44.000000	1.013795e+03
	956	540	239.000000	45.000000	1.013487e+03
	996	540	249.000000	45.000000	1.023468e+03
	990	541	247.500000	45.250000	1.022977e+03
	802	542	200.500000	45.500000	1.020482e+03
	956	543	239.000000	45.750000	1.013420e+03
	961	543	240.250000	45.750000	1.012157e+03
	998	543	249.500000	45.750000	1.022995e+03
	995	544	248.750000	46.000000	1.023045e+03
	959	545	239.750000	46.250000	1.012810e+03
	953	546	238.250000	46.500000	1.015133e+03
	950	551	237.500000	47.750000	1.014403e+03
	993	551	248.250000	47.750000	1.026002e+03
	961	552	240.250000	48.000000	1.014422e+03
	991	554	247.750000	48.500000	1.026228e+03
	947	556	236.750000	49.000000	1.014125e+03
	935	558	233.750000	49.500000	1.015520e+03
	962	560	240.500000	50.000000	1.014782e+03
	954	565	238.500000	51.250000	1.012915e+03
	952	567	238.000000	51.750000	1.012840e+03
	936	572	234.000000	53.000000	1.016165e+03
	954	573	238.500000	53.250000	1.013355e+03
	927	574	231.750000	53.500000	1.017847e+03
	917	578	229.250000	54.500000	1.019525e+03
	720	583	180.000000	55.750000	9.802725e+02
	916	584	229.000000	56.000000	1.019410e+03
	925	584	231.250000	56.000000	1.019893e+03
	944	584	236.000000	56.000000	1.020870e+03
	916	591	229.000000	57.750000	1.020475e+03
	898	592	224.500000	58.000000	1.021807e+03
	906	592	226.500000	58.000000	1.020485e+03
	992	592	248.000000	58.000000	1.030465e+03
	926	593	231.500000	58.250000	1.021580e+03
	945	594	236.250000	58.500000	1.025795e+03
	899	595	224.750000	58.750000	1.021503e+03
	823	596	205.750000	59.000000	1.026157e+03
	826	598	206.500000	59.500000	1.025897e+03
	841	599	210.250000	59.750000	1.024090e+03
	895	599	223.750000	59.750000	1.022210e+03
	828	600	207.000000	60.000000	1.025853e+03
	904	600	226.000000	60.000000	1.022352e+03
	911	600	227.750000	60.000000	1.022463e+03
	943	600	235.750000	60.000000	1.025568e+03
