2014	11	9	169	15
	879	420	219.750000	15.000000	1.014069e+03
	979	420	244.750000	15.000000	1.009917e+03
	837	421	209.250000	15.250000	1.011464e+03
	876	421	219.000000	15.250000	1.014064e+03
	842	422	210.500000	15.500000	1.011549e+03
	981	422	245.250000	15.500000	1.009942e+03
	864	427	216.000000	16.750000	1.013307e+03
	1000	427	250.000000	16.750000	1.010729e+03
	814	438	203.500000	19.500000	1.012617e+03
	820	441	205.000000	20.250000	1.013509e+03
	845	443	211.250000	20.750000	1.013372e+03
	814	445	203.500000	21.250000	1.014067e+03
	848	445	212.000000	21.250000	1.013327e+03
	849	447	212.250000	21.750000	1.013342e+03
	809	448	202.250000	22.000000	1.014102e+03
	815	448	203.750000	22.000000	1.014227e+03
	820	450	205.000000	22.500000	1.014219e+03
	830	452	207.500000	23.000000	1.014059e+03
	816	457	204.000000	24.250000	1.014484e+03
	991	459	247.750000	24.750000	1.013639e+03
	975	460	243.750000	25.000000	1.013892e+03
	978	461	244.500000	25.250000	1.013914e+03
	989	463	247.250000	25.750000	1.013617e+03
	988	465	247.000000	26.250000	1.013574e+03
	984	467	246.000000	26.750000	1.013582e+03
	981	469	245.250000	27.250000	1.013552e+03
	776	471	194.000000	27.750000	1.017472e+03
	985	471	246.250000	27.750000	1.013732e+03
	995	471	248.750000	27.750000	1.012909e+03
	753	472	188.250000	28.000000	1.016904e+03
	994	473	248.500000	28.250000	1.012724e+03
	776	474	194.000000	28.500000	1.017477e+03
	982	475	245.500000	28.750000	1.013309e+03
	995	475	248.750000	28.750000	1.012737e+03
	980	476	245.000000	29.000000	1.013319e+03
	778	478	194.500000	29.500000	1.017489e+03
	989	478	247.250000	29.500000	1.012839e+03
	866	479	216.500000	29.750000	1.009189e+03
	987	482	246.750000	30.500000	1.012589e+03
	975	483	243.750000	30.750000	1.013774e+03
	974	485	243.500000	31.250000	1.013847e+03
	979	489	244.750000	32.250000	1.013599e+03
	982	489	245.500000	32.250000	1.013354e+03
	968	491	242.000000	32.750000	1.014389e+03
	978	491	244.500000	32.750000	1.013614e+03
	755	493	188.750000	33.250000	1.012947e+03
	843	493	210.750000	33.250000	1.002037e+03
	969	493	242.250000	33.250000	1.014272e+03
	993	493	248.250000	33.250000	1.015282e+03
	964	494	241.000000	33.500000	1.014157e+03
	971	495	242.750000	33.750000	1.014274e+03
	1000	495	250.000000	33.750000	1.019264e+03
	761	496	190.250000	34.000000	1.012654e+03
	967	496	241.750000	34.000000	1.014204e+03
	961	497	240.250000	34.250000	1.013919e+03
	770	499	192.500000	34.750000	1.012217e+03
	959	500	239.750000	35.000000	1.014197e+03
	964	501	241.000000	35.250000	1.014677e+03
	971	501	242.750000	35.250000	1.016049e+03
	976	501	244.000000	35.250000	1.015442e+03
	955	502	238.750000	35.500000	1.014217e+03
	969	503	242.250000	35.750000	1.015967e+03
	963	504	240.750000	36.000000	1.015124e+03
	838	505	209.500000	36.250000	1.004354e+03
	960	505	240.000000	36.250000	1.014932e+03
	980	505	245.000000	36.250000	1.016424e+03
	984	505	246.000000	36.250000	1.016349e+03
	781	506	195.250000	36.500000	1.011632e+03
	991	507	247.750000	36.750000	1.018407e+03
	997	507	249.250000	36.750000	1.019462e+03
	840	508	210.000000	37.000000	1.004052e+03
	961	508	240.250000	37.000000	1.014812e+03
	967	509	241.750000	37.250000	1.017422e+03
	954	510	238.500000	37.500000	1.014892e+03
	991	510	247.750000	37.500000	1.018637e+03
	988	511	247.000000	37.750000	1.018372e+03
	1000	512	250.000000	38.000000	1.019317e+03
	957	513	239.250000	38.250000	1.015222e+03
	984	513	246.000000	38.250000	1.017999e+03
	950	514	237.500000	38.500000	1.014937e+03
	962	515	240.500000	38.750000	1.017349e+03
	990	515	247.500000	38.750000	1.017864e+03
	994	515	248.500000	38.750000	1.018514e+03
	955	516	238.750000	39.000000	1.015037e+03
	960	517	240.000000	39.250000	1.017084e+03
	970	517	242.500000	39.250000	1.017862e+03
	975	517	243.750000	39.250000	1.017339e+03
	980	517	245.000000	39.250000	1.017674e+03
	945	519	236.250000	39.750000	1.015342e+03
	984	520	246.000000	40.000000	1.016794e+03
	998	520	249.500000	40.000000	1.017652e+03
	971	522	242.750000	40.500000	1.018334e+03
	978	522	244.500000	40.500000	1.017667e+03
	966	523	241.500000	40.750000	1.018739e+03
	989	523	247.250000	40.750000	1.017654e+03
	951	525	237.750000	41.250000	1.015914e+03
	999	525	249.750000	41.250000	1.015607e+03
	959	526	239.750000	41.500000	1.015954e+03
	946	528	236.500000	42.000000	1.016532e+03
	979	529	244.750000	42.250000	1.014024e+03
	985	529	246.250000	42.250000	1.015337e+03
	994	529	248.500000	42.250000	1.017942e+03
	999	529	249.750000	42.250000	1.015519e+03
	970	530	242.500000	42.500000	1.014654e+03
	898	532	224.500000	43.000000	1.021282e+03
	901	532	225.250000	43.000000	1.021289e+03
	966	532	241.500000	43.000000	1.013664e+03
	974	532	243.500000	43.000000	1.014192e+03
	992	533	248.000000	43.250000	1.016234e+03
	995	535	248.750000	43.750000	1.016199e+03
	978	536	244.500000	44.000000	1.014499e+03
	959	545	239.750000	46.250000	1.008694e+03
	973	545	243.250000	46.250000	1.008094e+03
	969	546	242.250000	46.500000	1.007487e+03
	1000	547	250.000000	46.750000	1.002634e+03
	982	548	245.500000	47.000000	1.005272e+03
	942	549	235.500000	47.250000	1.010937e+03
	959	549	239.750000	47.250000	1.008772e+03
	972	549	243.000000	47.250000	1.007679e+03
	996	549	249.000000	47.250000	1.002339e+03
	984	550	246.000000	47.500000	1.005739e+03
	991	550	247.750000	47.500000	1.002849e+03
	979	551	244.750000	47.750000	1.006017e+03
	960	553	240.000000	48.250000	1.007859e+03
	975	554	243.750000	48.500000	1.006924e+03
	969	555	242.250000	48.750000	1.007677e+03
	987	555	246.750000	48.750000	1.003517e+03
	945	556	236.250000	49.000000	1.008574e+03
	983	557	245.750000	49.250000	1.005487e+03
	962	560	240.500000	50.000000	1.005204e+03
	981	560	245.250000	50.000000	1.004334e+03
	955	562	238.750000	50.500000	1.006592e+03
	963	562	240.750000	50.500000	1.005089e+03
	976	563	244.000000	50.750000	1.003182e+03
	952	564	238.000000	51.000000	1.006849e+03
	975	565	243.750000	51.250000	1.003444e+03
	970	566	242.500000	51.500000	1.003357e+03
	965	569	241.250000	52.250000	1.004489e+03
	930	570	232.500000	52.500000	1.014009e+03
	960	570	240.000000	52.500000	1.004869e+03
	963	571	240.750000	52.750000	1.004622e+03
	936	573	234.000000	53.250000	1.014172e+03
	726	579	181.500000	54.750000	9.523769e+02
	975	580	243.750000	55.000000	1.018957e+03
	975	582	243.750000	55.500000	1.019147e+03
	920	583	230.000000	55.750000	1.019342e+03
	895	588	223.750000	57.000000	1.021249e+03
	991	589	247.750000	57.250000	1.024234e+03
	918	590	229.500000	57.500000	1.021599e+03
	927	590	231.750000	57.500000	1.021179e+03
	944	590	236.000000	57.500000	1.016634e+03
	962	590	240.500000	57.500000	1.019344e+03
	884	592	221.000000	58.000000	1.021029e+03
	900	592	225.000000	58.000000	1.021192e+03
	913	593	228.250000	58.250000	1.022019e+03
	942	593	235.500000	58.250000	1.016559e+03
	886	594	221.500000	58.500000	1.020802e+03
	890	594	222.500000	58.500000	1.020827e+03
	939	595	234.750000	58.750000	1.017972e+03
	880	596	220.000000	59.000000	1.020677e+03
	875	597	218.750000	59.250000	1.020419e+03
	976	597	244.000000	59.250000	1.023477e+03
	870	598	217.500000	59.500000	1.020232e+03
	922	598	230.500000	59.500000	1.019784e+03
	983	598	245.750000	59.500000	1.024397e+03
	874	599	218.500000	59.750000	1.020384e+03
	905	599	226.250000	59.750000	1.020817e+03
	964	599	241.000000	59.750000	1.023002e+03
	836	600	209.000000	60.000000	1.008742e+03
