2014	10	15	181	21
	895	420	223.750000	15.000000	1.012343e+03
	882	422	220.500000	15.500000	1.012581e+03
	795	423	198.750000	15.750000	1.013483e+03
	660	424	165.000000	16.000000	1.012501e+03
	794	424	198.500000	16.000000	1.013483e+03
	786	425	196.500000	16.250000	1.013431e+03
	791	425	197.750000	16.250000	1.013423e+03
	766	427	191.500000	16.750000	1.012946e+03
	782	428	195.500000	17.000000	1.013488e+03
	989	428	247.250000	17.000000	1.010846e+03
	737	429	184.250000	17.250000	1.012913e+03
	768	429	192.000000	17.250000	1.013003e+03
	698	430	174.500000	17.500000	1.013253e+03
	738	430	184.500000	17.500000	1.012913e+03
	739	430	184.750000	17.500000	1.012913e+03
	754	430	188.500000	17.500000	1.012943e+03
	765	430	191.250000	17.500000	1.013013e+03
	763	431	190.750000	17.750000	1.013018e+03
	706	432	176.500000	18.000000	1.013516e+03
	750	432	187.500000	18.000000	1.012963e+03
	820	436	205.000000	19.000000	1.014126e+03
	776	439	194.000000	19.750000	1.013693e+03
	812	439	203.000000	19.750000	1.014111e+03
	815	440	203.750000	20.000000	1.013576e+03
	821	440	205.250000	20.000000	1.014458e+03
	810	441	202.500000	20.250000	1.014213e+03
	814	442	203.500000	20.500000	1.013913e+03
	905	442	226.250000	20.500000	1.014473e+03
	793	443	198.250000	20.750000	1.014791e+03
	814	444	203.500000	21.000000	1.014066e+03
	794	446	198.500000	21.500000	1.014831e+03
	790	448	197.500000	22.000000	1.015011e+03
	801	450	200.250000	22.500000	1.014763e+03
	999	452	249.750000	23.000000	1.010233e+03
	945	454	236.250000	23.500000	1.014943e+03
	998	456	249.500000	24.000000	1.010018e+03
	995	458	248.750000	24.500000	1.009928e+03
	999	458	249.750000	24.500000	1.010216e+03
	906	460	226.500000	25.000000	1.016261e+03
	912	462	228.000000	25.500000	1.016198e+03
	928	462	232.000000	25.500000	1.015898e+03
	898	463	224.500000	25.750000	1.016353e+03
	929	463	232.250000	25.750000	1.015898e+03
	991	464	247.750000	26.000000	1.010731e+03
	996	464	249.000000	26.000000	1.010188e+03
	948	465	237.000000	26.250000	1.015508e+03
	962	465	240.500000	26.250000	1.015323e+03
	993	467	248.250000	26.750000	1.010153e+03
	950	468	237.500000	27.000000	1.015516e+03
	818	472	204.500000	28.000000	1.016728e+03
	990	472	247.500000	28.000000	1.010453e+03
	820	473	205.000000	28.250000	1.016756e+03
	787	474	196.750000	28.500000	1.017021e+03
	999	474	249.750000	28.500000	1.008998e+03
	793	476	198.250000	29.000000	1.017008e+03
	929	477	232.250000	29.250000	1.016713e+03
	986	477	246.500000	29.250000	1.010323e+03
	998	477	249.500000	29.250000	1.009311e+03
	990	478	247.500000	29.500000	1.010516e+03
	984	480	246.000000	30.000000	1.010386e+03
	886	481	221.500000	30.250000	1.018121e+03
	933	481	233.250000	30.250000	1.016738e+03
	897	482	224.250000	30.500000	1.017833e+03
	982	482	245.500000	30.500000	1.010096e+03
	994	482	248.500000	30.500000	1.010071e+03
	900	483	225.000000	30.750000	1.017846e+03
	988	483	247.000000	30.750000	1.010576e+03
	908	484	227.000000	31.000000	1.017956e+03
	976	485	244.000000	31.250000	1.013386e+03
	1000	486	250.000000	31.500000	1.011451e+03
	979	488	244.750000	32.000000	1.009623e+03
	996	488	249.000000	32.000000	1.011528e+03
	984	491	246.000000	32.750000	1.010201e+03
	993	491	248.250000	32.750000	1.009966e+03
	692	492	173.000000	33.000000	1.025023e+03
	693	492	173.250000	33.000000	1.025023e+03
	977	492	244.250000	33.000000	1.009598e+03
	988	492	247.000000	33.000000	1.010248e+03
	985	494	246.250000	33.500000	1.010568e+03
	978	497	244.500000	34.250000	1.009253e+03
	982	497	245.500000	34.250000	1.009646e+03
	992	498	248.000000	34.500000	1.012453e+03
	961	499	240.250000	34.750000	1.014053e+03
	944	500	236.000000	35.000000	1.016418e+03
	976	500	244.000000	35.000000	1.010116e+03
	981	500	245.250000	35.000000	1.009353e+03
	990	500	247.500000	35.000000	1.012516e+03
	947	501	236.750000	35.250000	1.016203e+03
	692	502	173.000000	35.500000	1.025726e+03
	995	502	248.750000	35.500000	1.010288e+03
	974	503	243.500000	35.750000	1.009336e+03
	963	504	240.750000	36.000000	1.013683e+03
	990	504	247.500000	36.000000	1.011636e+03
	982	505	245.500000	36.250000	1.008138e+03
	968	506	242.000000	36.500000	1.007766e+03
	972	506	243.000000	36.500000	1.007661e+03
	981	507	245.250000	36.750000	1.008498e+03
	1000	507	250.000000	36.750000	1.010856e+03
	978	508	244.500000	37.000000	1.008611e+03
	985	508	246.250000	37.000000	1.009301e+03
	992	508	248.000000	37.000000	1.010683e+03
	967	509	241.750000	37.250000	1.008051e+03
	997	509	249.250000	37.250000	1.011486e+03
	969	512	242.250000	38.000000	1.008333e+03
	664	513	166.000000	38.250000	1.023378e+03
	995	514	248.750000	38.500000	1.009236e+03
	669	515	167.250000	38.750000	1.023143e+03
	999	515	249.750000	38.750000	1.009816e+03
	976	517	244.000000	39.250000	1.007583e+03
	951	518	237.750000	39.500000	1.014306e+03
	989	518	247.250000	39.500000	1.005801e+03
	992	520	248.000000	40.000000	1.006338e+03
	949	521	237.250000	40.250000	1.014356e+03
	985	522	246.250000	40.500000	1.004211e+03
	990	523	247.500000	40.750000	1.005146e+03
	964	524	241.000000	41.000000	1.012663e+03
	949	526	237.250000	41.500000	1.013958e+03
	988	528	247.000000	42.000000	1.004916e+03
	995	528	248.750000	42.000000	1.006178e+03
	949	529	237.250000	42.250000	1.014823e+03
	972	529	243.000000	42.250000	1.012393e+03
	991	530	247.750000	42.500000	1.005161e+03
	1000	530	250.000000	42.500000	1.004316e+03
	975	532	243.750000	43.000000	1.010866e+03
	852	536	213.000000	44.000000	9.897431e+02
	992	536	248.000000	44.000000	1.001698e+03
	954	537	238.500000	44.250000	1.011486e+03
	996	546	249.000000	46.500000	9.974131e+02
	1000	550	250.000000	47.500000	9.953081e+02
	949	552	237.250000	48.000000	1.004013e+03
	962	552	240.500000	48.000000	1.002646e+03
	992	552	248.000000	48.000000	9.947781e+02
	1000	554	250.000000	48.500000	9.959706e+02
	939	555	234.750000	48.750000	1.003106e+03
	945	556	236.250000	49.000000	1.003046e+03
	987	556	246.750000	49.000000	9.966231e+02
	951	557	237.750000	49.250000	1.004008e+03
	942	558	235.500000	49.500000	1.003118e+03
	960	558	240.000000	49.500000	1.001948e+03
	938	560	234.500000	50.000000	1.003073e+03
	960	561	240.000000	50.250000	1.001826e+03
	964	561	241.000000	50.250000	1.002263e+03
	983	562	245.750000	50.500000	9.983681e+02
	980	564	245.000000	51.000000	9.989281e+02
	683	565	170.750000	51.250000	9.787031e+02
	946	566	236.500000	51.500000	9.989981e+02
	941	568	235.250000	52.000000	9.997256e+02
	972	569	243.000000	52.250000	1.000868e+03
	938	570	234.500000	52.500000	9.997856e+02
	942	571	235.500000	52.750000	9.997781e+02
	970	571	242.500000	52.750000	1.000778e+03
	946	572	236.500000	53.000000	9.995457e+02
	960	574	240.000000	53.500000	1.000613e+03
	965	574	241.250000	53.500000	1.001026e+03
	950	575	237.500000	53.750000	1.000628e+03
	955	576	238.750000	54.000000	1.000318e+03
	927	578	231.750000	54.500000	1.001053e+03
	941	579	235.250000	54.750000	1.002013e+03
	936	580	234.000000	55.000000	1.001861e+03
	1000	581	250.000000	55.250000	1.007311e+03
	887	582	221.750000	55.500000	9.834256e+02
	803	583	200.750000	55.750000	1.002368e+03
	997	583	249.250000	55.750000	1.007296e+03
	923	586	230.750000	56.500000	1.001408e+03
	917	587	229.250000	56.750000	1.000503e+03
	726	588	181.500000	57.000000	1.003083e+03
	828	588	207.000000	57.000000	9.992656e+02
	720	589	180.000000	57.250000	1.002963e+03
	721	589	180.250000	57.250000	1.002963e+03
	716	590	179.000000	57.500000	1.002896e+03
	809	590	202.250000	57.500000	1.002763e+03
	712	591	178.000000	57.750000	1.002901e+03
	918	591	229.500000	57.750000	9.994156e+02
	824	593	206.000000	58.250000	9.993806e+02
	912	594	228.000000	58.500000	9.999182e+02
	888	595	222.000000	58.750000	9.955781e+02
	841	599	210.250000	59.750000	9.977156e+02
	874	599	218.500000	59.750000	9.956631e+02
	971	599	242.750000	59.750000	1.012523e+03
	894	600	223.500000	60.000000	1.000723e+03
	958	600	239.500000	60.000000	1.014056e+03
