2015	8	16	213	0
	737	421	184.250000	15.250000	1.010522e+03
	730	422	182.500000	15.500000	1.010434e+03
	738	422	184.500000	15.500000	1.010522e+03
	709	423	177.250000	15.750000	1.009807e+03
	985	426	246.250000	16.500000	1.000957e+03
	754	429	188.500000	17.250000	1.012104e+03
	755	431	188.750000	17.750000	1.012104e+03
	762	433	190.500000	18.250000	1.012097e+03
	753	435	188.250000	18.750000	1.012032e+03
	760	435	190.000000	18.750000	1.012129e+03
	814	438	203.500000	19.500000	1.012097e+03
	815	440	203.750000	20.000000	1.011847e+03
	820	441	205.000000	20.250000	1.013457e+03
	813	442	203.250000	20.500000	1.012337e+03
	821	443	205.250000	20.750000	1.013669e+03
	800	448	200.000000	22.000000	1.014117e+03
	997	454	249.250000	23.500000	1.009039e+03
	995	455	248.750000	23.750000	1.009047e+03
	662	457	165.500000	24.250000	1.012027e+03
	671	458	167.750000	24.500000	1.012007e+03
	1000	458	250.000000	24.500000	1.008237e+03
	993	461	248.250000	25.250000	1.008452e+03
	996	464	249.000000	26.000000	1.007349e+03
	990	465	247.500000	26.250000	1.007674e+03
	986	469	246.500000	27.250000	1.006152e+03
	1000	469	250.000000	27.250000	1.007649e+03
	992	470	248.000000	27.500000	1.006087e+03
	990	472	247.500000	28.000000	1.005659e+03
	983	475	245.750000	28.750000	1.007447e+03
	987	476	246.750000	29.000000	1.005157e+03
	980	477	245.000000	29.250000	1.007534e+03
	993	477	248.250000	29.250000	1.005914e+03
	996	478	249.000000	29.500000	1.006587e+03
	988	479	247.000000	29.750000	1.005232e+03
	977	481	244.250000	30.250000	1.008789e+03
	995	482	248.750000	30.500000	1.005574e+03
	988	483	247.000000	30.750000	1.004917e+03
	975	485	243.750000	31.250000	1.008829e+03
	987	485	246.750000	31.250000	1.004902e+03
	973	487	243.250000	31.750000	1.009144e+03
	991	488	247.750000	32.000000	1.005529e+03
	979	489	244.750000	32.250000	1.003929e+03
	995	489	248.750000	32.250000	1.005447e+03
	980	491	245.000000	32.750000	1.003884e+03
	985	491	246.250000	32.750000	1.004022e+03
	988	492	247.000000	33.000000	1.004079e+03
	992	493	248.000000	33.250000	1.004289e+03
	998	493	249.500000	33.250000	1.007417e+03
	971	495	242.750000	33.750000	1.009349e+03
	982	495	245.500000	33.750000	1.004209e+03
	967	496	241.750000	34.000000	1.009599e+03
	962	497	240.500000	34.250000	1.010302e+03
	969	500	242.250000	35.000000	1.008367e+03
	975	500	243.750000	35.000000	1.006472e+03
	963	502	240.750000	35.500000	1.009317e+03
	996	502	249.000000	35.500000	1.012067e+03
	974	503	243.500000	35.750000	1.006324e+03
	956	504	239.000000	36.000000	1.010242e+03
	962	504	240.500000	36.000000	1.009007e+03
	982	505	245.500000	36.250000	1.005864e+03
	987	505	246.750000	36.250000	1.011004e+03
	996	505	249.000000	36.250000	1.011647e+03
	972	506	243.000000	36.500000	1.005819e+03
	957	509	239.250000	37.250000	1.010122e+03
	998	510	249.500000	37.500000	1.008737e+03
	986	511	246.500000	37.750000	1.010887e+03
	970	512	242.500000	38.000000	1.009672e+03
	954	513	238.500000	38.250000	1.010757e+03
	977	514	244.250000	38.500000	1.008522e+03
	1000	515	250.000000	38.750000	1.006602e+03
	967	516	241.750000	39.000000	1.010857e+03
	685	517	171.250000	39.250000	9.934069e+02
	964	517	241.000000	39.250000	1.010924e+03
	972	517	243.000000	39.250000	1.011264e+03
	989	517	247.250000	39.250000	1.007792e+03
	952	518	238.000000	39.500000	1.010324e+03
	978	518	244.500000	39.500000	1.009672e+03
	986	518	246.500000	39.500000	1.007902e+03
	754	519	188.500000	39.750000	1.014072e+03
	945	519	236.250000	39.750000	1.013242e+03
	982	519	245.500000	39.750000	1.010282e+03
	969	520	242.250000	40.000000	1.011352e+03
	987	520	246.750000	40.000000	1.008222e+03
	992	520	248.000000	40.000000	1.009337e+03
	959	521	239.750000	40.250000	1.012892e+03
	951	522	237.750000	40.500000	1.010809e+03
	974	522	243.500000	40.500000	1.011709e+03
	977	523	244.250000	40.750000	1.011889e+03
	964	524	241.000000	41.000000	1.013167e+03
	980	524	245.000000	41.000000	1.011057e+03
	991	524	247.750000	41.000000	1.010954e+03
	946	526	236.500000	41.500000	1.015159e+03
	981	526	245.250000	41.500000	1.011389e+03
	950	527	237.500000	41.750000	1.015324e+03
	988	527	247.000000	41.750000	1.010444e+03
	944	528	236.000000	42.000000	1.015877e+03
	995	528	248.750000	42.000000	1.013237e+03
	976	529	244.000000	42.250000	1.014179e+03
	948	530	237.000000	42.500000	1.016877e+03
	954	530	238.500000	42.500000	1.015219e+03
	959	530	239.750000	42.500000	1.015274e+03
	967	530	241.750000	42.500000	1.014599e+03
	1000	530	250.000000	42.500000	1.012547e+03
	981	531	245.250000	42.750000	1.013679e+03
	977	532	244.250000	43.000000	1.013764e+03
	956	533	239.000000	43.250000	1.015242e+03
	964	533	241.000000	43.250000	1.015577e+03
	974	534	243.500000	43.500000	1.014247e+03
	997	535	249.250000	43.750000	1.014769e+03
	971	536	242.750000	44.000000	1.014007e+03
	990	536	247.500000	44.000000	1.009789e+03
	918	537	229.500000	44.250000	1.025189e+03
	962	538	240.500000	44.500000	1.015677e+03
	969	539	242.250000	44.750000	1.014527e+03
	984	539	246.000000	44.750000	1.012369e+03
	916	540	229.000000	45.000000	1.025339e+03
	973	542	243.250000	45.500000	1.015209e+03
	993	543	248.250000	45.750000	1.011949e+03
	972	544	243.000000	46.000000	1.015192e+03
	768	545	192.000000	46.250000	1.015764e+03
	959	545	239.750000	46.250000	1.016122e+03
	964	545	241.000000	46.250000	1.015902e+03
	948	546	237.000000	46.500000	1.022609e+03
	988	546	247.000000	46.500000	1.015612e+03
	968	547	242.000000	46.750000	1.016357e+03
	949	548	237.250000	47.000000	1.022442e+03
	1000	548	250.000000	47.000000	1.013967e+03
	992	549	248.000000	47.250000	1.014739e+03
	706	551	176.500000	47.750000	1.010947e+03
	962	552	240.500000	48.000000	1.016419e+03
	968	553	242.000000	48.250000	1.016799e+03
	946	554	236.500000	48.500000	1.023184e+03
	974	555	243.500000	48.750000	1.017147e+03
	945	556	236.250000	49.000000	1.023187e+03
	942	557	235.500000	49.250000	1.023469e+03
	970	557	242.500000	49.250000	1.018777e+03
	977	558	244.250000	49.500000	1.016509e+03
	990	559	247.500000	49.750000	1.020629e+03
	937	560	234.250000	50.000000	1.022522e+03
	962	560	240.500000	50.000000	1.018654e+03
	969	561	242.250000	50.250000	1.019874e+03
	963	562	240.750000	50.500000	1.018689e+03
	975	563	243.750000	50.750000	1.019314e+03
	957	564	239.250000	51.000000	1.016634e+03
	955	566	238.750000	51.500000	1.016562e+03
	972	566	243.000000	51.500000	1.019964e+03
	934	567	233.500000	51.750000	1.022517e+03
	951	568	237.750000	52.000000	1.016639e+03
	963	569	240.750000	52.250000	1.018937e+03
	806	570	201.500000	52.500000	1.010867e+03
	939	570	234.750000	52.500000	1.019464e+03
	807	571	201.750000	52.750000	1.010867e+03
	963	571	240.750000	52.750000	1.018747e+03
	913	572	228.250000	53.000000	1.023872e+03
	938	573	234.500000	53.250000	1.018532e+03
	947	573	236.750000	53.250000	1.017549e+03
	959	573	239.750000	53.250000	1.018597e+03
	911	574	227.750000	53.500000	1.023737e+03
	942	575	235.500000	53.750000	1.018317e+03
	774	576	193.500000	54.000000	1.011744e+03
	979	576	244.750000	54.000000	1.020439e+03
	934	577	233.500000	54.250000	1.018809e+03
	946	577	236.500000	54.250000	1.018034e+03
	719	578	179.750000	54.500000	1.000187e+03
	785	580	196.250000	55.000000	1.011747e+03
	934	580	233.500000	55.000000	1.019047e+03
	942	580	235.500000	55.000000	1.018634e+03
	929	581	232.250000	55.250000	1.019342e+03
	966	581	241.500000	55.250000	1.021864e+03
	933	582	233.250000	55.500000	1.019094e+03
	794	583	198.500000	55.750000	1.011989e+03
	978	583	244.500000	55.750000	1.020844e+03
	798	585	199.500000	56.250000	1.012002e+03
	969	585	242.250000	56.250000	1.021279e+03
	803	586	200.750000	56.500000	1.011504e+03
	911	586	227.750000	56.500000	1.020439e+03
	928	586	232.000000	56.500000	1.019124e+03
	965	586	241.250000	56.500000	1.021332e+03
	961	587	240.250000	56.750000	1.021319e+03
	806	588	201.500000	57.000000	1.011794e+03
	906	588	226.500000	57.000000	1.020474e+03
	932	588	233.000000	57.000000	1.019037e+03
	937	588	234.250000	57.000000	1.019437e+03
	822	589	205.500000	57.250000	1.014359e+03
	970	589	242.500000	57.250000	1.021179e+03
	971	589	242.750000	57.250000	1.021179e+03
	736	590	184.000000	57.500000	1.004677e+03
	902	590	225.500000	57.500000	1.020217e+03
	936	590	234.000000	57.500000	1.019307e+03
	948	590	237.000000	57.500000	1.020367e+03
	978	590	244.500000	57.500000	1.020462e+03
	748	591	187.000000	57.750000	1.004579e+03
	749	591	187.250000	57.750000	1.004579e+03
	826	591	206.500000	57.750000	1.014769e+03
	920	591	230.000000	57.750000	1.019127e+03
	926	591	231.500000	57.750000	1.019279e+03
	942	591	235.500000	57.750000	1.019782e+03
	904	592	226.000000	58.000000	1.019952e+03
	976	594	244.000000	58.500000	1.020229e+03
	977	594	244.250000	58.500000	1.020229e+03
	766	595	191.500000	58.750000	1.003762e+03
	894	595	223.500000	58.750000	1.020357e+03
	910	595	227.500000	58.750000	1.019142e+03
	860	596	215.000000	59.000000	1.020374e+03
	973	596	243.250000	59.000000	1.020654e+03
	865	597	216.250000	59.250000	1.020632e+03
	834	599	208.500000	59.750000	1.017352e+03
	868	599	217.000000	59.750000	1.020672e+03
	875	599	218.750000	59.750000	1.020669e+03
	960	599	240.000000	59.750000	1.019672e+03
	969	599	242.250000	59.750000	1.020117e+03
	970	599	242.500000	59.750000	1.020117e+03
	924	600	231.000000	60.000000	1.018474e+03
