2015	1	23	149	9
	899	420	224.750000	15.000000	1.015836e+03
	973	420	243.250000	15.000000	1.014124e+03
	901	421	225.250000	15.250000	1.015841e+03
	903	422	225.750000	15.500000	1.015824e+03
	934	423	233.500000	15.750000	1.014746e+03
	944	423	236.000000	15.750000	1.014554e+03
	940	424	235.000000	16.000000	1.014659e+03
	959	426	239.750000	16.500000	1.014239e+03
	966	427	241.500000	16.750000	1.013949e+03
	753	429	188.250000	17.250000	1.014969e+03
	754	429	188.500000	17.250000	1.014969e+03
	958	429	239.500000	17.250000	1.014449e+03
	756	430	189.000000	17.500000	1.014966e+03
	758	432	189.500000	18.000000	1.015029e+03
	761	433	190.250000	18.250000	1.015069e+03
	774	434	193.500000	18.500000	1.015234e+03
	764	435	191.000000	18.750000	1.015134e+03
	772	435	193.000000	18.750000	1.015236e+03
	950	435	237.500000	18.750000	1.015484e+03
	766	436	191.500000	19.000000	1.015161e+03
	812	436	203.000000	19.000000	1.015266e+03
	820	436	205.000000	19.000000	1.015811e+03
	768	437	192.000000	19.250000	1.015191e+03
	814	437	203.500000	19.250000	1.015374e+03
	770	438	192.500000	19.500000	1.015191e+03
	771	438	192.750000	19.500000	1.015191e+03
	773	439	193.250000	19.750000	1.015184e+03
	815	440	203.750000	20.000000	1.015519e+03
	821	440	205.250000	20.000000	1.015589e+03
	776	441	194.000000	20.250000	1.015126e+03
	810	441	202.500000	20.250000	1.015606e+03
	813	441	203.250000	20.250000	1.015634e+03
	819	441	204.750000	20.250000	1.015259e+03
	821	443	205.250000	20.750000	1.015584e+03
	809	444	202.250000	21.000000	1.015511e+03
	814	445	203.500000	21.250000	1.015596e+03
	811	446	202.750000	21.500000	1.015496e+03
	999	449	249.750000	22.250000	1.016696e+03
	993	462	248.250000	25.500000	1.018586e+03
	990	466	247.500000	26.500000	1.018784e+03
	954	469	238.500000	27.250000	1.022319e+03
	987	470	246.750000	27.500000	1.020184e+03
	985	473	246.250000	28.250000	1.020076e+03
	965	475	241.250000	28.750000	1.022304e+03
	978	479	244.500000	29.750000	1.022214e+03
	971	482	242.750000	30.500000	1.021769e+03
	972	482	243.000000	30.500000	1.021769e+03
	834	491	208.500000	32.750000	1.008004e+03
	983	492	245.750000	33.000000	1.025529e+03
	977	494	244.250000	33.500000	1.025839e+03
	839	497	209.750000	34.250000	1.007794e+03
	957	500	239.250000	35.000000	1.024359e+03
	977	500	244.250000	35.000000	1.026476e+03
	972	501	243.000000	35.250000	1.026856e+03
	992	501	248.000000	35.250000	1.028659e+03
	965	502	241.250000	35.500000	1.025749e+03
	965	505	241.250000	36.250000	1.025759e+03
	976	505	244.000000	36.250000	1.026631e+03
	984	506	246.000000	36.500000	1.027824e+03
	999	506	249.750000	36.500000	1.030359e+03
	991	507	247.750000	36.750000	1.028829e+03
	964	508	241.000000	37.000000	1.026134e+03
	974	508	243.500000	37.000000	1.026881e+03
	981	508	245.250000	37.000000	1.027601e+03
	961	510	240.250000	37.500000	1.026099e+03
	990	510	247.500000	37.500000	1.027401e+03
	999	512	249.750000	38.000000	1.030899e+03
	994	513	248.500000	38.250000	1.026844e+03
	958	514	239.500000	38.500000	1.025881e+03
	974	514	243.500000	38.500000	1.027371e+03
	950	515	237.500000	38.750000	1.027019e+03
	956	517	239.000000	39.250000	1.026114e+03
	998	519	249.500000	39.750000	1.028141e+03
	946	520	236.500000	40.000000	1.027874e+03
	965	521	241.250000	40.250000	1.033866e+03
	989	521	247.250000	40.250000	1.033069e+03
	1000	523	250.000000	40.750000	1.024666e+03
	959	524	239.750000	41.000000	1.031071e+03
	979	526	244.750000	41.500000	1.031391e+03
	971	527	242.750000	41.750000	1.032929e+03
	945	528	236.250000	42.000000	1.029191e+03
	985	528	246.250000	42.000000	1.032829e+03
	958	529	239.500000	42.250000	1.031716e+03
	975	529	243.750000	42.250000	1.033464e+03
	989	529	247.250000	42.250000	1.034631e+03
	999	529	249.750000	42.250000	1.028061e+03
	957	531	239.250000	42.750000	1.031609e+03
	966	531	241.500000	42.750000	1.032696e+03
	993	532	248.250000	43.000000	1.035241e+03
	771	533	192.750000	43.250000	9.852863e+02
	996	534	249.000000	43.500000	1.034934e+03
	949	535	237.250000	43.750000	1.029556e+03
	775	536	193.750000	44.000000	9.854163e+02
	954	536	238.500000	44.000000	1.030186e+03
	984	536	246.000000	44.000000	1.029506e+03
	778	537	194.500000	44.250000	9.853812e+02
	966	537	241.500000	44.250000	1.031244e+03
	987	537	246.750000	44.250000	1.030451e+03
	950	539	237.500000	44.750000	1.029634e+03
	957	539	239.250000	44.750000	1.030676e+03
	978	539	244.500000	44.750000	1.032964e+03
	992	540	248.000000	45.000000	1.030381e+03
	965	541	241.250000	45.250000	1.030634e+03
	971	542	242.750000	45.500000	1.031744e+03
	995	542	248.750000	45.500000	1.028329e+03
	967	543	241.750000	45.750000	1.031691e+03
	977	543	244.250000	45.750000	1.032999e+03
	949	546	237.250000	46.500000	1.029181e+03
	987	546	246.750000	46.500000	1.032284e+03
	951	549	237.750000	47.250000	1.029026e+03
	1000	549	250.000000	47.250000	1.022996e+03
	947	552	236.750000	48.000000	1.026976e+03
	991	552	247.750000	48.000000	1.023249e+03
	965	555	241.250000	48.750000	1.033524e+03
	972	556	243.000000	49.000000	1.034261e+03
	979	556	244.750000	49.000000	1.033829e+03
	997	556	249.250000	49.000000	1.022661e+03
	958	560	239.500000	50.000000	1.026854e+03
	985	561	246.250000	50.250000	1.019081e+03
	975	562	243.750000	50.500000	1.029139e+03
	988	562	247.000000	50.500000	1.019644e+03
	965	563	241.250000	50.750000	1.030344e+03
	971	565	242.750000	51.250000	1.029341e+03
	972	565	243.000000	51.250000	1.029341e+03
	947	566	236.750000	51.500000	1.021129e+03
	854	568	213.500000	52.000000	9.784788e+02
	851	569	212.750000	52.250000	9.787188e+02
	979	569	244.750000	52.250000	1.017194e+03
	848	570	212.000000	52.500000	9.788713e+02
	806	571	201.500000	52.750000	9.744012e+02
	974	573	243.500000	53.250000	1.015309e+03
	951	576	237.750000	54.000000	1.019629e+03
	932	578	233.000000	54.500000	1.015861e+03
	967	579	241.750000	54.750000	1.012849e+03
	979	580	244.750000	55.000000	1.013606e+03
	929	582	232.250000	55.500000	1.014664e+03
	964	583	241.000000	55.750000	1.011426e+03
	997	585	249.250000	56.250000	1.012221e+03
	830	591	207.500000	57.750000	9.846287e+02
	976	591	244.000000	57.750000	1.009569e+03
	832	595	208.000000	58.750000	9.847963e+02
	943	595	235.750000	58.750000	1.003181e+03
	954	597	238.500000	59.250000	1.004129e+03
	978	597	244.500000	59.250000	1.008989e+03
	932	598	233.000000	59.500000	1.002119e+03
	679	599	169.750000	59.750000	1.020826e+03
	837	599	209.250000	59.750000	9.864537e+02
	683	600	170.750000	60.000000	1.020794e+03
	826	600	206.500000	60.000000	9.876613e+02
