2015	8	14	169	9
	828	420	207.000000	15.000000	1.012197e+03
	718	421	179.500000	15.250000	1.011649e+03
	811	422	202.750000	15.500000	1.010472e+03
	690	424	172.500000	16.000000	1.011424e+03
	730	425	182.500000	16.250000	1.012124e+03
	732	426	183.000000	16.500000	1.012109e+03
	761	426	190.250000	16.500000	1.011949e+03
	680	428	170.000000	17.000000	1.011079e+03
	729	429	182.250000	17.250000	1.012419e+03
	677	430	169.250000	17.500000	1.011132e+03
	672	433	168.000000	18.250000	1.011062e+03
	815	436	203.750000	19.000000	1.012847e+03
	814	438	203.500000	19.500000	1.012824e+03
	874	439	218.500000	19.750000	1.013279e+03
	815	440	203.750000	20.000000	1.012759e+03
	821	440	205.250000	20.000000	1.014862e+03
	817	442	204.250000	20.500000	1.014147e+03
	998	453	249.500000	23.250000	1.010882e+03
	995	456	248.750000	24.000000	1.010792e+03
	998	462	249.500000	25.500000	1.009562e+03
	989	465	247.250000	26.250000	1.010319e+03
	996	465	249.000000	26.250000	1.009197e+03
	988	467	247.000000	26.750000	1.010447e+03
	980	470	245.000000	27.500000	1.011577e+03
	992	470	248.000000	27.500000	1.008874e+03
	680	471	170.000000	27.750000	1.014577e+03
	985	471	246.250000	27.750000	1.011087e+03
	990	472	247.500000	28.000000	1.008789e+03
	984	473	246.000000	28.250000	1.011204e+03
	683	474	170.750000	28.500000	1.014552e+03
	982	475	245.500000	28.750000	1.011299e+03
	988	475	247.000000	28.750000	1.008789e+03
	979	478	244.750000	29.500000	1.011079e+03
	984	480	246.000000	30.000000	1.008204e+03
	975	483	243.750000	30.750000	1.011412e+03
	975	484	243.750000	31.000000	1.011412e+03
	980	487	245.000000	31.750000	1.007704e+03
	802	488	200.500000	32.000000	1.022394e+03
	979	489	244.750000	32.250000	1.007707e+03
	985	491	246.250000	32.750000	1.008194e+03
	977	492	244.250000	33.000000	1.007684e+03
	988	492	247.000000	33.000000	1.008312e+03
	969	493	242.250000	33.250000	1.012294e+03
	991	494	247.750000	33.500000	1.008662e+03
	967	495	241.750000	33.750000	1.012104e+03
	970	495	242.500000	33.750000	1.012427e+03
	982	495	245.500000	33.750000	1.008027e+03
	962	497	240.500000	34.250000	1.011484e+03
	979	497	244.750000	34.250000	1.008814e+03
	1000	499	250.000000	34.750000	1.015737e+03
	969	500	242.250000	35.000000	1.012182e+03
	956	501	239.000000	35.250000	1.014757e+03
	996	501	249.000000	35.250000	1.015472e+03
	971	503	242.750000	35.750000	1.011329e+03
	975	503	243.750000	35.750000	1.009752e+03
	963	504	240.750000	36.000000	1.012592e+03
	990	504	247.500000	36.000000	1.016629e+03
	960	505	240.000000	36.250000	1.013179e+03
	982	505	245.500000	36.250000	1.009859e+03
	972	506	243.000000	36.500000	1.009259e+03
	962	507	240.500000	36.750000	1.012947e+03
	995	508	248.750000	37.000000	1.015509e+03
	1000	508	250.000000	37.000000	1.015677e+03
	997	510	249.250000	37.500000	1.014677e+03
	986	511	246.500000	37.750000	1.015992e+03
	968	512	242.000000	38.000000	1.012594e+03
	977	514	244.250000	38.500000	1.014749e+03
	997	514	249.250000	38.500000	1.015597e+03
	1000	515	250.000000	38.750000	1.014559e+03
	665	516	166.250000	39.000000	9.799144e+02
	967	516	241.750000	39.000000	1.011969e+03
	989	517	247.250000	39.250000	1.013812e+03
	945	518	236.250000	39.500000	1.017622e+03
	952	519	238.000000	39.750000	1.013479e+03
	966	519	241.500000	39.750000	1.011592e+03
	969	520	242.250000	40.000000	1.011674e+03
	951	521	237.750000	40.250000	1.013512e+03
	972	523	243.000000	40.750000	1.010534e+03
	731	524	182.750000	41.000000	1.010709e+03
	978	524	244.500000	41.000000	1.013232e+03
	987	524	246.750000	41.000000	1.011367e+03
	955	525	238.750000	41.250000	1.015197e+03
	736	526	184.000000	41.500000	1.010787e+03
	958	526	239.500000	41.500000	1.015019e+03
	968	526	242.000000	41.500000	1.011717e+03
	943	528	235.750000	42.000000	1.017849e+03
	953	528	238.250000	42.000000	1.014172e+03
	973	528	243.250000	42.000000	1.010372e+03
	948	530	237.000000	42.500000	1.015537e+03
	954	530	238.500000	42.500000	1.013927e+03
	970	532	242.500000	43.000000	1.007774e+03
	988	532	247.000000	43.000000	1.011952e+03
	975	533	243.750000	43.250000	1.006917e+03
	972	536	243.000000	44.000000	1.005159e+03
	767	538	191.750000	44.500000	1.019379e+03
	768	538	192.000000	44.500000	1.019379e+03
	969	539	242.250000	44.750000	1.007194e+03
	990	541	247.500000	45.250000	1.013924e+03
	777	542	194.250000	45.500000	1.019379e+03
	949	543	237.250000	45.750000	1.014182e+03
	975	544	243.750000	46.000000	1.006887e+03
	994	544	248.500000	46.000000	1.012299e+03
	959	546	239.750000	46.500000	1.006467e+03
	963	546	240.750000	46.500000	1.004202e+03
	968	547	242.000000	46.750000	1.004517e+03
	984	547	246.000000	46.750000	1.009662e+03
	714	548	178.500000	47.000000	1.013577e+03
	964	549	241.000000	47.250000	1.004142e+03
	982	550	245.500000	47.500000	1.008149e+03
	720	551	180.000000	47.750000	1.013587e+03
	998	552	249.500000	48.000000	1.007819e+03
	953	554	238.250000	48.500000	1.011589e+03
	995	554	248.750000	48.500000	1.007812e+03
	1000	554	250.000000	48.500000	1.007994e+03
	947	556	236.750000	49.000000	1.010649e+03
	934	558	233.500000	49.500000	1.011902e+03
	944	558	236.000000	49.500000	1.010854e+03
	977	558	244.250000	49.500000	1.009069e+03
	992	559	248.000000	49.750000	1.006984e+03
	968	561	242.000000	50.250000	1.009202e+03
	999	561	249.750000	50.250000	1.006777e+03
	949	562	237.250000	50.500000	1.012402e+03
	950	562	237.500000	50.500000	1.012402e+03
	955	562	238.750000	50.500000	1.010904e+03
	956	562	239.000000	50.500000	1.010904e+03
	992	562	248.000000	50.500000	1.007137e+03
	963	563	240.750000	50.750000	1.008257e+03
	975	563	243.750000	50.750000	1.010654e+03
	931	565	232.750000	51.250000	1.014059e+03
	935	565	233.750000	51.250000	1.013799e+03
	970	566	242.500000	51.500000	1.010829e+03
	850	567	212.500000	51.750000	1.020217e+03
	946	567	236.500000	51.750000	1.014517e+03
	938	572	234.500000	53.000000	1.016542e+03
	747	573	186.750000	53.250000	1.007204e+03
	952	576	238.000000	54.000000	1.015537e+03
	710	578	177.500000	54.500000	1.014277e+03
	955	578	238.750000	54.500000	1.016109e+03
	949	579	237.250000	54.750000	1.015834e+03
	966	579	241.500000	54.750000	1.014989e+03
	953	581	238.250000	55.250000	1.015877e+03
	806	585	201.500000	56.250000	1.021614e+03
	814	587	203.500000	56.750000	1.021422e+03
	904	589	226.000000	57.250000	1.020937e+03
	830	590	207.500000	57.500000	1.020069e+03
	882	590	220.500000	57.500000	1.022204e+03
	895	590	223.750000	57.500000	1.021969e+03
	934	591	233.500000	57.750000	1.020387e+03
	822	592	205.500000	58.000000	1.020057e+03
	878	592	219.500000	58.000000	1.022114e+03
	948	592	237.000000	58.000000	1.016919e+03
	890	593	222.500000	58.250000	1.021569e+03
	918	593	229.500000	58.250000	1.020704e+03
	824	594	206.000000	58.500000	1.019907e+03
	886	594	221.500000	58.500000	1.021654e+03
	894	594	223.500000	58.500000	1.021742e+03
	884	596	221.000000	59.000000	1.021727e+03
	892	596	223.000000	59.000000	1.021682e+03
	941	596	235.250000	59.000000	1.017782e+03
	880	597	220.000000	59.250000	1.021654e+03
	826	598	206.500000	59.500000	1.019712e+03
	843	598	210.750000	59.500000	1.020554e+03
	873	598	218.250000	59.500000	1.021519e+03
	868	599	217.000000	59.750000	1.021482e+03
	877	599	219.250000	59.750000	1.021519e+03
	930	599	232.500000	59.750000	1.018089e+03
	998	599	249.500000	59.750000	1.005704e+03
	805	600	201.250000	60.000000	1.019247e+03
	943	600	235.750000	60.000000	1.018489e+03
