2015	6	27	183	12
	986	433	246.500000	18.250000	1.012850e+03
	986	435	246.500000	18.750000	1.012847e+03
	814	438	203.500000	19.500000	1.015605e+03
	812	439	203.000000	19.750000	1.015768e+03
	815	440	203.750000	20.000000	1.015495e+03
	820	441	205.000000	20.250000	1.016383e+03
	817	442	204.250000	20.500000	1.016260e+03
	821	443	205.250000	20.750000	1.016545e+03
	817	444	204.250000	21.000000	1.016583e+03
	814	445	203.500000	21.250000	1.016635e+03
	986	448	246.500000	22.000000	1.012740e+03
	801	450	200.250000	22.500000	1.017688e+03
	997	455	249.250000	23.750000	1.012210e+03
	995	456	248.750000	24.000000	1.012175e+03
	992	457	248.000000	24.250000	1.012122e+03
	994	459	248.500000	24.750000	1.012145e+03
	998	462	249.500000	25.500000	1.010393e+03
	991	463	247.750000	25.750000	1.011958e+03
	996	464	249.000000	26.000000	1.010167e+03
	831	467	207.750000	26.750000	1.018862e+03
	987	467	246.750000	26.750000	1.011435e+03
	992	470	248.000000	27.500000	1.010055e+03
	994	471	248.500000	27.750000	1.010075e+03
	990	472	247.500000	28.000000	1.009922e+03
	996	472	249.000000	28.000000	1.010128e+03
	984	473	246.000000	28.250000	1.012085e+03
	993	473	248.250000	28.250000	1.009975e+03
	988	475	247.000000	28.750000	1.009770e+03
	824	479	206.000000	29.750000	1.019347e+03
	887	479	221.750000	29.750000	1.021532e+03
	891	479	222.750000	29.750000	1.021562e+03
	985	479	246.250000	29.750000	1.009540e+03
	988	479	247.000000	29.750000	1.009660e+03
	823	482	205.750000	30.500000	1.019323e+03
	841	482	210.250000	30.500000	1.019532e+03
	976	482	244.000000	30.500000	1.013237e+03
	983	482	245.750000	30.500000	1.009768e+03
	731	483	182.750000	30.750000	1.024402e+03
	975	485	243.750000	31.250000	1.012802e+03
	982	485	245.500000	31.250000	1.009693e+03
	839	486	209.750000	31.500000	1.019400e+03
	978	491	244.500000	32.750000	1.010050e+03
	971	493	242.750000	33.250000	1.013977e+03
	992	493	248.000000	33.250000	1.012102e+03
	952	494	238.000000	33.500000	1.014307e+03
	965	495	241.250000	33.750000	1.014133e+03
	971	495	242.750000	33.750000	1.013915e+03
	951	496	237.750000	34.000000	1.014290e+03
	978	497	244.500000	34.250000	1.009195e+03
	812	500	203.000000	35.000000	1.020610e+03
	852	500	213.000000	35.000000	1.017875e+03
	895	500	223.750000	35.000000	1.021050e+03
	969	500	242.250000	35.000000	1.011708e+03
	981	500	245.250000	35.000000	1.009693e+03
	964	501	241.000000	35.250000	1.011432e+03
	971	503	242.750000	35.750000	1.010302e+03
	975	503	243.750000	35.750000	1.009182e+03
	995	504	248.750000	36.000000	1.012713e+03
	892	505	223.000000	36.250000	1.021028e+03
	982	505	245.500000	36.250000	1.007560e+03
	938	506	234.500000	36.500000	1.012900e+03
	960	506	240.000000	36.500000	1.011380e+03
	972	506	243.000000	36.500000	1.008570e+03
	862	507	215.500000	36.750000	1.018020e+03
	892	507	223.000000	36.750000	1.021028e+03
	961	508	240.250000	37.000000	1.011365e+03
	995	508	248.750000	37.000000	1.011773e+03
	1000	508	250.000000	37.000000	1.013143e+03
	958	510	239.500000	37.500000	1.011537e+03
	997	510	249.250000	37.500000	1.011690e+03
	985	511	246.250000	37.750000	1.012258e+03
	868	512	217.000000	38.000000	1.018112e+03
	970	512	242.500000	38.000000	1.012980e+03
	898	513	224.500000	38.250000	1.020925e+03
	997	514	249.250000	38.500000	1.013432e+03
	1000	515	250.000000	38.750000	1.013130e+03
	967	516	241.750000	39.000000	1.011340e+03
	776	517	194.000000	39.250000	1.013588e+03
	972	517	243.000000	39.250000	1.015818e+03
	989	517	247.250000	39.250000	1.012237e+03
	730	518	182.500000	39.500000	1.021648e+03
	952	518	238.000000	39.500000	1.010555e+03
	986	518	246.500000	39.500000	1.013218e+03
	966	519	241.500000	39.750000	1.010833e+03
	978	519	244.500000	39.750000	1.015325e+03
	783	520	195.750000	40.000000	1.013290e+03
	946	520	236.500000	40.000000	1.012920e+03
	988	520	247.000000	40.000000	1.012997e+03
	979	521	244.750000	40.250000	1.015307e+03
	938	522	234.500000	40.500000	1.013898e+03
	985	523	246.250000	40.750000	1.012710e+03
	945	524	236.250000	41.000000	1.012955e+03
	965	524	241.250000	41.000000	1.011380e+03
	971	524	242.750000	41.000000	1.012995e+03
	978	524	244.500000	41.000000	1.014775e+03
	954	525	238.500000	41.250000	1.014302e+03
	990	525	247.500000	41.250000	1.012500e+03
	957	526	239.250000	41.500000	1.014370e+03
	945	527	236.250000	41.750000	1.012980e+03
	950	527	237.500000	41.750000	1.013025e+03
	974	528	243.500000	42.000000	1.013417e+03
	948	530	237.000000	42.500000	1.011960e+03
	967	530	241.750000	42.500000	1.013675e+03
	986	530	246.500000	42.500000	1.013482e+03
	880	532	220.000000	43.000000	1.015925e+03
	960	532	240.000000	43.000000	1.014660e+03
	969	532	242.250000	43.000000	1.012828e+03
	947	533	236.750000	43.250000	1.012105e+03
	957	533	239.250000	43.250000	1.014560e+03
	965	533	241.250000	43.250000	1.013580e+03
	991	534	247.750000	43.500000	1.015297e+03
	948	536	237.000000	44.000000	1.012065e+03
	965	536	241.250000	44.000000	1.014280e+03
	972	536	243.000000	44.000000	1.011670e+03
	885	539	221.250000	44.750000	1.016943e+03
	979	539	244.750000	44.750000	1.017753e+03
	984	539	246.000000	44.750000	1.017542e+03
	948	540	237.000000	45.000000	1.012297e+03
	989	540	247.250000	45.000000	1.018112e+03
	911	542	227.750000	45.500000	1.020453e+03
	950	542	237.500000	45.500000	1.012427e+03
	956	543	239.000000	45.750000	1.010845e+03
	961	543	240.250000	45.750000	1.009787e+03
	994	543	248.500000	45.750000	1.016513e+03
	976	545	244.000000	46.250000	1.014162e+03
	952	546	238.000000	46.500000	1.012958e+03
	988	546	247.000000	46.500000	1.016255e+03
	984	547	246.000000	46.750000	1.015607e+03
	948	549	237.000000	47.250000	1.014235e+03
	952	549	238.000000	47.250000	1.014167e+03
	982	550	245.500000	47.500000	1.015110e+03
	997	551	249.250000	47.750000	1.014237e+03
	979	553	244.750000	48.250000	1.015347e+03
	941	554	235.250000	48.500000	1.015562e+03
	950	554	237.500000	48.500000	1.014780e+03
	989	554	247.250000	48.500000	1.015255e+03
	937	556	234.250000	49.000000	1.015400e+03
	949	556	237.250000	49.000000	1.014688e+03
	987	556	246.750000	49.000000	1.014920e+03
	977	558	244.250000	49.500000	1.016285e+03
	990	558	247.500000	49.500000	1.015115e+03
	997	559	249.250000	49.750000	1.015503e+03
	948	561	237.000000	50.250000	1.017438e+03
	968	561	242.000000	50.250000	1.016010e+03
	984	562	246.000000	50.500000	1.016323e+03
	955	563	238.750000	50.750000	1.015110e+03
	963	563	240.750000	50.750000	1.014497e+03
	974	564	243.500000	51.000000	1.018417e+03
	891	565	222.750000	51.250000	1.016198e+03
	961	565	240.250000	51.250000	1.014930e+03
	970	566	242.500000	51.500000	1.018490e+03
	951	569	237.750000	52.250000	1.015415e+03
	955	569	238.750000	52.250000	1.015375e+03
	951	570	237.750000	52.500000	1.015415e+03
	968	572	242.000000	53.000000	1.018578e+03
	952	573	238.000000	53.250000	1.015667e+03
	972	573	243.000000	53.250000	1.018393e+03
	952	576	238.000000	54.000000	1.015575e+03
	925	579	231.250000	54.750000	1.018532e+03
	838	581	209.500000	55.250000	1.006680e+03
	839	581	209.750000	55.250000	1.006680e+03
	915	581	228.750000	55.250000	1.019255e+03
	805	582	201.250000	55.500000	1.010055e+03
	845	583	211.250000	55.750000	1.006475e+03
	916	583	229.000000	55.750000	1.019205e+03
	926	583	231.500000	55.750000	1.018395e+03
	916	584	229.000000	56.000000	1.019205e+03
	943	584	235.750000	56.000000	1.016657e+03
	930	585	232.500000	56.250000	1.018347e+03
	913	586	228.250000	56.500000	1.019367e+03
	945	587	236.250000	56.750000	1.016963e+03
	940	588	235.000000	57.000000	1.017128e+03
	900	590	225.000000	57.500000	1.019530e+03
	904	590	226.000000	57.500000	1.019492e+03
	938	590	234.500000	57.500000	1.016953e+03
	900	592	225.000000	58.000000	1.019495e+03
	918	592	229.500000	58.000000	1.019073e+03
	896	594	224.000000	58.500000	1.019653e+03
	915	595	228.750000	58.750000	1.019330e+03
	921	595	230.250000	58.750000	1.019055e+03
	892	596	223.000000	59.000000	1.019560e+03
	802	600	200.500000	60.000000	1.006520e+03
	836	600	209.000000	60.000000	1.010797e+03
