2015	7	19	206	0
	766	420	191.500000	15.000000	1.010196e+03
	940	420	235.000000	15.000000	1.009468e+03
	967	420	241.750000	15.000000	1.009576e+03
	953	421	238.250000	15.250000	1.009618e+03
	967	421	241.750000	15.250000	1.009576e+03
	958	422	239.500000	15.500000	1.009536e+03
	967	422	241.750000	15.500000	1.009576e+03
	924	423	231.000000	15.750000	1.009206e+03
	958	423	239.500000	15.750000	1.009536e+03
	926	424	231.500000	16.000000	1.009181e+03
	961	424	240.250000	16.000000	1.009546e+03
	768	426	192.000000	16.500000	1.012238e+03
	954	427	238.500000	16.750000	1.009696e+03
	970	427	242.500000	16.750000	1.009631e+03
	962	429	240.500000	17.250000	1.009526e+03
	965	429	241.250000	17.250000	1.009531e+03
	718	430	179.500000	17.500000	1.013236e+03
	921	432	230.250000	18.000000	1.009483e+03
	969	432	242.250000	18.000000	1.009513e+03
	821	434	205.250000	18.500000	1.013406e+03
	969	434	242.250000	18.500000	1.009523e+03
	918	435	229.500000	18.750000	1.009501e+03
	810	436	202.500000	19.000000	1.013891e+03
	815	436	203.750000	19.000000	1.013688e+03
	820	436	205.000000	19.000000	1.013441e+03
	812	437	203.000000	19.250000	1.013828e+03
	917	437	229.250000	19.250000	1.009493e+03
	814	438	203.500000	19.500000	1.013743e+03
	891	438	222.750000	19.500000	1.005833e+03
	892	438	223.000000	19.500000	1.005833e+03
	915	439	228.750000	19.750000	1.009508e+03
	815	440	203.750000	20.000000	1.013528e+03
	820	441	205.000000	20.250000	1.014403e+03
	814	442	203.500000	20.500000	1.013863e+03
	818	442	204.500000	20.500000	1.014506e+03
	812	446	203.000000	21.500000	1.015143e+03
	801	447	200.250000	21.750000	1.015423e+03
	997	454	249.250000	23.500000	1.011078e+03
	729	455	182.250000	23.750000	1.016446e+03
	995	455	248.750000	23.750000	1.011141e+03
	727	456	181.750000	24.000000	1.016436e+03
	998	458	249.500000	24.500000	1.010943e+03
	965	459	241.250000	24.750000	9.995906e+02
	993	460	248.250000	25.000000	1.011086e+03
	998	461	249.500000	25.250000	1.010896e+03
	996	464	249.000000	26.000000	1.011153e+03
	738	465	184.500000	26.250000	1.017411e+03
	987	468	246.750000	27.000000	1.011438e+03
	993	468	248.250000	27.000000	1.010806e+03
	1000	469	250.000000	27.250000	1.010928e+03
	985	471	246.250000	27.750000	1.010331e+03
	992	471	248.000000	27.750000	1.010793e+03
	997	471	249.250000	27.750000	1.011026e+03
	983	472	245.750000	28.000000	1.010521e+03
	990	474	247.500000	28.500000	1.010521e+03
	982	475	245.500000	28.750000	1.011033e+03
	980	476	245.000000	29.000000	1.011168e+03
	986	478	246.500000	29.500000	1.010011e+03
	988	479	247.000000	29.750000	1.009931e+03
	919	482	229.750000	30.500000	1.010501e+03
	926	482	231.500000	30.500000	1.010516e+03
	982	482	245.500000	30.500000	1.010128e+03
	995	482	248.750000	30.500000	1.012576e+03
	922	483	230.500000	30.750000	1.010488e+03
	973	487	243.250000	31.750000	1.012153e+03
	979	489	244.750000	32.250000	1.010691e+03
	963	492	240.750000	33.000000	1.014441e+03
	989	492	247.250000	33.000000	1.010743e+03
	993	493	248.250000	33.250000	1.010041e+03
	998	493	249.500000	33.250000	1.011591e+03
	714	500	178.500000	35.000000	1.019763e+03
	959	500	239.750000	35.000000	1.013331e+03
	1000	500	250.000000	35.000000	1.009781e+03
	962	505	240.500000	36.250000	1.008796e+03
	980	505	245.000000	36.250000	1.011036e+03
	989	505	247.250000	36.250000	1.018703e+03
	996	505	249.000000	36.250000	1.010971e+03
	951	506	237.750000	36.500000	1.013193e+03
	972	507	243.000000	36.750000	1.009631e+03
	960	508	240.000000	37.000000	1.008301e+03
	979	508	244.750000	37.000000	1.010223e+03
	997	510	249.250000	37.500000	1.007871e+03
	968	512	242.000000	38.000000	1.008526e+03
	979	512	244.750000	38.000000	1.008743e+03
	998	512	249.500000	38.000000	1.008511e+03
	978	514	244.500000	38.500000	1.008463e+03
	1000	515	250.000000	38.750000	1.007371e+03
	967	516	241.750000	39.000000	1.010513e+03
	972	516	243.000000	39.000000	1.011988e+03
	932	517	233.000000	39.250000	1.011083e+03
	952	518	238.000000	39.500000	1.008776e+03
	985	518	246.250000	39.500000	1.009326e+03
	966	519	241.500000	39.750000	1.009608e+03
	990	519	247.500000	39.750000	1.009943e+03
	961	520	240.250000	40.000000	1.010356e+03
	950	521	237.500000	40.250000	1.009121e+03
	972	522	243.000000	40.500000	1.011561e+03
	984	522	246.000000	40.500000	1.010581e+03
	990	522	247.500000	40.500000	1.012298e+03
	964	524	241.000000	41.000000	1.011413e+03
	991	524	247.750000	41.000000	1.011811e+03
	995	525	248.750000	41.250000	1.013518e+03
	967	526	241.750000	41.500000	1.011601e+03
	998	526	249.500000	41.500000	1.014013e+03
	949	527	237.250000	41.750000	1.010226e+03
	955	527	238.750000	41.750000	1.010403e+03
	972	527	243.000000	41.750000	1.011416e+03
	988	527	247.000000	41.750000	1.012488e+03
	1000	528	250.000000	42.000000	1.013683e+03
	954	529	238.500000	42.250000	1.010496e+03
	948	530	237.000000	42.500000	1.008946e+03
	963	531	240.750000	42.750000	1.011938e+03
	969	531	242.250000	42.750000	1.011006e+03
	998	532	249.500000	43.000000	1.015681e+03
	975	533	243.750000	43.250000	1.011146e+03
	989	533	247.250000	43.250000	1.013106e+03
	963	534	240.750000	43.500000	1.011616e+03
	813	535	203.250000	43.750000	1.028921e+03
	948	536	237.000000	44.000000	1.009798e+03
	972	536	243.000000	44.000000	1.010258e+03
	991	536	247.750000	44.000000	1.012896e+03
	956	537	239.000000	44.250000	1.012156e+03
	962	539	240.500000	44.750000	1.012501e+03
	969	539	242.250000	44.750000	1.012088e+03
	956	540	239.000000	45.000000	1.011881e+03
	949	541	237.250000	45.250000	1.010188e+03
	978	542	244.500000	45.500000	1.014278e+03
	982	542	245.500000	45.500000	1.013586e+03
	992	542	248.000000	45.500000	1.014168e+03
	955	543	238.750000	45.750000	1.011261e+03
	971	544	242.750000	46.000000	1.011626e+03
	994	544	248.500000	46.000000	1.013453e+03
	959	546	239.750000	46.500000	1.010583e+03
	963	546	240.750000	46.500000	1.009786e+03
	989	546	247.250000	46.500000	1.013396e+03
	968	547	242.000000	46.750000	1.009958e+03
	984	547	246.000000	46.750000	1.012703e+03
	962	548	240.500000	47.000000	1.009948e+03
	950	549	237.500000	47.250000	1.012381e+03
	982	551	245.500000	47.750000	1.011848e+03
	962	552	240.500000	48.000000	1.010646e+03
	969	552	242.250000	48.000000	1.010371e+03
	970	552	242.500000	48.000000	1.010371e+03
	794	553	198.500000	48.250000	1.029941e+03
	952	553	238.000000	48.250000	1.012848e+03
	997	553	249.250000	48.250000	1.010971e+03
	941	554	235.250000	48.500000	1.014506e+03
	948	554	237.000000	48.500000	1.013278e+03
	968	554	242.000000	48.500000	1.010326e+03
	982	554	245.500000	48.500000	1.011708e+03
	994	554	248.500000	48.500000	1.011026e+03
	950	556	237.500000	49.000000	1.012736e+03
	974	556	243.500000	49.000000	1.010841e+03
	934	558	233.500000	49.500000	1.014808e+03
	977	558	244.250000	49.500000	1.009661e+03
	952	559	238.000000	49.750000	1.013258e+03
	825	560	206.250000	50.000000	1.020473e+03
	940	560	235.000000	50.000000	1.013261e+03
	962	560	240.500000	50.000000	1.013386e+03
	969	562	242.250000	50.500000	1.012963e+03
	949	563	237.250000	50.750000	1.012873e+03
	955	563	238.750000	50.750000	1.012386e+03
	963	563	240.750000	50.750000	1.013488e+03
	975	563	243.750000	50.750000	1.011118e+03
	687	565	171.750000	51.250000	9.920781e+02
	940	565	235.000000	51.250000	1.014048e+03
	960	566	240.000000	51.500000	1.013991e+03
	984	567	246.000000	51.750000	1.006101e+03
	837	568	209.250000	52.000000	1.022113e+03
	950	568	237.500000	52.000000	1.011376e+03
	946	569	236.500000	52.250000	1.012031e+03
	928	570	232.000000	52.500000	1.017306e+03
	951	570	237.750000	52.500000	1.011358e+03
	980	570	245.000000	52.500000	1.006151e+03
	841	571	210.250000	52.750000	1.022348e+03
	963	572	240.750000	53.000000	1.013131e+03
	938	573	234.500000	53.250000	1.013076e+03
	949	573	237.250000	53.250000	1.011076e+03
	848	574	212.000000	53.500000	1.022868e+03
	774	575	193.500000	53.750000	1.027236e+03
	784	579	196.000000	54.750000	1.026801e+03
	949	580	237.250000	55.000000	1.009443e+03
	983	581	245.750000	55.250000	1.002966e+03
	974	582	243.500000	55.500000	1.002541e+03
	960	583	240.000000	55.750000	1.005058e+03
	803	584	200.750000	56.000000	1.025148e+03
	943	585	235.750000	56.250000	1.009733e+03
	954	585	238.500000	56.250000	1.005591e+03
	908	587	227.000000	56.750000	1.021688e+03
	940	587	235.000000	56.750000	1.010381e+03
	813	588	203.250000	57.000000	1.024363e+03
	828	590	207.000000	57.500000	1.022143e+03
	820	592	205.000000	58.000000	1.022853e+03
	898	592	224.500000	58.000000	1.022083e+03
	926	592	231.500000	58.000000	1.014693e+03
	918	593	229.500000	58.250000	1.015576e+03
	986	593	246.500000	58.250000	9.984656e+02
	829	594	207.250000	58.500000	1.023111e+03
	824	595	206.000000	58.750000	1.022356e+03
	894	595	223.500000	58.750000	1.020393e+03
	992	595	248.000000	58.750000	9.971481e+02
	973	596	243.250000	59.000000	1.001298e+03
	843	598	210.750000	59.500000	1.022808e+03
	883	599	220.750000	59.750000	1.022288e+03
	828	600	207.000000	60.000000	1.020336e+03
	943	600	235.750000	60.000000	1.006941e+03
