2014	12	9	131	3
	814	438	203.500000	19.500000	1.015068e+03
	815	440	203.750000	20.000000	1.015095e+03
	820	441	205.000000	20.250000	1.015458e+03
	818	442	204.500000	20.500000	1.015403e+03
	821	443	205.250000	20.750000	1.015528e+03
	818	444	204.500000	21.000000	1.015450e+03
	742	445	185.500000	21.250000	1.013160e+03
	814	445	203.500000	21.250000	1.015515e+03
	734	446	183.500000	21.500000	1.013102e+03
	810	446	202.500000	21.500000	1.015372e+03
	818	446	204.500000	21.500000	1.015607e+03
	810	447	202.500000	21.750000	1.015372e+03
	738	449	184.500000	22.250000	1.013135e+03
	803	449	200.750000	22.250000	1.015170e+03
	999	452	249.750000	23.000000	1.013722e+03
	995	456	248.750000	24.000000	1.014032e+03
	989	465	247.250000	26.250000	1.014153e+03
	990	465	247.500000	26.250000	1.014153e+03
	914	468	228.500000	27.000000	1.021552e+03
	986	472	246.500000	28.000000	1.015200e+03
	932	474	233.000000	28.500000	1.021465e+03
	994	476	248.500000	29.000000	1.013797e+03
	980	477	245.000000	29.250000	1.015910e+03
	997	477	249.250000	29.250000	1.013860e+03
	995	482	248.750000	30.500000	1.015550e+03
	987	485	246.750000	31.250000	1.015203e+03
	665	486	166.250000	31.500000	1.020085e+03
	808	486	202.000000	31.500000	1.004193e+03
	973	486	243.250000	31.500000	1.017200e+03
	995	489	248.750000	32.250000	1.016440e+03
	971	490	242.750000	32.500000	1.017523e+03
	970	492	242.500000	33.000000	1.017515e+03
	977	492	244.250000	33.000000	1.017477e+03
	988	492	247.000000	33.000000	1.016205e+03
	842	493	210.500000	33.250000	1.006630e+03
	992	494	248.000000	33.500000	1.016180e+03
	966	495	241.500000	33.750000	1.017487e+03
	962	496	240.500000	34.000000	1.017765e+03
	983	496	245.750000	34.000000	1.017640e+03
	970	500	242.500000	35.000000	1.020268e+03
	976	501	244.000000	35.250000	1.019605e+03
	964	503	241.000000	35.750000	1.020188e+03
	971	503	242.750000	35.750000	1.020438e+03
	975	503	243.750000	35.750000	1.020005e+03
	951	505	237.750000	36.250000	1.020708e+03
	958	505	239.500000	36.250000	1.020218e+03
	963	505	240.750000	36.250000	1.019920e+03
	982	505	245.500000	36.250000	1.020130e+03
	972	506	243.000000	36.500000	1.020435e+03
	977	507	244.250000	36.750000	1.020372e+03
	967	509	241.750000	37.250000	1.022042e+03
	972	509	243.000000	37.250000	1.020835e+03
	959	510	239.750000	37.500000	1.019800e+03
	964	511	241.000000	37.750000	1.021640e+03
	980	511	245.000000	37.750000	1.020737e+03
	986	511	246.500000	37.750000	1.021883e+03
	955	516	238.750000	39.000000	1.020720e+03
	969	516	242.250000	39.000000	1.021635e+03
	972	516	243.000000	39.000000	1.021665e+03
	986	517	246.500000	39.250000	1.023290e+03
	990	518	247.500000	39.500000	1.022575e+03
	992	520	248.000000	40.000000	1.022843e+03
	952	522	238.000000	40.500000	1.021042e+03
	954	523	238.500000	40.750000	1.021042e+03
	994	523	248.500000	40.750000	1.023307e+03
	998	524	249.500000	41.000000	1.023035e+03
	950	527	237.500000	41.750000	1.019460e+03
	976	529	244.000000	42.250000	1.022920e+03
	985	529	246.250000	42.250000	1.023920e+03
	989	530	247.250000	42.500000	1.024645e+03
	997	531	249.250000	42.750000	1.024198e+03
	969	532	242.250000	43.000000	1.021753e+03
	970	532	242.500000	43.000000	1.021753e+03
	975	535	243.750000	43.750000	1.023490e+03
	995	535	248.750000	43.750000	1.024392e+03
	984	536	246.000000	44.000000	1.024573e+03
	980	537	245.000000	44.250000	1.024292e+03
	999	537	249.750000	44.250000	1.024610e+03
	868	539	217.000000	44.750000	9.667450e+02
	957	539	239.250000	44.750000	1.015825e+03
	874	542	218.500000	45.500000	9.693750e+02
	965	542	241.250000	45.500000	1.017215e+03
	885	543	221.250000	45.750000	9.636200e+02
	996	543	249.000000	45.750000	1.021218e+03
	999	545	249.750000	46.250000	1.019487e+03
	969	546	242.250000	46.500000	1.018100e+03
	987	546	246.750000	46.500000	1.021458e+03
	990	546	247.500000	46.500000	1.020787e+03
	970	548	242.500000	47.000000	1.018360e+03
	980	549	245.000000	47.250000	1.020400e+03
	999	549	249.750000	47.250000	1.017000e+03
	853	553	213.250000	48.250000	9.724250e+02
	990	553	247.500000	48.250000	1.016453e+03
	970	556	242.500000	49.000000	1.020580e+03
	995	557	248.750000	49.250000	1.016000e+03
	977	558	244.250000	49.500000	1.021360e+03
	973	563	243.250000	50.750000	1.018097e+03
	982	563	245.500000	50.750000	1.010440e+03
	990	566	247.500000	51.500000	1.011528e+03
	944	567	236.000000	51.750000	1.001037e+03
	979	569	244.750000	52.250000	1.007393e+03
	767	572	191.750000	53.000000	9.653975e+02
	981	572	245.250000	53.000000	1.007153e+03
	976	573	244.000000	53.250000	1.005282e+03
	975	575	243.750000	53.750000	1.005787e+03
	812	579	203.000000	54.750000	9.595475e+02
	933	579	233.250000	54.750000	9.957650e+02
	968	579	242.000000	54.750000	1.003720e+03
	977	580	244.250000	55.000000	1.004465e+03
	815	581	203.750000	55.250000	9.595400e+02
	969	581	242.250000	55.250000	1.003690e+03
	956	582	239.000000	55.500000	1.000422e+03
	951	583	237.750000	55.750000	1.000995e+03
	962	583	240.500000	55.750000	1.003122e+03
	973	584	243.250000	56.000000	1.005230e+03
	981	587	245.250000	56.750000	1.007843e+03
	962	588	240.500000	57.000000	1.002307e+03
	974	589	243.500000	57.250000	1.005747e+03
	916	590	229.000000	57.500000	9.873825e+02
	976	591	244.000000	57.750000	1.004443e+03
	984	592	246.000000	58.000000	1.005800e+03
	961	593	240.250000	58.250000	1.000690e+03
	988	593	247.000000	58.250000	1.005840e+03
	920	594	230.000000	58.500000	9.890600e+02
	888	595	222.000000	58.750000	9.777825e+02
	936	596	234.000000	59.000000	9.929325e+02
	913	597	228.250000	59.250000	9.869250e+02
	954	597	238.500000	59.250000	1.001278e+03
	906	598	226.500000	59.500000	9.865550e+02
	937	599	234.250000	59.750000	9.956750e+02
	979	599	244.750000	59.750000	1.002285e+03
