2015	6	9	161	15
	969	422	242.250000	15.500000	1.012193e+03
	967	424	241.750000	16.000000	1.012216e+03
	965	429	241.250000	17.250000	1.012346e+03
	942	430	235.500000	17.500000	1.013478e+03
	814	438	203.500000	19.500000	1.014408e+03
	815	440	203.750000	20.000000	1.014423e+03
	881	440	220.250000	20.000000	1.014008e+03
	817	442	204.250000	20.500000	1.015521e+03
	814	445	203.500000	21.250000	1.015891e+03
	915	446	228.750000	21.500000	1.014501e+03
	979	447	244.750000	21.750000	1.013088e+03
	801	450	200.250000	22.500000	1.017033e+03
	952	450	238.000000	22.500000	1.013696e+03
	999	452	249.750000	23.000000	1.011793e+03
	997	455	249.250000	23.750000	1.011968e+03
	995	456	248.750000	24.000000	1.011886e+03
	912	457	228.000000	24.250000	1.014603e+03
	930	457	232.500000	24.250000	1.014448e+03
	994	459	248.500000	24.750000	1.011918e+03
	939	462	234.750000	25.500000	1.014303e+03
	992	462	248.000000	25.500000	1.011901e+03
	991	464	247.750000	26.000000	1.011863e+03
	996	464	249.000000	26.000000	1.010763e+03
	989	465	247.250000	26.250000	1.011863e+03
	1000	469	250.000000	27.250000	1.010471e+03
	984	471	246.000000	27.750000	1.010021e+03
	997	471	249.250000	27.750000	1.010508e+03
	929	472	232.250000	28.000000	1.013861e+03
	934	475	233.500000	28.750000	1.013833e+03
	987	476	246.750000	29.000000	1.008996e+03
	980	477	245.000000	29.250000	1.009248e+03
	986	479	246.500000	29.750000	1.008766e+03
	927	480	231.750000	30.000000	1.013638e+03
	975	484	243.750000	31.000000	1.009313e+03
	679	486	169.750000	31.500000	1.018788e+03
	943	486	235.750000	31.500000	1.013096e+03
	973	487	243.250000	31.750000	1.009443e+03
	677	488	169.250000	32.000000	1.018698e+03
	979	488	244.750000	32.000000	1.010208e+03
	956	492	239.000000	33.000000	1.012563e+03
	977	492	244.250000	33.000000	1.009276e+03
	989	492	247.250000	33.000000	1.010218e+03
	970	493	242.500000	33.250000	1.009721e+03
	923	495	230.750000	33.750000	1.012811e+03
	948	495	237.000000	33.750000	1.010928e+03
	980	496	245.000000	34.000000	1.009996e+03
	983	497	245.750000	34.250000	1.009833e+03
	945	499	236.250000	34.750000	1.011421e+03
	952	499	238.000000	34.750000	1.011316e+03
	969	500	242.250000	35.000000	1.010516e+03
	976	500	244.000000	35.000000	1.007831e+03
	981	500	245.250000	35.000000	1.009246e+03
	989	500	247.250000	35.000000	1.014093e+03
	716	501	179.000000	35.250000	1.022621e+03
	997	501	249.250000	35.250000	1.014043e+03
	949	502	237.250000	35.500000	1.011403e+03
	975	503	243.750000	35.750000	1.007583e+03
	981	503	245.250000	35.750000	1.008883e+03
	990	504	247.500000	36.000000	1.014726e+03
	997	505	249.250000	36.250000	1.014661e+03
	946	506	236.500000	36.500000	1.011193e+03
	947	506	236.750000	36.500000	1.011193e+03
	951	506	237.750000	36.500000	1.011446e+03
	960	506	240.000000	36.500000	1.007026e+03
	972	506	243.000000	36.500000	1.007516e+03
	989	506	247.250000	36.500000	1.014246e+03
	939	507	234.750000	36.750000	1.011576e+03
	958	510	239.500000	37.500000	1.007483e+03
	996	510	249.000000	37.500000	1.014576e+03
	970	512	242.500000	38.000000	1.012311e+03
	715	514	178.750000	38.500000	1.025621e+03
	751	514	187.750000	38.500000	1.025023e+03
	978	514	244.500000	38.500000	1.014283e+03
	997	514	249.250000	38.500000	1.014941e+03
	953	516	238.250000	39.000000	1.007696e+03
	967	516	241.750000	39.000000	1.011783e+03
	946	517	236.500000	39.250000	1.009361e+03
	722	518	180.500000	39.500000	1.025393e+03
	952	518	238.000000	39.500000	1.007641e+03
	990	518	247.500000	39.500000	1.014161e+03
	1000	518	250.000000	39.500000	1.015516e+03
	763	519	190.750000	39.750000	1.025516e+03
	966	520	241.500000	40.000000	1.010861e+03
	969	520	242.250000	40.000000	1.010961e+03
	987	520	246.750000	40.000000	1.013428e+03
	943	521	235.750000	40.250000	1.009496e+03
	957	521	239.250000	40.250000	1.013151e+03
	963	523	240.750000	40.750000	1.011393e+03
	985	524	246.250000	41.000000	1.013073e+03
	988	524	247.000000	41.000000	1.012831e+03
	954	525	238.500000	41.250000	1.012371e+03
	997	525	249.250000	41.250000	1.016136e+03
	957	526	239.250000	41.500000	1.013008e+03
	967	526	241.750000	41.500000	1.011133e+03
	1000	526	250.000000	41.500000	1.015651e+03
	950	527	237.500000	41.750000	1.012266e+03
	973	527	243.250000	41.750000	1.012056e+03
	943	528	235.750000	42.000000	1.009746e+03
	997	528	249.250000	42.000000	1.016503e+03
	1000	528	250.000000	42.000000	1.015913e+03
	948	530	237.000000	42.500000	1.012176e+03
	963	531	240.750000	42.750000	1.011466e+03
	969	531	242.250000	42.750000	1.010348e+03
	990	532	247.500000	43.000000	1.013216e+03
	975	533	243.750000	43.250000	1.009621e+03
	991	534	247.750000	43.500000	1.013711e+03
	968	535	242.000000	43.750000	1.010023e+03
	948	536	237.000000	44.000000	1.013593e+03
	960	536	240.000000	44.000000	1.012201e+03
	972	536	243.000000	44.000000	1.008996e+03
	956	537	239.000000	44.250000	1.011923e+03
	955	539	238.750000	44.750000	1.011778e+03
	962	539	240.500000	44.750000	1.011633e+03
	965	539	241.250000	44.750000	1.011861e+03
	950	542	237.500000	45.500000	1.014016e+03
	956	543	239.000000	45.750000	1.011046e+03
	962	544	240.500000	46.000000	1.009216e+03
	975	544	243.750000	46.000000	1.009773e+03
	994	544	248.500000	46.000000	1.012223e+03
	963	546	240.750000	46.500000	1.009173e+03
	972	546	243.000000	46.500000	1.009456e+03
	988	546	247.000000	46.500000	1.011708e+03
	996	546	249.000000	46.500000	1.012346e+03
	984	547	246.000000	46.750000	1.011226e+03
	992	547	248.000000	46.750000	1.011923e+03
	1000	548	250.000000	47.000000	1.012013e+03
	946	551	236.500000	47.750000	1.014353e+03
	968	552	242.000000	48.000000	1.008566e+03
	952	553	238.000000	48.250000	1.014261e+03
	979	553	244.750000	48.250000	1.008538e+03
	877	555	219.250000	48.750000	1.024851e+03
	951	556	237.750000	49.000000	1.014021e+03
	951	557	237.750000	49.250000	1.014021e+03
	937	558	234.250000	49.500000	1.014411e+03
	976	558	244.000000	49.500000	1.009456e+03
	945	561	236.250000	50.250000	1.013711e+03
	969	561	242.250000	50.250000	1.010433e+03
	963	563	240.750000	50.750000	1.011271e+03
	970	566	242.500000	51.500000	1.012091e+03
	974	568	243.500000	52.000000	1.013626e+03
	969	571	242.250000	52.750000	1.013526e+03
	974	573	243.500000	53.250000	1.012781e+03
	980	573	245.000000	53.250000	1.012993e+03
	947	574	236.750000	53.500000	1.016551e+03
	958	574	239.500000	53.500000	1.015346e+03
	977	574	244.250000	53.500000	1.012921e+03
	958	575	239.500000	53.750000	1.015346e+03
	982	579	245.500000	54.750000	1.012641e+03
	975	580	243.750000	55.000000	1.012423e+03
	950	581	237.500000	55.250000	1.015148e+03
	785	583	196.250000	55.750000	9.878056e+02
	902	588	225.500000	57.000000	1.023781e+03
	978	590	244.500000	57.500000	1.012216e+03
	904	591	226.000000	57.750000	1.023641e+03
	926	591	231.500000	57.750000	1.019898e+03
	894	595	223.500000	58.750000	1.021973e+03
	921	595	230.250000	58.750000	1.020493e+03
	984	595	246.000000	58.750000	1.011266e+03
	888	596	222.000000	59.000000	1.022203e+03
	959	596	239.750000	59.000000	1.014466e+03
	836	600	209.000000	60.000000	1.004923e+03
