2015	3	17	181	6
	926	420	231.500000	15.000000	1.014522e+03
	925	424	231.250000	16.000000	1.014619e+03
	735	428	183.750000	17.000000	1.014832e+03
	998	429	249.500000	17.250000	1.014639e+03
	745	430	186.250000	17.500000	1.015052e+03
	998	430	249.500000	17.500000	1.014639e+03
	962	433	240.500000	18.250000	1.014922e+03
	964	434	241.000000	18.500000	1.014929e+03
	971	435	242.750000	18.750000	1.014709e+03
	820	436	205.000000	19.000000	1.017007e+03
	812	440	203.000000	20.000000	1.016614e+03
	815	440	203.750000	20.000000	1.016507e+03
	821	440	205.250000	20.000000	1.017322e+03
	980	440	245.000000	20.000000	1.015127e+03
	810	441	202.500000	20.250000	1.016522e+03
	928	441	232.000000	20.250000	1.015519e+03
	943	441	235.750000	20.250000	1.015404e+03
	808	442	202.000000	20.500000	1.016489e+03
	817	442	204.250000	20.500000	1.016969e+03
	817	444	204.250000	21.000000	1.017074e+03
	985	444	246.250000	21.000000	1.015179e+03
	929	445	232.250000	21.250000	1.015562e+03
	738	446	184.500000	21.500000	1.016257e+03
	746	446	186.500000	21.500000	1.016179e+03
	802	446	200.500000	21.500000	1.016557e+03
	738	447	184.500000	21.750000	1.016257e+03
	800	447	200.000000	21.750000	1.016599e+03
	805	449	201.250000	22.250000	1.016699e+03
	718	451	179.500000	22.750000	1.016429e+03
	790	451	197.500000	22.750000	1.016619e+03
	931	451	232.750000	22.750000	1.015152e+03
	790	452	197.500000	23.000000	1.016619e+03
	791	455	197.750000	23.750000	1.016657e+03
	951	455	237.750000	23.750000	1.015374e+03
	997	455	249.250000	23.750000	1.014724e+03
	951	456	237.750000	24.000000	1.015374e+03
	960	456	240.000000	24.000000	1.015482e+03
	995	456	248.750000	24.000000	1.014779e+03
	933	457	233.250000	24.250000	1.015524e+03
	959	459	239.750000	24.750000	1.015502e+03
	974	459	243.500000	24.750000	1.014759e+03
	983	459	245.750000	24.750000	1.014787e+03
	959	460	239.750000	25.000000	1.015502e+03
	955	463	238.750000	25.750000	1.015462e+03
	983	464	245.750000	26.000000	1.014902e+03
	996	464	249.000000	26.000000	1.014192e+03
	986	466	246.500000	26.500000	1.014857e+03
	987	468	246.750000	27.000000	1.014844e+03
	993	469	248.250000	27.250000	1.013689e+03
	978	471	244.500000	27.750000	1.014124e+03
	985	471	246.250000	27.750000	1.014572e+03
	976	473	244.000000	28.250000	1.014204e+03
	989	474	247.250000	28.500000	1.012602e+03
	980	477	245.000000	29.250000	1.014137e+03
	972	478	243.000000	29.500000	1.014534e+03
	977	478	244.250000	29.500000	1.014417e+03
	976	481	244.000000	30.250000	1.014389e+03
	1000	482	250.000000	30.500000	1.014439e+03
	969	483	242.250000	30.750000	1.014172e+03
	975	483	243.750000	30.750000	1.014217e+03
	988	483	247.000000	30.750000	1.012404e+03
	982	484	245.500000	31.000000	1.011587e+03
	974	485	243.500000	31.250000	1.014149e+03
	981	487	245.250000	31.750000	1.011517e+03
	979	489	244.750000	32.250000	1.011477e+03
	982	491	245.500000	32.750000	1.011352e+03
	970	492	242.500000	33.000000	1.013552e+03
	977	492	244.250000	33.000000	1.011307e+03
	988	492	247.000000	33.000000	1.010934e+03
	992	493	248.000000	33.250000	1.011094e+03
	982	495	245.500000	33.750000	1.011214e+03
	963	496	240.750000	34.000000	1.012519e+03
	979	497	244.750000	34.250000	1.011772e+03
	893	500	223.250000	35.000000	1.021854e+03
	975	500	243.750000	35.000000	1.011787e+03
	956	501	239.000000	35.250000	1.015017e+03
	988	501	247.000000	35.250000	1.014847e+03
	963	502	240.750000	35.500000	1.014149e+03
	996	502	249.000000	35.500000	1.013794e+03
	974	503	243.500000	35.750000	1.011532e+03
	990	504	247.500000	36.000000	1.014869e+03
	982	505	245.500000	36.250000	1.011427e+03
	972	506	243.000000	36.500000	1.010592e+03
	962	507	240.500000	36.750000	1.014999e+03
	977	507	244.250000	36.750000	1.012627e+03
	995	508	248.750000	37.000000	1.014737e+03
	959	510	239.750000	37.500000	1.015827e+03
	976	510	244.000000	37.500000	1.013597e+03
	980	511	245.000000	37.750000	1.013707e+03
	986	511	246.500000	37.750000	1.014729e+03
	968	512	242.000000	38.000000	1.011619e+03
	977	514	244.250000	38.500000	1.012544e+03
	1000	515	250.000000	38.750000	1.013869e+03
	967	516	241.750000	39.000000	1.012107e+03
	972	517	243.000000	39.250000	1.012912e+03
	952	518	238.000000	39.500000	1.016147e+03
	986	518	246.500000	39.500000	1.012222e+03
	966	519	241.500000	39.750000	1.011967e+03
	977	519	244.250000	39.750000	1.012647e+03
	988	520	247.000000	40.000000	1.012047e+03
	992	520	248.000000	40.000000	1.013647e+03
	979	521	244.750000	40.250000	1.012619e+03
	948	522	237.000000	40.500000	1.017074e+03
	972	523	243.000000	40.750000	1.012127e+03
	955	524	238.750000	41.000000	1.016809e+03
	991	524	247.750000	41.000000	1.012672e+03
	999	525	249.750000	41.250000	1.017067e+03
	949	526	237.250000	41.500000	1.016787e+03
	955	527	238.750000	41.750000	1.016524e+03
	948	530	237.000000	42.500000	1.015837e+03
	982	531	245.500000	42.750000	1.014832e+03
	962	532	240.500000	43.000000	1.016169e+03
	988	532	247.000000	43.000000	1.015299e+03
	955	533	238.750000	43.250000	1.017204e+03
	951	535	237.750000	43.750000	1.016282e+03
	959	536	239.750000	44.000000	1.016864e+03
	944	537	236.000000	44.250000	1.016322e+03
	984	537	246.000000	44.250000	1.018977e+03
	963	538	240.750000	44.500000	1.017124e+03
	949	540	237.250000	45.000000	1.016427e+03
	983	541	245.750000	45.250000	1.019367e+03
	944	542	236.000000	45.500000	1.016267e+03
	960	542	240.000000	45.500000	1.019377e+03
	969	542	242.250000	45.500000	1.018754e+03
	974	542	243.500000	45.500000	1.018987e+03
	819	544	204.750000	46.000000	9.814094e+02
	963	544	240.750000	46.000000	1.019024e+03
	978	544	244.500000	46.000000	1.018537e+03
	968	545	242.000000	46.250000	1.018417e+03
	951	546	237.750000	46.500000	1.017639e+03
	976	547	244.000000	46.750000	1.018169e+03
	952	548	238.000000	47.000000	1.018109e+03
	995	548	248.750000	47.000000	1.029769e+03
	990	553	247.500000	48.250000	1.032572e+03
	950	555	237.500000	48.750000	1.019394e+03
	879	557	219.750000	49.250000	9.976969e+02
	988	557	247.000000	49.250000	1.033392e+03
	792	558	198.000000	49.500000	9.766769e+02
	947	558	236.750000	49.500000	1.019559e+03
	769	560	192.250000	50.000000	9.808444e+02
	988	561	247.000000	50.250000	1.033629e+03
	989	561	247.250000	50.250000	1.033629e+03
	965	562	241.250000	50.500000	1.022472e+03
	975	563	243.750000	50.750000	1.027437e+03
	942	564	235.500000	51.000000	1.020704e+03
	945	565	236.250000	51.250000	1.020919e+03
	957	566	239.250000	51.500000	1.022439e+03
	948	567	237.000000	51.750000	1.021572e+03
	949	567	237.250000	51.750000	1.021572e+03
	978	568	244.500000	52.000000	1.027662e+03
	976	570	244.000000	52.500000	1.027569e+03
	952	571	238.000000	52.750000	1.021949e+03
	972	572	243.000000	53.000000	1.026509e+03
	950	573	237.500000	53.250000	1.022102e+03
	982	576	245.500000	54.000000	1.029014e+03
	959	578	239.750000	54.500000	1.024377e+03
	954	583	238.500000	55.750000	1.024819e+03
	661	586	165.250000	56.500000	1.012787e+03
	952	587	238.000000	56.750000	1.025019e+03
	667	588	166.750000	57.000000	1.012677e+03
	960	588	240.000000	57.000000	1.026787e+03
	660	591	165.000000	57.750000	1.012529e+03
	916	591	229.000000	57.750000	1.022774e+03
	924	591	231.000000	57.750000	1.023872e+03
	946	591	236.500000	57.750000	1.023722e+03
	974	591	243.500000	57.750000	1.029094e+03
	950	592	237.500000	58.000000	1.023609e+03
	920	593	230.000000	58.250000	1.023137e+03
	942	594	235.500000	58.500000	1.022472e+03
	665	595	166.250000	58.750000	1.013069e+03
	888	595	222.000000	58.750000	1.016789e+03
	722	596	180.500000	59.000000	1.004664e+03
	926	597	231.500000	59.250000	1.022232e+03
	934	597	233.500000	59.250000	1.022992e+03
	976	597	244.000000	59.250000	1.029907e+03
	902	598	225.500000	59.500000	1.020274e+03
	919	599	229.750000	59.750000	1.021487e+03
	949	599	237.250000	59.750000	1.025544e+03
	687	600	171.750000	60.000000	1.010722e+03
	906	600	226.500000	60.000000	1.020427e+03
	936	600	234.000000	60.000000	1.023474e+03
