2015	8	20	229	21
	904	420	226.000000	15.000000	1.012001e+03
	705	421	176.250000	15.250000	1.008716e+03
	729	421	182.250000	15.250000	1.007871e+03
	951	421	237.750000	15.250000	1.011316e+03
	693	422	173.250000	15.500000	1.009166e+03
	705	422	176.250000	15.500000	1.008716e+03
	888	422	222.000000	15.500000	1.012853e+03
	882	423	220.500000	15.750000	1.012713e+03
	724	425	181.000000	16.250000	1.008136e+03
	732	426	183.000000	16.500000	1.008311e+03
	762	426	190.500000	16.500000	1.010433e+03
	715	429	178.750000	17.250000	1.008606e+03
	769	433	192.250000	18.250000	1.011191e+03
	706	437	176.500000	19.250000	1.009038e+03
	784	437	196.000000	19.250000	1.011536e+03
	783	438	195.750000	19.500000	1.011536e+03
	784	438	196.000000	19.500000	1.011536e+03
	814	438	203.500000	19.500000	1.013318e+03
	812	439	203.000000	19.750000	1.013343e+03
	810	440	202.500000	20.000000	1.013378e+03
	815	440	203.750000	20.000000	1.013028e+03
	821	440	205.250000	20.000000	1.013628e+03
	819	441	204.750000	20.250000	1.013556e+03
	811	442	202.750000	20.500000	1.013466e+03
	821	443	205.250000	20.750000	1.013828e+03
	817	444	204.250000	21.000000	1.013748e+03
	713	446	178.250000	21.500000	1.009341e+03
	811	446	202.750000	21.500000	1.013691e+03
	718	454	179.500000	23.500000	1.009301e+03
	997	457	249.250000	24.250000	1.009126e+03
	994	460	248.500000	25.000000	1.008828e+03
	994	461	248.500000	25.250000	1.008828e+03
	996	464	249.000000	26.000000	1.008733e+03
	990	465	247.500000	26.250000	1.008803e+03
	689	467	172.250000	26.750000	1.005553e+03
	993	467	248.250000	26.750000	1.007811e+03
	988	468	247.000000	27.000000	1.008901e+03
	691	469	172.750000	27.250000	1.005508e+03
	767	469	191.750000	27.250000	1.010618e+03
	984	469	246.000000	27.250000	1.009856e+03
	933	470	233.250000	27.500000	1.016628e+03
	999	470	249.750000	27.500000	1.008893e+03
	935	471	233.750000	27.750000	1.016628e+03
	990	472	247.500000	28.000000	1.008351e+03
	997	472	249.250000	28.000000	1.008861e+03
	987	476	246.750000	29.000000	1.007708e+03
	994	476	248.500000	29.000000	1.007976e+03
	702	479	175.500000	29.750000	1.005381e+03
	910	479	227.500000	29.750000	1.014098e+03
	985	479	246.250000	29.750000	1.006378e+03
	703	480	175.750000	30.000000	1.005381e+03
	982	482	245.500000	30.500000	1.006028e+03
	1000	482	250.000000	30.500000	1.010848e+03
	990	483	247.500000	30.750000	1.007098e+03
	981	484	245.250000	31.000000	1.006238e+03
	976	485	244.000000	31.250000	1.009821e+03
	703	488	175.750000	32.000000	1.005183e+03
	979	489	244.750000	32.250000	1.005053e+03
	995	489	248.750000	32.250000	1.007523e+03
	978	491	244.500000	32.750000	1.004956e+03
	985	491	246.250000	32.750000	1.005676e+03
	988	492	247.000000	33.000000	1.005846e+03
	993	492	248.250000	33.000000	1.006216e+03
	998	493	249.500000	33.250000	1.009016e+03
	985	494	246.250000	33.500000	1.006658e+03
	982	495	245.500000	33.750000	1.005276e+03
	968	496	242.000000	34.000000	1.010828e+03
	978	497	244.500000	34.250000	1.005626e+03
	705	499	176.250000	34.750000	1.003158e+03
	982	499	245.500000	34.750000	1.005978e+03
	992	499	248.000000	34.750000	1.009066e+03
	969	500	242.250000	35.000000	1.006076e+03
	975	500	243.750000	35.000000	1.005561e+03
	998	500	249.500000	35.000000	1.007896e+03
	989	501	247.250000	35.250000	1.009798e+03
	963	502	240.750000	35.500000	1.008456e+03
	971	503	242.750000	35.750000	1.005771e+03
	974	503	243.500000	35.750000	1.005491e+03
	995	503	248.750000	35.750000	1.006976e+03
	962	504	240.500000	36.000000	1.008163e+03
	990	504	247.500000	36.000000	1.008556e+03
	956	505	239.000000	36.250000	1.009938e+03
	982	505	245.500000	36.250000	1.004731e+03
	994	505	248.500000	36.250000	1.007188e+03
	972	506	243.000000	36.500000	1.003931e+03
	981	507	245.250000	36.750000	1.005208e+03
	988	507	247.000000	36.750000	1.007276e+03
	978	508	244.500000	37.000000	1.005846e+03
	994	508	248.500000	37.000000	1.005928e+03
	1000	508	250.000000	37.000000	1.006671e+03
	957	509	239.250000	37.250000	1.009453e+03
	972	510	243.000000	37.500000	1.006268e+03
	976	510	244.000000	37.500000	1.006753e+03
	997	510	249.250000	37.500000	1.005998e+03
	979	511	244.750000	37.750000	1.006738e+03
	693	512	173.250000	38.000000	9.989606e+02
	970	512	242.500000	38.000000	1.006958e+03
	991	512	247.750000	38.000000	1.009461e+03
	997	513	249.250000	38.250000	1.006383e+03
	977	514	244.250000	38.500000	1.006601e+03
	982	514	245.500000	38.500000	1.007428e+03
	987	514	246.750000	38.500000	1.006328e+03
	1000	515	250.000000	38.750000	1.006373e+03
	966	516	241.500000	39.000000	1.007616e+03
	988	516	247.000000	39.000000	1.006668e+03
	972	517	243.000000	39.250000	1.008218e+03
	965	518	241.250000	39.500000	1.006931e+03
	986	518	246.500000	39.500000	1.006971e+03
	952	519	238.000000	39.750000	1.008578e+03
	976	519	244.000000	39.750000	1.007853e+03
	969	520	242.250000	40.000000	1.007451e+03
	992	520	248.000000	40.000000	1.007461e+03
	950	522	237.500000	40.500000	1.007808e+03
	985	522	246.250000	40.500000	1.006458e+03
	972	523	243.000000	40.750000	1.006853e+03
	978	525	244.500000	41.250000	1.007578e+03
	985	525	246.250000	41.250000	1.006678e+03
	967	526	241.750000	41.500000	1.007093e+03
	949	527	237.250000	41.750000	1.008758e+03
	955	527	238.750000	41.750000	1.008296e+03
	973	527	243.250000	41.750000	1.007046e+03
	987	527	246.750000	41.750000	1.007131e+03
	995	527	248.750000	41.750000	1.009238e+03
	969	528	242.250000	42.000000	1.007633e+03
	947	529	236.750000	42.250000	1.009826e+03
	1000	530	250.000000	42.500000	1.007463e+03
	959	531	239.750000	42.750000	1.008183e+03
	969	531	242.250000	42.750000	1.006743e+03
	977	532	244.250000	43.000000	1.005733e+03
	982	532	245.500000	43.000000	1.006428e+03
	957	533	239.250000	43.250000	1.007931e+03
	989	533	247.250000	43.250000	1.006953e+03
	964	534	241.000000	43.500000	1.007643e+03
	960	535	240.000000	43.750000	1.008183e+03
	997	535	249.250000	43.750000	1.009851e+03
	971	536	242.750000	44.000000	1.005158e+03
	990	536	247.500000	44.000000	1.006698e+03
	956	537	239.000000	44.250000	1.008106e+03
	962	538	240.500000	44.500000	1.007451e+03
	949	541	237.250000	45.250000	1.013416e+03
	968	541	242.000000	45.250000	1.007361e+03
	982	542	245.500000	45.500000	1.006336e+03
	998	543	249.500000	45.750000	1.006538e+03
	749	544	187.250000	46.000000	1.024166e+03
	979	544	244.750000	46.000000	1.006381e+03
	993	544	248.250000	46.000000	1.004818e+03
	975	545	243.750000	46.250000	1.005493e+03
	754	546	188.500000	46.500000	1.024273e+03
	959	546	239.750000	46.500000	1.004971e+03
	972	546	243.000000	46.500000	1.005376e+03
	984	547	246.000000	46.750000	1.004258e+03
	951	549	237.750000	47.250000	1.012926e+03
	988	549	247.000000	47.250000	1.005141e+03
	947	551	236.750000	47.750000	1.012076e+03
	982	551	245.500000	47.750000	1.003728e+03
	993	552	248.250000	48.000000	1.001271e+03
	962	553	240.500000	48.250000	1.003403e+03
	983	553	245.750000	48.250000	1.003468e+03
	962	555	240.500000	48.750000	1.003338e+03
	968	555	242.000000	48.750000	1.002286e+03
	945	556	236.250000	49.000000	1.011216e+03
	973	556	243.250000	49.000000	1.003133e+03
	989	556	247.250000	49.000000	1.002003e+03
	942	557	235.500000	49.250000	1.011846e+03
	970	558	242.500000	49.500000	1.002933e+03
	985	558	246.250000	49.500000	1.000948e+03
	937	559	234.250000	49.750000	1.011658e+03
	977	559	244.250000	49.750000	1.001343e+03
	968	561	242.000000	50.250000	1.003733e+03
	963	562	240.750000	50.500000	1.003213e+03
	955	563	238.750000	50.750000	1.003221e+03
	975	563	243.750000	50.750000	1.002823e+03
	952	565	238.000000	51.250000	1.003296e+03
	972	565	243.000000	51.250000	1.003691e+03
	945	567	236.250000	51.750000	1.005401e+03
	863	568	215.750000	52.000000	1.022881e+03
	975	568	243.750000	52.000000	1.005051e+03
	982	569	245.500000	52.250000	1.006298e+03
	793	570	198.250000	52.500000	1.017486e+03
	798	571	199.500000	52.750000	1.017578e+03
	963	571	240.750000	52.750000	1.005536e+03
	976	571	244.000000	52.750000	1.005591e+03
	954	573	238.500000	53.250000	1.006441e+03
	968	573	242.000000	53.250000	1.004543e+03
	774	575	193.500000	53.750000	1.020356e+03
	950	576	237.500000	54.000000	1.006313e+03
	982	577	245.500000	54.250000	1.005373e+03
	784	579	196.000000	54.750000	1.019478e+03
	947	579	236.750000	54.750000	1.006133e+03
	919	581	229.750000	55.250000	1.011878e+03
	934	581	233.500000	55.250000	1.007591e+03
	791	582	197.750000	55.500000	1.019448e+03
	802	585	200.500000	56.250000	1.019241e+03
	932	585	233.000000	56.250000	1.008246e+03
	938	585	234.500000	56.250000	1.008113e+03
	925	586	231.250000	56.500000	1.009126e+03
	942	586	235.500000	56.500000	1.008083e+03
	970	586	242.500000	56.500000	1.007321e+03
	978	587	244.500000	56.750000	1.006673e+03
	813	588	203.250000	57.000000	1.019373e+03
	936	588	234.000000	57.000000	1.007838e+03
	914	589	228.500000	57.250000	1.011791e+03
	794	591	198.500000	57.750000	1.019801e+03
	828	591	207.000000	57.750000	1.018001e+03
	898	591	224.500000	57.750000	1.013881e+03
	818	592	204.500000	58.000000	1.018258e+03
	930	592	232.500000	58.000000	1.008358e+03
	958	592	239.500000	58.000000	1.009458e+03
	904	593	226.000000	58.250000	1.013303e+03
	824	594	206.000000	58.500000	1.018453e+03
	890	594	222.500000	58.500000	1.014308e+03
	738	595	184.500000	58.750000	1.012173e+03
	923	595	230.750000	58.750000	1.009473e+03
	800	596	200.000000	59.000000	1.019706e+03
	827	596	206.750000	59.000000	1.018663e+03
	888	596	222.000000	59.000000	1.014086e+03
	898	596	224.500000	59.000000	1.013341e+03
	796	597	199.000000	59.250000	1.019786e+03
	836	598	209.000000	59.500000	1.016776e+03
	837	598	209.250000	59.500000	1.016776e+03
	841	599	210.250000	59.750000	1.016731e+03
	845	599	211.250000	59.750000	1.016518e+03
	868	599	217.000000	59.750000	1.015528e+03
	874	599	218.500000	59.750000	1.015773e+03
	903	599	225.750000	59.750000	1.013368e+03
	917	599	229.250000	59.750000	1.010601e+03
	787	600	196.750000	60.000000	1.020128e+03
	798	600	199.500000	60.000000	1.019871e+03
	881	600	220.250000	60.000000	1.015256e+03
