2014	12	1	209	21
	883	423	220.750000	15.750000	1.011591e+03
	904	423	226.000000	15.750000	1.010831e+03
	935	424	233.750000	16.000000	1.008931e+03
	923	425	230.750000	16.250000	1.009414e+03
	943	425	235.750000	16.250000	1.008954e+03
	907	426	226.750000	16.500000	1.010606e+03
	910	426	227.500000	16.500000	1.010499e+03
	889	427	222.250000	16.750000	1.011579e+03
	913	428	228.250000	17.000000	1.010196e+03
	707	429	176.750000	17.250000	1.012556e+03
	890	430	222.500000	17.500000	1.011744e+03
	900	431	225.000000	17.750000	1.011311e+03
	906	434	226.500000	18.500000	1.011309e+03
	920	434	230.000000	18.500000	1.009804e+03
	867	435	216.750000	18.750000	1.012999e+03
	818	436	204.500000	19.000000	1.014366e+03
	899	436	224.750000	19.000000	1.011051e+03
	924	436	231.000000	19.000000	1.009676e+03
	816	439	204.000000	19.750000	1.014814e+03
	928	439	232.000000	19.750000	1.009126e+03
	931	439	232.750000	19.750000	1.008984e+03
	820	441	205.000000	20.250000	1.016439e+03
	933	441	233.250000	20.250000	1.009246e+03
	817	442	204.250000	20.500000	1.016434e+03
	697	446	174.250000	21.500000	1.015486e+03
	937	446	234.250000	21.500000	1.009034e+03
	801	447	200.250000	21.750000	1.017064e+03
	688	448	172.000000	22.000000	1.015274e+03
	916	448	229.000000	22.000000	1.009959e+03
	679	449	169.750000	22.250000	1.015996e+03
	682	449	170.500000	22.250000	1.016176e+03
	922	449	230.500000	22.250000	1.010171e+03
	931	450	232.750000	22.500000	1.009431e+03
	690	451	172.500000	22.750000	1.015561e+03
	923	452	230.750000	23.000000	1.010114e+03
	917	453	229.250000	23.250000	1.009996e+03
	999	453	249.750000	23.250000	1.011124e+03
	683	454	170.750000	23.500000	1.016224e+03
	933	454	233.250000	23.500000	1.009671e+03
	685	455	171.250000	23.750000	1.016111e+03
	918	455	229.500000	23.750000	1.010001e+03
	690	456	172.500000	24.000000	1.015919e+03
	928	458	232.000000	24.500000	1.009981e+03
	995	458	248.750000	24.500000	1.011801e+03
	690	460	172.500000	25.000000	1.016006e+03
	708	460	177.000000	25.000000	1.016804e+03
	716	460	179.000000	25.000000	1.016949e+03
	992	463	248.000000	25.750000	1.012716e+03
	988	467	247.000000	26.750000	1.013729e+03
	985	472	246.250000	28.000000	1.014686e+03
	979	478	244.750000	29.500000	1.016181e+03
	770	486	192.500000	31.500000	1.022646e+03
	973	490	243.250000	32.500000	1.017181e+03
	971	493	242.750000	33.250000	1.017256e+03
	990	493	247.500000	33.250000	1.018324e+03
	994	493	248.500000	33.250000	1.017836e+03
	977	494	244.250000	33.500000	1.019106e+03
	785	495	196.250000	33.750000	1.023224e+03
	968	495	242.000000	33.750000	1.017549e+03
	963	497	240.750000	34.250000	1.017829e+03
	996	499	249.000000	34.750000	1.019331e+03
	898	500	224.500000	35.000000	9.899512e+02
	960	500	240.000000	35.000000	1.017319e+03
	963	500	240.750000	35.000000	1.017341e+03
	793	502	198.250000	35.500000	1.022811e+03
	958	502	239.500000	35.500000	1.017446e+03
	981	503	245.250000	35.750000	1.019951e+03
	960	505	240.000000	36.250000	1.017726e+03
	963	505	240.750000	36.250000	1.017506e+03
	976	506	244.000000	36.500000	1.020184e+03
	992	506	248.000000	36.500000	1.020241e+03
	886	507	221.500000	36.750000	9.955212e+02
	953	507	238.250000	36.750000	1.017074e+03
	962	507	240.500000	36.750000	1.017561e+03
	1000	507	250.000000	36.750000	1.020526e+03
	958	508	239.500000	37.000000	1.017729e+03
	967	508	241.750000	37.000000	1.018214e+03
	973	509	243.250000	37.250000	1.020476e+03
	959	510	239.750000	37.500000	1.017734e+03
	983	511	245.750000	37.750000	1.020661e+03
	991	511	247.750000	37.750000	1.020084e+03
	801	512	200.250000	38.000000	1.022116e+03
	964	512	241.000000	38.000000	1.016996e+03
	976	512	244.000000	38.000000	1.020661e+03
	1000	513	250.000000	38.250000	1.019741e+03
	802	514	200.500000	38.500000	1.022064e+03
	963	514	240.750000	38.500000	1.017879e+03
	996	514	249.000000	38.500000	1.019406e+03
	967	515	241.750000	38.750000	1.019059e+03
	985	515	246.250000	38.750000	1.019309e+03
	961	516	240.250000	39.000000	1.018709e+03
	960	518	240.000000	39.500000	1.018891e+03
	971	518	242.750000	39.500000	1.019106e+03
	974	518	243.500000	39.500000	1.018931e+03
	979	520	244.750000	40.000000	1.019569e+03
	983	520	245.750000	40.000000	1.018979e+03
	1000	520	250.000000	40.000000	1.018106e+03
	964	522	241.000000	40.500000	1.021156e+03
	990	522	247.500000	40.500000	1.020129e+03
	954	523	238.500000	40.750000	1.019321e+03
	982	523	245.500000	40.750000	1.018784e+03
	978	524	244.500000	41.000000	1.019161e+03
	1000	524	250.000000	41.000000	1.017581e+03
	957	526	239.250000	41.500000	1.019799e+03
	977	530	244.250000	42.500000	1.018454e+03
	985	530	246.250000	42.500000	1.021004e+03
	1000	530	250.000000	42.500000	1.020019e+03
	974	531	243.500000	42.750000	1.018664e+03
	958	532	239.500000	43.000000	1.017354e+03
	959	532	239.750000	43.000000	1.017354e+03
	963	532	240.750000	43.000000	1.016986e+03
	968	532	242.000000	43.000000	1.017911e+03
	948	534	237.000000	43.500000	1.017616e+03
	993	534	248.250000	43.500000	1.022756e+03
	984	536	246.000000	44.000000	1.019681e+03
	954	538	238.500000	44.500000	1.018434e+03
	958	538	239.500000	44.500000	1.018909e+03
	987	538	246.750000	44.500000	1.021376e+03
	981	539	245.250000	44.750000	1.021099e+03
	965	540	241.250000	45.000000	1.019186e+03
	992	540	248.000000	45.000000	1.019826e+03
	995	542	248.750000	45.500000	1.017466e+03
	998	542	249.500000	45.500000	1.017671e+03
	970	543	242.500000	45.750000	1.020086e+03
	971	543	242.750000	45.750000	1.020086e+03
	980	543	245.000000	45.750000	1.022051e+03
	977	544	244.250000	46.000000	1.019281e+03
	989	545	247.250000	46.250000	1.016149e+03
	1000	545	250.000000	46.250000	1.015226e+03
	981	546	245.250000	46.500000	1.020276e+03
	955	547	238.750000	46.750000	1.018059e+03
	984	547	246.000000	46.750000	1.018751e+03
	983	549	245.750000	47.250000	1.019464e+03
	1000	549	250.000000	47.250000	1.012279e+03
	946	551	236.500000	47.750000	1.019846e+03
	984	551	246.000000	47.750000	1.020454e+03
	991	551	247.750000	47.750000	1.013059e+03
	954	552	238.500000	48.000000	1.020941e+03
	973	553	243.250000	48.250000	1.022154e+03
	966	554	241.500000	48.500000	1.022294e+03
	989	555	247.250000	48.750000	1.015014e+03
	958	556	239.500000	49.000000	1.020054e+03
	980	556	245.000000	49.000000	1.024416e+03
	997	556	249.250000	49.000000	1.014304e+03
	942	557	235.500000	49.250000	1.020464e+03
	954	557	238.500000	49.250000	1.020454e+03
	976	558	244.000000	49.500000	1.024669e+03
	952	559	238.000000	49.750000	1.020724e+03
	937	560	234.250000	50.000000	1.019576e+03
	945	560	236.250000	50.000000	1.020651e+03
	961	560	240.250000	50.000000	1.021856e+03
	976	561	244.000000	50.250000	1.024426e+03
	985	561	246.250000	50.250000	1.014549e+03
	968	563	242.000000	50.750000	1.024994e+03
	983	563	245.750000	50.750000	1.014101e+03
	970	565	242.500000	51.250000	1.025116e+03
	947	566	236.750000	51.500000	1.016196e+03
	982	566	245.500000	51.500000	1.013804e+03
	944	567	236.000000	51.750000	1.017656e+03
	980	568	245.000000	52.000000	1.013194e+03
	955	570	238.750000	52.500000	1.020736e+03
	943	572	235.750000	53.000000	1.014969e+03
	974	572	243.500000	53.000000	1.012504e+03
	982	572	245.500000	53.000000	1.014549e+03
	954	574	238.500000	53.500000	1.019316e+03
	935	575	233.750000	53.750000	1.014801e+03
	951	575	237.750000	53.750000	1.018874e+03
	971	575	242.750000	53.750000	1.013414e+03
	931	576	232.750000	54.000000	1.015524e+03
	968	576	242.000000	54.000000	1.012764e+03
	915	578	228.750000	54.500000	1.015001e+03
	948	579	237.000000	54.750000	1.019694e+03
	960	579	240.000000	54.750000	1.012851e+03
	979	579	244.750000	54.750000	1.013979e+03
	1000	580	250.000000	55.000000	1.016024e+03
	958	581	239.500000	55.250000	1.013254e+03
	906	582	226.500000	55.500000	1.014651e+03
	996	584	249.000000	56.000000	1.015996e+03
	943	585	235.750000	56.250000	1.017424e+03
	713	587	178.250000	56.750000	9.734813e+02
	897	587	224.250000	56.750000	1.015029e+03
	936	587	234.000000	56.750000	1.018014e+03
	976	588	244.000000	57.000000	1.015259e+03
	926	590	231.500000	57.500000	1.017384e+03
	949	590	237.250000	57.500000	1.013071e+03
	966	590	241.500000	57.500000	1.013899e+03
	986	590	246.500000	57.500000	1.015171e+03
	962	591	240.500000	57.750000	1.013406e+03
	978	591	244.500000	57.750000	1.015126e+03
	932	592	233.000000	58.000000	1.018009e+03
	992	592	248.000000	58.000000	1.014506e+03
	881	594	220.250000	58.500000	1.014156e+03
	886	594	221.500000	58.500000	1.014009e+03
	944	594	236.000000	58.500000	1.012111e+03
	902	595	225.500000	58.750000	1.015804e+03
	953	595	238.250000	58.750000	1.014911e+03
	758	596	189.500000	59.000000	9.797863e+02
	892	596	223.000000	59.000000	1.014854e+03
	928	596	232.000000	59.000000	1.016954e+03
	980	596	245.000000	59.000000	1.012621e+03
	903	598	225.750000	59.500000	1.016174e+03
	953	598	238.250000	59.500000	1.014401e+03
	874	599	218.500000	59.750000	1.013404e+03
	920	599	230.000000	59.750000	1.017064e+03
	941	599	235.250000	59.750000	1.014456e+03
	949	599	237.250000	59.750000	1.014129e+03
	836	600	209.000000	60.000000	1.007684e+03
	870	600	217.500000	60.000000	1.013456e+03
	969	600	242.250000	60.000000	1.012429e+03
