2014	10	11	144	6
	984	420	246.000000	15.000000	1.010892e+03
	952	421	238.000000	15.250000	1.011792e+03
	978	421	244.500000	15.250000	1.010874e+03
	948	422	237.000000	15.500000	1.011779e+03
	981	424	245.250000	16.000000	1.010964e+03
	844	426	211.000000	16.500000	1.012199e+03
	995	432	248.750000	18.000000	1.010737e+03
	984	433	246.000000	18.250000	1.011179e+03
	816	435	204.000000	18.750000	1.013854e+03
	805	437	201.250000	19.250000	1.014599e+03
	814	438	203.500000	19.500000	1.014047e+03
	810	440	202.500000	20.000000	1.014367e+03
	815	440	203.750000	20.000000	1.013782e+03
	820	441	205.000000	20.250000	1.015894e+03
	817	442	204.250000	20.500000	1.015437e+03
	821	443	205.250000	20.750000	1.016032e+03
	817	444	204.250000	21.000000	1.015954e+03
	804	450	201.000000	22.500000	1.016537e+03
	999	452	249.750000	23.000000	1.010389e+03
	997	455	249.250000	23.750000	1.010192e+03
	995	456	248.750000	24.000000	1.010239e+03
	767	458	191.750000	24.500000	1.017117e+03
	993	460	248.250000	25.000000	1.010524e+03
	990	464	247.500000	26.000000	1.010229e+03
	996	464	249.000000	26.000000	1.009867e+03
	748	466	187.000000	26.500000	1.017157e+03
	1000	469	250.000000	27.250000	1.009062e+03
	985	471	246.250000	27.750000	1.011834e+03
	997	471	249.250000	27.750000	1.009177e+03
	983	473	245.750000	28.250000	1.011954e+03
	682	474	170.500000	28.500000	1.016314e+03
	982	475	245.500000	28.750000	1.011927e+03
	994	475	248.500000	28.750000	1.009792e+03
	980	477	245.000000	29.250000	1.011939e+03
	776	478	194.000000	29.500000	1.018622e+03
	989	478	247.250000	29.500000	1.010669e+03
	730	480	182.500000	30.000000	1.019322e+03
	984	480	246.000000	30.000000	1.011142e+03
	733	481	183.250000	30.250000	1.019344e+03
	976	482	244.000000	30.500000	1.012817e+03
	983	482	245.750000	30.500000	1.011134e+03
	988	482	247.000000	30.500000	1.010977e+03
	740	483	185.000000	30.750000	1.019299e+03
	756	483	189.000000	30.750000	1.019352e+03
	987	484	246.750000	31.000000	1.011009e+03
	678	485	169.500000	31.250000	1.019264e+03
	761	485	190.250000	31.250000	1.019344e+03
	979	488	244.750000	32.000000	1.010909e+03
	978	491	244.500000	32.750000	1.010844e+03
	985	491	246.250000	32.750000	1.011407e+03
	752	492	188.000000	33.000000	1.018799e+03
	753	492	188.250000	33.000000	1.018799e+03
	988	492	247.000000	33.000000	1.011674e+03
	993	492	248.250000	33.000000	1.012664e+03
	969	493	242.250000	33.250000	1.013779e+03
	981	494	245.250000	33.500000	1.011559e+03
	791	495	197.750000	33.750000	1.017884e+03
	967	495	241.750000	33.750000	1.013587e+03
	970	495	242.500000	33.750000	1.013887e+03
	970	496	242.500000	34.000000	1.013887e+03
	883	497	220.750000	34.250000	1.023359e+03
	961	497	240.250000	34.250000	1.012892e+03
	979	497	244.750000	34.250000	1.011794e+03
	842	499	210.500000	34.750000	1.022644e+03
	901	499	225.250000	34.750000	1.023467e+03
	975	500	243.750000	35.000000	1.012014e+03
	904	502	226.000000	35.500000	1.023524e+03
	955	502	238.750000	35.500000	1.014594e+03
	996	502	249.000000	35.500000	1.014502e+03
	907	503	226.750000	35.750000	1.023517e+03
	971	503	242.750000	35.750000	1.012677e+03
	974	503	243.500000	35.750000	1.012054e+03
	845	504	211.250000	36.000000	1.022537e+03
	879	504	219.750000	36.000000	1.023454e+03
	962	504	240.500000	36.000000	1.013779e+03
	982	505	245.500000	36.250000	1.011427e+03
	994	505	248.500000	36.250000	1.013967e+03
	972	506	243.000000	36.500000	1.011994e+03
	988	506	247.000000	36.500000	1.014817e+03
	961	507	240.250000	36.750000	1.014107e+03
	884	508	221.000000	37.000000	1.023322e+03
	995	508	248.750000	37.000000	1.013219e+03
	868	511	217.000000	37.750000	1.023857e+03
	869	511	217.250000	37.750000	1.023857e+03
	985	511	246.250000	37.750000	1.014707e+03
	997	514	249.250000	38.500000	1.014404e+03
	1000	514	250.000000	38.500000	1.014149e+03
	972	517	243.000000	39.250000	1.017677e+03
	952	518	238.000000	39.500000	1.013509e+03
	986	518	246.500000	39.500000	1.015219e+03
	990	518	247.500000	39.500000	1.014537e+03
	946	519	236.500000	39.750000	1.016684e+03
	966	519	241.500000	39.750000	1.015429e+03
	979	519	244.750000	39.750000	1.017204e+03
	976	520	244.000000	40.000000	1.017307e+03
	992	520	248.000000	40.000000	1.015402e+03
	985	522	246.250000	40.500000	1.014104e+03
	964	524	241.000000	41.000000	1.015864e+03
	971	524	242.750000	41.000000	1.016784e+03
	980	524	245.000000	41.000000	1.017159e+03
	988	524	247.000000	41.000000	1.014182e+03
	950	527	237.500000	41.750000	1.018054e+03
	995	528	248.750000	42.000000	1.016667e+03
	954	529	238.500000	42.250000	1.017777e+03
	973	529	243.250000	42.250000	1.017122e+03
	948	530	237.000000	42.500000	1.018467e+03
	967	530	241.750000	42.500000	1.015902e+03
	965	533	241.250000	43.250000	1.015132e+03
	975	533	243.750000	43.250000	1.015074e+03
	983	533	245.750000	43.250000	1.015554e+03
	968	535	242.000000	43.750000	1.014867e+03
	972	535	243.000000	43.750000	1.014559e+03
	988	535	247.000000	43.750000	1.014227e+03
	956	537	239.000000	44.250000	1.016477e+03
	963	539	240.750000	44.750000	1.015747e+03
	970	539	242.500000	44.750000	1.015077e+03
	984	539	246.000000	44.750000	1.015339e+03
	948	544	237.000000	46.000000	1.017199e+03
	993	544	248.250000	46.000000	1.011817e+03
	972	546	243.000000	46.500000	1.012807e+03
	989	546	247.250000	46.500000	1.013134e+03
	986	548	246.500000	47.000000	1.012829e+03
	949	552	237.250000	48.000000	1.014802e+03
	982	554	245.500000	48.500000	1.010854e+03
	945	556	236.250000	49.000000	1.013807e+03
	963	556	240.750000	49.000000	1.010247e+03
	940	559	235.000000	49.750000	1.013457e+03
	969	563	242.250000	50.750000	1.008052e+03
	975	563	243.750000	50.750000	1.006122e+03
	962	566	240.500000	51.500000	1.007959e+03
	972	566	243.000000	51.500000	1.005947e+03
	953	569	238.250000	52.250000	1.007294e+03
	952	571	238.000000	52.750000	1.007144e+03
	986	577	246.500000	54.250000	9.976994e+02
	993	587	248.250000	56.750000	9.970019e+02
	857	589	214.250000	57.250000	9.758918e+02
	808	590	202.000000	57.500000	9.864369e+02
	936	591	234.000000	57.750000	9.998044e+02
	979	594	244.750000	58.500000	9.934594e+02
	945	596	236.250000	59.000000	9.934844e+02
	960	597	240.000000	59.250000	9.933744e+02
	928	599	232.000000	59.750000	9.949444e+02
	934	599	233.500000	59.750000	9.948819e+02
	941	599	235.250000	59.750000	9.932944e+02
