2015	3	31	153	12
	815	436	203.750000	19.000000	1.016236e+03
	986	437	246.500000	19.250000	1.014199e+03
	814	438	203.500000	19.500000	1.016281e+03
	988	438	247.000000	19.500000	1.014224e+03
	810	439	202.500000	19.750000	1.016694e+03
	815	440	203.750000	20.000000	1.016339e+03
	821	440	205.250000	20.000000	1.017164e+03
	805	441	201.250000	20.250000	1.016809e+03
	819	441	204.750000	20.250000	1.016764e+03
	990	441	247.500000	20.250000	1.014221e+03
	811	442	202.750000	20.500000	1.016821e+03
	990	442	247.500000	20.500000	1.014221e+03
	811	443	202.750000	20.750000	1.016821e+03
	992	444	248.000000	21.000000	1.014181e+03
	814	445	203.500000	21.250000	1.017154e+03
	996	449	249.000000	22.250000	1.014159e+03
	795	452	198.750000	23.000000	1.017271e+03
	970	453	242.500000	23.250000	1.015619e+03
	991	460	247.750000	25.000000	1.013876e+03
	998	460	249.500000	25.000000	1.012959e+03
	996	464	249.000000	26.000000	1.012516e+03
	998	465	249.500000	26.250000	1.012634e+03
	999	465	249.750000	26.250000	1.012634e+03
	995	466	248.750000	26.500000	1.012361e+03
	988	467	247.000000	26.750000	1.013354e+03
	992	470	248.000000	27.500000	1.012514e+03
	1000	471	250.000000	27.750000	1.013579e+03
	984	474	246.000000	28.500000	1.013659e+03
	988	475	247.000000	28.750000	1.012264e+03
	983	482	245.750000	30.500000	1.010999e+03
	1000	482	250.000000	30.500000	1.015829e+03
	977	483	244.250000	30.750000	1.014271e+03
	976	485	244.000000	31.250000	1.014209e+03
	979	488	244.750000	32.000000	1.011031e+03
	988	492	247.000000	33.000000	1.011594e+03
	1000	492	250.000000	33.000000	1.013819e+03
	977	493	244.250000	33.250000	1.010474e+03
	964	494	241.000000	33.500000	1.014459e+03
	991	494	247.750000	33.500000	1.011846e+03
	971	495	242.750000	33.750000	1.014319e+03
	982	495	245.500000	33.750000	1.010276e+03
	962	497	240.500000	34.250000	1.014429e+03
	979	497	244.750000	34.250000	1.010681e+03
	839	499	209.750000	34.750000	1.031101e+03
	982	499	245.500000	34.750000	1.010621e+03
	996	500	249.000000	35.000000	1.014816e+03
	963	501	240.750000	35.250000	1.015136e+03
	995	502	248.750000	35.500000	1.014489e+03
	974	504	243.500000	36.000000	1.010561e+03
	980	504	245.000000	36.000000	1.010529e+03
	960	505	240.000000	36.250000	1.014911e+03
	963	506	240.750000	36.500000	1.014446e+03
	972	506	243.000000	36.500000	1.009394e+03
	994	506	248.500000	36.500000	1.014674e+03
	952	508	238.000000	37.000000	1.018859e+03
	969	512	242.250000	38.000000	1.011254e+03
	1000	513	250.000000	38.250000	1.013854e+03
	977	514	244.250000	38.500000	1.012624e+03
	967	516	241.750000	39.000000	1.010996e+03
	998	516	249.500000	39.000000	1.014181e+03
	952	517	238.000000	39.250000	1.014826e+03
	990	517	247.500000	39.250000	1.012884e+03
	1000	518	250.000000	39.500000	1.014109e+03
	672	519	168.000000	39.750000	1.000844e+03
	966	519	241.500000	39.750000	1.010536e+03
	969	520	242.250000	40.000000	1.010864e+03
	962	521	240.500000	40.250000	1.011859e+03
	984	521	246.000000	40.250000	1.011061e+03
	973	523	243.250000	40.750000	1.009951e+03
	964	524	241.000000	41.000000	1.011221e+03
	989	524	247.250000	41.000000	1.010776e+03
	1000	524	250.000000	41.000000	1.015024e+03
	974	527	243.500000	41.750000	1.009391e+03
	979	530	244.750000	42.500000	1.007104e+03
	969	531	242.250000	42.750000	1.009401e+03
	975	533	243.750000	43.250000	1.007454e+03
	972	535	243.000000	43.750000	1.007321e+03
	976	541	244.000000	45.250000	1.007176e+03
	980	541	245.000000	45.250000	1.007494e+03
	995	543	248.750000	45.750000	1.008666e+03
	987	545	246.750000	46.250000	1.006566e+03
	990	546	247.500000	46.500000	1.006914e+03
	981	547	245.250000	46.750000	1.005944e+03
	949	551	237.250000	47.750000	1.012994e+03
	984	551	246.000000	47.750000	1.005764e+03
	981	552	245.250000	48.000000	1.005764e+03
	994	553	248.500000	48.250000	1.004619e+03
	980	556	245.000000	49.000000	1.005749e+03
	934	558	233.500000	49.500000	1.013801e+03
	932	559	233.000000	49.750000	1.013801e+03
	942	559	235.500000	49.750000	1.011869e+03
	939	560	234.750000	50.000000	1.011861e+03
	996	561	249.000000	50.250000	1.003891e+03
	1000	561	250.000000	50.250000	1.003526e+03
	965	562	241.250000	50.500000	1.002601e+03
	970	563	242.500000	50.750000	1.003541e+03
	975	563	243.750000	50.750000	1.003919e+03
	971	565	242.750000	51.250000	1.003519e+03
	743	566	185.750000	51.500000	9.996713e+02
	767	566	191.750000	51.500000	9.918962e+02
	957	566	239.250000	51.500000	1.001289e+03
	985	569	246.250000	52.250000	9.998162e+02
	957	570	239.250000	52.500000	1.001321e+03
	972	572	243.000000	53.000000	9.991912e+02
	981	572	245.250000	53.000000	9.990712e+02
	958	573	239.500000	53.250000	1.001184e+03
	977	573	244.250000	53.250000	9.993063e+02
	967	576	241.750000	54.000000	9.995237e+02
	972	576	243.000000	54.000000	9.994662e+02
	975	579	243.750000	54.750000	1.000549e+03
	793	581	198.250000	55.250000	1.004934e+03
	799	581	199.750000	55.250000	1.004899e+03
	864	581	216.000000	55.250000	9.987037e+02
	945	582	236.250000	55.500000	1.003969e+03
	805	584	201.250000	56.000000	1.004276e+03
	933	584	233.250000	56.000000	1.005209e+03
	952	584	238.000000	56.000000	1.002594e+03
	966	585	241.500000	56.250000	1.003001e+03
	782	586	195.500000	56.500000	1.004231e+03
	992	586	248.000000	56.500000	1.004109e+03
	789	587	197.250000	56.750000	1.004074e+03
	938	587	234.500000	56.750000	1.004276e+03
	959	587	239.750000	56.750000	1.003126e+03
	902	588	225.500000	57.000000	1.002686e+03
	804	589	201.000000	57.250000	1.004259e+03
	831	589	207.750000	57.250000	1.001449e+03
	996	589	249.000000	57.250000	1.005229e+03
	968	590	242.000000	57.500000	1.003516e+03
	832	591	208.000000	57.750000	1.001404e+03
	935	591	233.750000	57.750000	1.004029e+03
	936	591	234.000000	57.750000	1.004029e+03
	950	591	237.500000	57.750000	1.001974e+03
	976	591	244.000000	57.750000	1.003384e+03
	945	592	236.250000	58.000000	1.002424e+03
	988	592	247.000000	58.000000	1.003771e+03
	828	593	207.000000	58.250000	1.001404e+03
	886	594	221.500000	58.500000	1.000631e+03
	917	596	229.250000	59.000000	1.002016e+03
	929	596	232.250000	59.000000	1.002124e+03
	976	596	244.000000	59.000000	1.004129e+03
	678	597	169.500000	59.250000	1.012224e+03
	846	597	211.500000	59.250000	1.000441e+03
	864	598	216.000000	59.500000	9.999113e+02
	906	598	226.500000	59.500000	1.001761e+03
	913	598	228.250000	59.500000	1.001586e+03
	679	599	169.750000	59.750000	1.012244e+03
	841	599	210.250000	59.750000	1.000079e+03
	845	599	211.250000	59.750000	1.000261e+03
	856	599	214.000000	59.750000	9.997737e+02
	868	599	217.000000	59.750000	1.000019e+03
	879	599	219.750000	59.750000	9.999888e+02
	887	599	221.750000	59.750000	1.000486e+03
	862	600	215.500000	60.000000	9.998362e+02
