2015	4	5	183	18
	815	436	203.750000	19.000000	1.015930e+03
	998	436	249.500000	19.000000	1.012000e+03
	814	438	203.500000	19.500000	1.015820e+03
	984	438	246.000000	19.500000	1.012805e+03
	999	438	249.750000	19.500000	1.012010e+03
	812	439	203.000000	19.750000	1.015977e+03
	815	440	203.750000	20.000000	1.015862e+03
	694	441	173.500000	20.250000	1.011900e+03
	677	443	169.250000	20.750000	1.011953e+03
	697	443	174.250000	20.750000	1.012037e+03
	821	443	205.250000	20.750000	1.018343e+03
	704	448	176.000000	22.000000	1.012523e+03
	694	453	173.500000	23.250000	1.012667e+03
	676	455	169.000000	23.750000	1.013232e+03
	716	455	179.000000	23.750000	1.012867e+03
	678	456	169.500000	24.000000	1.013193e+03
	706	458	176.500000	24.500000	1.012977e+03
	718	458	179.500000	24.500000	1.012818e+03
	998	458	249.500000	24.500000	1.011155e+03
	719	459	179.750000	24.750000	1.012818e+03
	710	461	177.500000	25.250000	1.012910e+03
	694	463	173.500000	25.750000	1.012688e+03
	696	464	174.000000	26.000000	1.012680e+03
	714	464	178.500000	26.000000	1.012830e+03
	996	464	249.000000	26.000000	1.011090e+03
	698	465	174.500000	26.250000	1.012685e+03
	700	466	175.000000	26.500000	1.012670e+03
	990	466	247.500000	26.500000	1.011427e+03
	702	467	175.500000	26.750000	1.012685e+03
	992	468	248.000000	27.000000	1.010930e+03
	996	468	249.000000	27.000000	1.011165e+03
	707	470	176.750000	27.500000	1.012725e+03
	1000	470	250.000000	27.500000	1.010500e+03
	990	471	247.500000	27.750000	1.010940e+03
	689	473	172.250000	28.250000	1.013175e+03
	998	474	249.500000	28.500000	1.010490e+03
	727	475	181.750000	28.750000	1.011443e+03
	750	476	187.500000	29.000000	1.015945e+03
	995	476	248.750000	29.000000	1.010218e+03
	993	477	248.250000	29.250000	1.010275e+03
	985	478	246.250000	29.500000	1.010090e+03
	999	481	249.750000	30.250000	1.011205e+03
	749	482	187.250000	30.500000	1.016388e+03
	982	482	245.500000	30.500000	1.009285e+03
	992	482	248.000000	30.500000	1.009500e+03
	723	484	180.750000	31.000000	1.011438e+03
	989	484	247.250000	31.000000	1.009765e+03
	789	486	197.250000	31.500000	1.022010e+03
	1000	486	250.000000	31.500000	1.010922e+03
	983	487	245.750000	31.750000	1.009482e+03
	991	487	247.750000	31.750000	1.009622e+03
	979	488	244.750000	32.000000	1.009250e+03
	978	491	244.500000	32.750000	1.009023e+03
	988	492	247.000000	33.000000	1.009150e+03
	989	492	247.250000	33.000000	1.009150e+03
	992	492	248.000000	33.000000	1.009282e+03
	719	493	179.750000	33.250000	1.009840e+03
	992	493	248.000000	33.250000	1.009282e+03
	998	495	249.500000	33.750000	1.010727e+03
	760	496	190.000000	34.000000	1.020312e+03
	964	498	241.000000	34.500000	1.011503e+03
	974	498	243.500000	34.500000	1.008362e+03
	979	498	244.750000	34.500000	1.008120e+03
	992	498	248.000000	34.500000	1.009975e+03
	952	503	238.000000	35.750000	1.014575e+03
	994	503	248.500000	35.750000	1.007807e+03
	766	504	191.500000	36.000000	1.020432e+03
	759	506	189.750000	36.500000	1.020417e+03
	958	506	239.500000	36.500000	1.012693e+03
	784	507	196.000000	36.750000	1.018968e+03
	977	507	244.250000	36.750000	1.004430e+03
	981	507	245.250000	36.750000	1.004865e+03
	969	508	242.250000	37.000000	1.003100e+03
	992	508	248.000000	37.000000	1.007235e+03
	997	509	249.250000	37.250000	1.007070e+03
	953	511	238.250000	37.750000	1.012300e+03
	970	511	242.500000	37.750000	1.002700e+03
	770	512	192.500000	38.000000	1.020150e+03
	996	514	249.000000	38.500000	1.004435e+03
	976	516	244.000000	39.000000	1.001860e+03
	998	516	249.500000	39.000000	1.004335e+03
	979	518	244.750000	39.500000	1.001782e+03
	965	519	241.250000	39.750000	1.005350e+03
	950	520	237.500000	40.000000	1.009968e+03
	986	520	246.500000	40.000000	1.000537e+03
	1000	520	250.000000	40.000000	1.003237e+03
	961	521	240.250000	40.250000	1.006602e+03
	948	522	237.000000	40.500000	1.010320e+03
	990	522	247.500000	40.500000	1.001117e+03
	972	523	243.000000	40.750000	1.004078e+03
	995	525	248.750000	41.250000	1.002030e+03
	999	526	249.750000	41.500000	1.000925e+03
	987	527	246.750000	41.750000	1.003525e+03
	965	528	241.250000	42.000000	1.005650e+03
	980	528	245.000000	42.000000	1.003955e+03
	972	529	243.000000	42.250000	1.004578e+03
	977	530	244.250000	42.500000	1.003802e+03
	1000	530	250.000000	42.500000	1.001682e+03
	940	531	235.000000	42.750000	1.006443e+03
	974	532	243.500000	43.000000	1.004675e+03
	963	533	240.750000	43.250000	1.005820e+03
	936	534	234.000000	43.500000	1.006540e+03
	954	534	238.500000	43.500000	1.004950e+03
	990	536	247.500000	44.000000	1.003112e+03
	997	536	249.250000	44.000000	1.003638e+03
	983	537	245.750000	44.250000	1.004727e+03
	936	539	234.000000	44.750000	1.006490e+03
	980	539	245.000000	44.750000	1.005455e+03
	990	539	247.500000	44.750000	1.002797e+03
	993	540	248.250000	45.000000	1.002847e+03
	996	540	249.000000	45.000000	1.003102e+03
	936	541	234.000000	45.250000	1.006492e+03
	945	541	236.250000	45.250000	1.006555e+03
	970	542	242.500000	45.500000	1.005792e+03
	977	542	244.250000	45.500000	1.005552e+03
	969	544	242.250000	46.000000	1.005907e+03
	978	544	244.500000	46.000000	1.005500e+03
	958	545	239.500000	46.250000	1.008675e+03
	912	546	228.000000	46.500000	1.004138e+03
	945	546	236.250000	46.500000	1.007110e+03
	952	546	238.000000	46.500000	1.006638e+03
	944	548	236.000000	47.000000	1.007287e+03
	975	548	243.750000	47.000000	1.006060e+03
	984	549	246.000000	47.250000	1.008138e+03
	945	550	236.250000	47.500000	1.007075e+03
	993	551	248.250000	47.750000	1.012955e+03
	954	552	238.500000	48.000000	1.007280e+03
	964	553	241.000000	48.250000	1.008432e+03
	941	555	235.250000	48.750000	1.008410e+03
	950	557	237.500000	49.250000	1.008485e+03
	964	557	241.000000	49.250000	1.009287e+03
	869	559	217.250000	49.750000	1.013555e+03
	939	560	234.750000	50.000000	1.009865e+03
	942	561	235.500000	50.250000	1.009360e+03
	938	563	234.500000	50.750000	1.009500e+03
	952	563	238.000000	50.750000	1.010403e+03
	933	564	233.250000	51.000000	1.009143e+03
	934	564	233.500000	51.000000	1.009143e+03
	995	565	248.750000	51.250000	1.019485e+03
	945	566	236.250000	51.500000	1.010532e+03
	990	566	247.500000	51.500000	1.019490e+03
	939	572	234.750000	53.000000	1.011268e+03
	952	572	238.000000	53.000000	1.011805e+03
	961	572	240.250000	53.000000	1.014023e+03
	970	573	242.500000	53.250000	1.015600e+03
	965	575	241.250000	53.750000	1.015800e+03
	944	577	236.000000	54.250000	1.014255e+03
	935	581	233.750000	55.250000	1.014195e+03
	929	583	232.250000	55.750000	1.014120e+03
	854	585	213.500000	56.250000	1.008500e+03
	801	587	200.250000	56.750000	1.005078e+03
	907	587	226.750000	56.750000	1.013970e+03
	919	587	229.750000	56.750000	1.014630e+03
	898	588	224.500000	57.000000	1.014143e+03
	952	588	238.000000	57.000000	1.018275e+03
	892	590	223.000000	57.500000	1.014330e+03
	902	590	225.500000	57.500000	1.014105e+03
	916	591	229.000000	57.750000	1.013415e+03
	924	591	231.000000	57.750000	1.014122e+03
	944	591	236.000000	57.750000	1.017095e+03
	898	592	224.500000	58.000000	1.014160e+03
	849	594	212.250000	58.500000	1.011985e+03
	879	594	219.750000	58.500000	1.013790e+03
	886	594	221.500000	58.500000	1.013945e+03
	890	594	222.500000	58.500000	1.014040e+03
	912	594	228.000000	58.500000	1.013578e+03
	927	594	231.750000	58.500000	1.014953e+03
	941	594	235.250000	58.500000	1.017075e+03
	884	596	221.000000	59.000000	1.013990e+03
	899	596	224.750000	59.000000	1.014562e+03
	903	596	225.750000	59.000000	1.014555e+03
	905	596	226.250000	59.000000	1.014555e+03
	990	596	247.500000	59.000000	1.028375e+03
	835	597	208.750000	59.250000	1.011912e+03
	840	597	210.000000	59.250000	1.011830e+03
	846	597	211.500000	59.250000	1.011857e+03
	978	597	244.500000	59.250000	1.025505e+03
	830	598	207.500000	59.500000	1.011850e+03
	997	598	249.250000	59.500000	1.029010e+03
	877	599	219.250000	59.750000	1.013870e+03
	746	600	186.500000	60.000000	9.797575e+02
	836	600	209.000000	60.000000	1.012052e+03
	909	600	227.250000	60.000000	1.013318e+03
