2015	6	24	164	12
	805	434	201.250000	18.500000	1.014461e+03
	822	435	205.500000	18.750000	1.014506e+03
	815	436	203.750000	19.000000	1.014366e+03
	820	436	205.000000	19.000000	1.014711e+03
	810	437	202.500000	19.250000	1.014486e+03
	814	438	203.500000	19.500000	1.014321e+03
	815	440	203.750000	20.000000	1.014393e+03
	820	441	205.000000	20.250000	1.015281e+03
	817	442	204.250000	20.500000	1.015241e+03
	981	443	245.250000	20.750000	1.012221e+03
	982	443	245.500000	20.750000	1.012221e+03
	981	447	245.250000	21.750000	1.012318e+03
	983	448	245.750000	22.000000	1.012331e+03
	997	455	249.250000	23.750000	1.011241e+03
	995	456	248.750000	24.000000	1.011298e+03
	994	459	248.500000	24.750000	1.011393e+03
	991	464	247.750000	26.000000	1.011253e+03
	996	464	249.000000	26.000000	1.009136e+03
	989	465	247.250000	26.250000	1.011178e+03
	988	467	247.000000	26.750000	1.011096e+03
	981	469	245.250000	27.250000	1.011953e+03
	991	471	247.750000	27.750000	1.008448e+03
	984	473	246.000000	28.250000	1.011513e+03
	988	475	247.000000	28.750000	1.007883e+03
	979	478	244.750000	29.500000	1.011348e+03
	985	479	246.250000	29.750000	1.007276e+03
	729	481	182.250000	30.250000	1.021286e+03
	733	482	183.250000	30.500000	1.021288e+03
	982	482	245.500000	30.500000	1.006241e+03
	988	482	247.000000	30.500000	1.007466e+03
	976	483	244.000000	30.750000	1.011583e+03
	975	485	243.750000	31.250000	1.011488e+03
	981	485	245.250000	31.250000	1.006211e+03
	1000	487	250.000000	31.750000	1.012741e+03
	714	488	178.500000	32.000000	1.020908e+03
	974	488	243.500000	32.000000	1.011673e+03
	979	488	244.750000	32.000000	1.006083e+03
	985	491	246.250000	32.750000	1.006481e+03
	977	492	244.250000	33.000000	1.006241e+03
	988	492	247.000000	33.000000	1.006688e+03
	969	493	242.250000	33.250000	1.011168e+03
	992	493	248.000000	33.250000	1.006523e+03
	965	494	241.250000	33.500000	1.011028e+03
	982	495	245.500000	33.750000	1.006066e+03
	745	496	186.250000	34.000000	1.019713e+03
	748	496	187.000000	34.000000	1.019711e+03
	970	496	242.500000	34.000000	1.011363e+03
	962	497	240.500000	34.250000	1.010698e+03
	979	497	244.750000	34.250000	1.006646e+03
	966	498	241.500000	34.500000	1.011106e+03
	1000	499	250.000000	34.750000	1.012791e+03
	740	500	185.000000	35.000000	1.019973e+03
	969	500	242.250000	35.000000	1.010196e+03
	733	501	183.250000	35.250000	1.020023e+03
	996	501	249.000000	35.250000	1.011108e+03
	991	502	247.750000	35.500000	1.013146e+03
	731	503	182.750000	35.750000	1.020006e+03
	975	503	243.750000	35.750000	1.007971e+03
	714	505	178.500000	36.250000	1.020361e+03
	727	505	181.750000	36.250000	1.020051e+03
	738	505	184.500000	36.250000	1.019953e+03
	982	505	245.500000	36.250000	1.007766e+03
	960	506	240.000000	36.500000	1.010091e+03
	972	506	243.000000	36.500000	1.007753e+03
	995	508	248.750000	37.000000	1.011448e+03
	1000	508	250.000000	37.000000	1.011818e+03
	957	510	239.250000	37.500000	1.010718e+03
	997	510	249.250000	37.500000	1.010513e+03
	986	511	246.500000	37.750000	1.012673e+03
	969	512	242.250000	38.000000	1.011023e+03
	977	514	244.250000	38.500000	1.011366e+03
	997	514	249.250000	38.500000	1.010703e+03
	949	515	237.250000	38.750000	1.011118e+03
	1000	515	250.000000	38.750000	1.010328e+03
	967	516	241.750000	39.000000	1.011063e+03
	989	517	247.250000	39.250000	1.010213e+03
	952	518	238.000000	39.500000	1.010026e+03
	986	518	246.500000	39.500000	1.009911e+03
	947	519	236.750000	39.750000	1.012166e+03
	966	519	241.500000	39.750000	1.009723e+03
	987	520	246.750000	40.000000	1.009916e+03
	973	522	243.250000	40.500000	1.011688e+03
	985	523	246.250000	40.750000	1.009973e+03
	988	523	247.000000	40.750000	1.010103e+03
	965	524	241.250000	41.000000	1.011601e+03
	978	524	244.500000	41.000000	1.013803e+03
	991	524	247.750000	41.000000	1.009508e+03
	997	525	249.250000	41.250000	1.013508e+03
	950	527	237.500000	41.750000	1.015828e+03
	958	527	239.500000	41.750000	1.015416e+03
	974	528	243.500000	42.000000	1.013743e+03
	966	529	241.500000	42.250000	1.014301e+03
	949	530	237.250000	42.500000	1.015998e+03
	986	530	246.500000	42.500000	1.012261e+03
	980	531	245.000000	42.750000	1.011978e+03
	969	532	242.250000	43.000000	1.014238e+03
	977	532	244.250000	43.000000	1.012348e+03
	986	533	246.500000	43.250000	1.011798e+03
	938	536	234.500000	44.000000	1.018391e+03
	950	536	237.500000	44.000000	1.016883e+03
	973	536	243.250000	44.000000	1.012396e+03
	956	537	239.000000	44.250000	1.016131e+03
	949	538	237.250000	44.500000	1.016923e+03
	984	538	246.000000	44.500000	1.016441e+03
	861	539	215.250000	44.750000	1.002446e+03
	963	539	240.750000	44.750000	1.015906e+03
	990	541	247.500000	45.250000	1.016533e+03
	950	542	237.500000	45.500000	1.016878e+03
	994	543	248.500000	45.750000	1.016566e+03
	704	546	176.000000	46.500000	1.025081e+03
	705	546	176.250000	46.500000	1.025081e+03
	963	546	240.750000	46.500000	1.012811e+03
	984	547	246.000000	46.750000	1.015853e+03
	964	549	241.000000	47.250000	1.012806e+03
	697	550	174.250000	47.500000	1.025223e+03
	944	550	236.000000	47.500000	1.016996e+03
	982	550	245.500000	47.500000	1.015808e+03
	952	552	238.000000	48.000000	1.016878e+03
	989	554	247.250000	48.500000	1.016641e+03
	997	554	249.250000	48.500000	1.016118e+03
	946	556	236.500000	49.000000	1.016173e+03
	991	557	247.750000	49.250000	1.016526e+03
	818	561	204.500000	50.250000	9.969281e+02
	939	561	234.750000	50.250000	1.015633e+03
	990	562	247.500000	50.500000	1.016256e+03
	935	563	233.750000	50.750000	1.015981e+03
	963	563	240.750000	50.750000	1.015078e+03
	960	565	240.000000	51.250000	1.015316e+03
	1000	565	250.000000	51.250000	1.015713e+03
	933	567	233.250000	51.750000	1.015716e+03
	951	567	237.750000	51.750000	1.014068e+03
	942	569	235.500000	52.250000	1.014516e+03
	938	570	234.500000	52.500000	1.014686e+03
	949	570	237.250000	52.500000	1.013873e+03
	873	571	218.250000	52.750000	9.980506e+02
	974	573	243.500000	53.250000	1.014893e+03
	921	580	230.250000	55.000000	1.014388e+03
	943	581	235.750000	55.250000	1.012746e+03
	929	582	232.250000	55.500000	1.013486e+03
	935	582	233.750000	55.500000	1.013146e+03
	920	583	230.000000	55.750000	1.014441e+03
	943	583	235.750000	55.750000	1.012786e+03
	931	585	232.750000	56.250000	1.013633e+03
	802	587	200.500000	56.750000	1.012038e+03
	940	587	235.000000	56.750000	1.012866e+03
	898	588	224.500000	57.000000	1.012008e+03
	930	590	232.500000	57.500000	1.013876e+03
	926	592	231.500000	58.000000	1.013753e+03
	909	593	227.250000	58.250000	1.014691e+03
	794	595	198.500000	58.750000	1.011678e+03
	818	595	204.500000	58.750000	1.012386e+03
	823	595	205.750000	58.750000	1.013911e+03
	957	595	239.250000	58.750000	1.009421e+03
	975	595	243.750000	58.750000	1.009098e+03
	982	595	245.500000	58.750000	1.008783e+03
	804	596	201.000000	59.000000	1.011886e+03
	903	596	225.750000	59.000000	1.014378e+03
	827	597	206.750000	59.250000	1.014051e+03
	890	598	222.500000	59.500000	1.013933e+03
	794	599	198.500000	59.750000	1.011631e+03
	837	599	209.250000	59.750000	1.014111e+03
	879	599	219.750000	59.750000	1.013361e+03
	864	600	216.000000	60.000000	1.013726e+03
	924	600	231.000000	60.000000	1.011513e+03
