2015	3	15	159	6
	871	420	217.750000	15.000000	1.014034e+03
	865	426	216.250000	16.500000	1.016194e+03
	879	434	219.750000	18.500000	1.015724e+03
	906	434	226.500000	18.500000	1.015679e+03
	814	438	203.500000	19.500000	1.019451e+03
	896	439	224.000000	19.750000	1.016779e+03
	815	440	203.750000	20.000000	1.019399e+03
	816	440	204.000000	20.000000	1.019399e+03
	820	441	205.000000	20.250000	1.020694e+03
	886	443	221.500000	20.750000	1.016214e+03
	887	445	221.750000	21.250000	1.016204e+03
	889	447	222.250000	21.750000	1.016134e+03
	901	448	225.250000	22.000000	1.016681e+03
	890	449	222.500000	22.250000	1.016149e+03
	983	449	245.750000	22.250000	1.011296e+03
	981	450	245.250000	22.500000	1.011286e+03
	991	450	247.750000	22.500000	1.011266e+03
	997	454	249.250000	23.500000	1.011176e+03
	893	455	223.250000	23.750000	1.016336e+03
	992	459	248.000000	24.750000	1.011236e+03
	896	462	224.000000	25.500000	1.016279e+03
	825	463	206.250000	25.750000	1.023196e+03
	913	464	228.250000	26.000000	1.017186e+03
	991	464	247.750000	26.000000	1.010981e+03
	983	465	245.750000	26.250000	1.011224e+03
	989	465	247.250000	26.250000	1.011094e+03
	995	465	248.750000	26.250000	1.010921e+03
	899	468	224.750000	27.000000	1.016484e+03
	663	469	165.750000	27.250000	1.019946e+03
	665	470	166.250000	27.500000	1.019921e+03
	985	471	246.250000	27.750000	1.011694e+03
	993	473	248.250000	28.250000	1.011271e+03
	662	476	165.500000	29.000000	1.020061e+03
	923	476	230.750000	29.000000	1.017559e+03
	666	478	166.500000	29.500000	1.019916e+03
	925	479	231.250000	29.750000	1.017614e+03
	988	479	247.000000	29.750000	1.013051e+03
	670	480	167.500000	30.000000	1.019769e+03
	984	480	246.000000	30.000000	1.013409e+03
	673	481	168.250000	30.250000	1.019754e+03
	676	482	169.000000	30.500000	1.019739e+03
	927	482	231.750000	30.500000	1.017674e+03
	666	485	166.500000	31.250000	1.019756e+03
	930	485	232.500000	31.250000	1.017719e+03
	674	487	168.500000	31.750000	1.019426e+03
	676	487	169.000000	31.750000	1.019426e+03
	689	488	172.250000	32.000000	1.019639e+03
	944	488	236.000000	32.000000	1.017254e+03
	704	490	176.000000	32.500000	1.019686e+03
	705	490	176.250000	32.500000	1.019686e+03
	718	491	179.500000	32.750000	1.020579e+03
	719	491	179.750000	32.750000	1.020579e+03
	978	491	244.500000	32.750000	1.016446e+03
	986	491	246.500000	32.750000	1.015909e+03
	682	492	170.500000	33.000000	1.019739e+03
	965	492	241.250000	33.000000	1.016039e+03
	903	493	225.750000	33.250000	1.013459e+03
	968	493	242.000000	33.250000	1.016176e+03
	981	494	245.250000	33.500000	1.016479e+03
	962	496	240.500000	34.000000	1.016031e+03
	969	500	242.250000	35.000000	1.017976e+03
	975	500	243.750000	35.000000	1.017946e+03
	997	500	249.250000	35.000000	1.022059e+03
	963	502	240.750000	35.500000	1.015611e+03
	952	503	238.000000	35.750000	1.017066e+03
	971	503	242.750000	35.750000	1.018221e+03
	975	503	243.750000	35.750000	1.017851e+03
	962	504	240.500000	36.000000	1.015444e+03
	982	505	245.500000	36.250000	1.018029e+03
	972	506	243.000000	36.500000	1.018139e+03
	953	507	238.250000	36.750000	1.016774e+03
	976	507	244.000000	36.750000	1.019359e+03
	995	508	248.750000	37.000000	1.022919e+03
	957	509	239.250000	37.250000	1.015299e+03
	968	509	242.000000	37.250000	1.020204e+03
	997	510	249.250000	37.500000	1.022926e+03
	956	511	239.000000	37.750000	1.015161e+03
	985	511	246.250000	37.750000	1.022074e+03
	944	512	236.000000	38.000000	1.014886e+03
	916	513	229.000000	38.250000	1.007904e+03
	977	514	244.250000	38.500000	1.019616e+03
	1000	515	250.000000	38.750000	1.021791e+03
	953	516	238.250000	39.000000	1.015079e+03
	952	518	238.000000	39.500000	1.014789e+03
	965	518	241.250000	39.500000	1.014279e+03
	944	520	236.000000	40.000000	1.014554e+03
	962	521	240.500000	40.250000	1.015136e+03
	985	522	246.250000	40.500000	1.017414e+03
	943	524	235.750000	41.000000	1.014579e+03
	955	524	238.750000	41.000000	1.016651e+03
	965	524	241.250000	41.000000	1.014811e+03
	978	524	244.500000	41.000000	1.018241e+03
	987	524	246.750000	41.000000	1.017571e+03
	958	526	239.500000	41.500000	1.016189e+03
	953	527	238.250000	41.750000	1.016029e+03
	973	527	243.250000	41.750000	1.016494e+03
	920	528	230.000000	42.000000	1.004299e+03
	692	529	173.000000	42.250000	1.005526e+03
	767	529	191.750000	42.250000	1.001434e+03
	948	529	237.000000	42.250000	1.014941e+03
	954	529	238.500000	42.250000	1.016094e+03
	966	529	241.500000	42.250000	1.015234e+03
	963	530	240.750000	42.500000	1.015634e+03
	969	530	242.250000	42.500000	1.015049e+03
	1000	530	250.000000	42.500000	1.020106e+03
	988	531	247.000000	42.750000	1.018659e+03
	975	532	243.750000	43.000000	1.016319e+03
	965	533	241.250000	43.250000	1.015531e+03
	966	533	241.500000	43.250000	1.015531e+03
	986	533	246.500000	43.250000	1.018546e+03
	968	535	242.000000	43.750000	1.015806e+03
	972	535	243.000000	43.750000	1.015389e+03
	990	536	247.500000	44.000000	1.016549e+03
	871	538	217.750000	44.500000	1.013951e+03
	872	538	218.000000	44.500000	1.013951e+03
	954	539	238.500000	44.750000	1.013314e+03
	948	540	237.000000	45.000000	1.013591e+03
	892	541	223.000000	45.250000	1.010629e+03
	960	542	240.000000	45.500000	1.012924e+03
	959	545	239.750000	46.250000	1.012734e+03
	972	546	243.000000	46.500000	1.012871e+03
	944	550	236.000000	47.500000	1.014149e+03
	942	554	235.500000	48.500000	1.014726e+03
	947	554	236.750000	48.500000	1.014311e+03
	947	556	236.750000	49.000000	1.014309e+03
	951	556	237.750000	49.000000	1.014676e+03
	963	556	240.750000	49.000000	1.009959e+03
	970	557	242.500000	49.250000	1.009319e+03
	974	557	243.500000	49.250000	1.009364e+03
	944	558	236.000000	49.500000	1.014521e+03
	914	564	228.500000	51.000000	1.017201e+03
	954	565	238.500000	51.250000	1.009391e+03
	974	565	243.500000	51.250000	1.006464e+03
	966	566	241.500000	51.500000	1.007989e+03
	783	568	195.750000	52.000000	9.685687e+02
	922	569	230.500000	52.250000	1.016899e+03
	907	572	226.750000	53.000000	1.017156e+03
	916	573	229.000000	53.250000	1.016724e+03
	923	575	230.750000	53.750000	1.017141e+03
	929	582	232.250000	55.500000	1.012874e+03
	949	585	237.250000	56.250000	1.005621e+03
	958	587	239.500000	56.750000	1.006894e+03
	926	588	231.500000	57.000000	1.011201e+03
	992	588	248.000000	57.000000	9.861213e+02
	946	589	236.500000	57.250000	1.005364e+03
	938	590	234.500000	57.500000	1.007804e+03
	928	591	232.000000	57.750000	1.009724e+03
	944	592	236.000000	58.000000	1.005406e+03
	982	594	245.500000	58.500000	9.945563e+02
	894	595	223.500000	58.750000	1.006619e+03
	839	596	209.750000	59.000000	1.006754e+03
	940	596	235.000000	59.000000	1.005384e+03
	896	598	224.000000	59.500000	1.006526e+03
	841	599	210.250000	59.750000	1.006781e+03
	850	599	212.500000	59.750000	1.006389e+03
	874	599	218.500000	59.750000	1.004851e+03
	879	599	219.750000	59.750000	1.004586e+03
	887	599	221.750000	59.750000	1.006216e+03
	870	600	217.500000	60.000000	1.004921e+03
