2015	5	1	210	21
	814	438	203.500000	19.500000	1.017811e+03
	986	439	246.500000	19.750000	1.012436e+03
	815	440	203.750000	20.000000	1.017561e+03
	988	440	247.000000	20.000000	1.012436e+03
	990	441	247.500000	20.250000	1.012446e+03
	800	447	200.000000	21.750000	1.019653e+03
	940	448	235.000000	22.000000	1.014491e+03
	999	456	249.750000	24.000000	1.010753e+03
	998	458	249.500000	24.500000	1.010843e+03
	995	460	248.750000	25.000000	1.010468e+03
	995	463	248.750000	25.750000	1.010503e+03
	980	468	245.000000	27.000000	1.012426e+03
	992	468	248.000000	27.000000	1.009633e+03
	986	471	246.500000	27.750000	1.010136e+03
	989	472	247.250000	28.000000	1.010008e+03
	988	474	247.000000	28.500000	1.009906e+03
	998	475	249.500000	28.750000	1.009001e+03
	773	476	193.250000	29.000000	1.024088e+03
	987	476	246.750000	29.000000	1.009828e+03
	997	477	249.250000	29.250000	1.009026e+03
	985	478	246.250000	29.500000	1.008896e+03
	992	478	248.000000	29.500000	1.009898e+03
	974	481	243.500000	30.250000	1.011658e+03
	999	481	249.750000	30.250000	1.009323e+03
	992	482	248.000000	30.500000	1.008628e+03
	975	485	243.750000	31.250000	1.011061e+03
	994	485	248.500000	31.250000	1.009478e+03
	774	487	193.500000	31.750000	1.023431e+03
	1000	487	250.000000	31.750000	1.009551e+03
	973	489	243.250000	32.250000	1.010581e+03
	995	489	248.750000	32.250000	1.008448e+03
	986	491	246.500000	32.750000	1.008071e+03
	972	492	243.000000	33.000000	1.010526e+03
	977	492	244.250000	33.000000	1.007198e+03
	989	492	247.250000	33.000000	1.007816e+03
	992	493	248.000000	33.250000	1.007596e+03
	985	494	246.250000	33.500000	1.008216e+03
	971	495	242.750000	33.750000	1.010206e+03
	982	495	245.500000	33.750000	1.007486e+03
	967	496	241.750000	34.000000	1.010863e+03
	978	497	244.500000	34.250000	1.008023e+03
	764	498	191.000000	34.500000	1.025896e+03
	955	499	238.750000	34.750000	1.012986e+03
	970	499	242.500000	34.750000	1.009536e+03
	982	499	245.500000	34.750000	1.007923e+03
	990	499	247.500000	34.750000	1.010551e+03
	1000	499	250.000000	34.750000	1.009811e+03
	696	500	174.000000	35.000000	1.011248e+03
	975	500	243.750000	35.000000	1.008413e+03
	771	501	192.750000	35.250000	1.025831e+03
	947	501	236.750000	35.250000	1.012463e+03
	963	501	240.750000	35.250000	1.008043e+03
	995	502	248.750000	35.500000	1.009238e+03
	948	503	237.000000	35.750000	1.012496e+03
	952	503	238.000000	35.750000	1.012871e+03
	974	503	243.500000	35.750000	1.008043e+03
	962	504	240.500000	36.000000	1.008123e+03
	981	504	245.250000	36.000000	1.007408e+03
	989	505	247.250000	36.250000	1.010266e+03
	756	506	189.000000	36.500000	1.026251e+03
	960	506	240.000000	36.500000	1.008053e+03
	972	506	243.000000	36.500000	1.007131e+03
	977	507	244.250000	36.750000	1.008763e+03
	988	507	247.000000	36.750000	1.009906e+03
	980	508	245.000000	37.000000	1.008941e+03
	994	508	248.500000	37.000000	1.009326e+03
	1000	508	250.000000	37.000000	1.009263e+03
	968	509	242.000000	37.250000	1.009303e+03
	997	510	249.250000	37.500000	1.009061e+03
	971	511	242.750000	37.750000	1.009458e+03
	980	511	245.000000	37.750000	1.009823e+03
	986	511	246.500000	37.750000	1.010291e+03
	991	512	247.750000	38.000000	1.011751e+03
	976	513	244.000000	38.250000	1.009466e+03
	997	513	249.250000	38.250000	1.008701e+03
	967	514	241.750000	38.500000	1.010336e+03
	992	514	248.000000	38.500000	1.012046e+03
	1000	514	250.000000	38.500000	1.008933e+03
	984	515	246.000000	38.750000	1.010846e+03
	963	516	240.750000	39.000000	1.010353e+03
	988	516	247.000000	39.000000	1.010781e+03
	972	517	243.000000	39.250000	1.010538e+03
	985	517	246.250000	39.250000	1.010928e+03
	952	518	238.000000	39.500000	1.008231e+03
	977	518	244.250000	39.500000	1.010711e+03
	960	519	240.000000	39.750000	1.010828e+03
	945	520	236.250000	40.000000	1.010143e+03
	969	520	242.250000	40.000000	1.010783e+03
	975	520	243.750000	40.000000	1.011001e+03
	982	520	245.500000	40.000000	1.010961e+03
	987	520	246.750000	40.000000	1.011173e+03
	992	520	248.000000	40.000000	1.011928e+03
	950	521	237.500000	40.250000	1.008631e+03
	957	521	239.250000	40.250000	1.010826e+03
	991	522	247.750000	40.500000	1.012071e+03
	973	523	243.250000	40.750000	1.011426e+03
	955	524	238.750000	41.000000	1.009421e+03
	980	524	245.000000	41.000000	1.011363e+03
	995	525	248.750000	41.250000	1.012708e+03
	967	526	241.750000	41.500000	1.011753e+03
	981	526	245.250000	41.500000	1.011756e+03
	999	526	249.750000	41.500000	1.012236e+03
	946	527	236.500000	41.750000	1.010211e+03
	950	527	237.500000	41.750000	1.010478e+03
	991	527	247.750000	41.750000	1.012223e+03
	988	528	247.000000	42.000000	1.012008e+03
	948	529	237.000000	42.250000	1.010806e+03
	973	529	243.250000	42.250000	1.011946e+03
	982	530	245.500000	42.500000	1.011021e+03
	985	530	246.250000	42.500000	1.011163e+03
	1000	530	250.000000	42.500000	1.013051e+03
	963	531	240.750000	42.750000	1.011356e+03
	969	531	242.250000	42.750000	1.011666e+03
	988	532	247.000000	43.000000	1.011511e+03
	955	533	238.750000	43.250000	1.010666e+03
	966	534	241.500000	43.500000	1.011736e+03
	991	535	247.750000	43.750000	1.011158e+03
	955	537	238.750000	44.250000	1.010338e+03
	969	538	242.250000	44.500000	1.011801e+03
	959	539	239.750000	44.750000	1.010746e+03
	984	540	246.000000	45.000000	1.011748e+03
	967	542	241.750000	45.500000	1.011626e+03
	993	544	248.250000	46.000000	1.009588e+03
	971	545	242.750000	46.250000	1.011066e+03
	957	546	239.250000	46.500000	1.009258e+03
	962	546	240.500000	46.500000	1.009551e+03
	986	548	246.500000	47.000000	1.010291e+03
	947	551	236.750000	47.750000	1.015631e+03
	967	552	241.750000	48.000000	1.009526e+03
	960	553	240.000000	48.250000	1.009326e+03
	991	553	247.750000	48.250000	1.007116e+03
	982	554	245.500000	48.500000	1.008666e+03
	794	555	198.500000	48.750000	1.001376e+03
	968	555	242.000000	48.750000	1.008601e+03
	944	556	236.000000	49.000000	1.016328e+03
	962	556	240.500000	49.000000	1.009436e+03
	938	558	234.500000	49.500000	1.016688e+03
	970	558	242.500000	49.500000	1.008306e+03
	976	561	244.000000	50.250000	1.005883e+03
	930	562	232.500000	50.500000	1.020321e+03
	958	562	239.500000	50.500000	1.008356e+03
	970	562	242.500000	50.500000	1.007793e+03
	990	562	247.500000	50.500000	1.003121e+03
	985	563	246.250000	50.750000	1.002948e+03
	955	564	238.750000	51.000000	1.007891e+03
	963	564	240.750000	51.000000	1.007541e+03
	952	566	238.000000	51.500000	1.007843e+03
	989	567	247.250000	51.750000	1.002061e+03
	960	568	240.000000	52.000000	1.008646e+03
	978	568	244.500000	52.000000	1.004426e+03
	992	568	248.000000	52.000000	1.002076e+03
	949	570	237.250000	52.500000	1.010638e+03
	976	570	244.000000	52.500000	1.004678e+03
	963	571	240.750000	52.750000	1.008531e+03
	986	571	246.500000	52.750000	1.005378e+03
	972	574	243.000000	53.500000	1.004451e+03
	911	576	227.750000	54.000000	1.017143e+03
	979	576	244.750000	54.000000	1.005181e+03
	950	577	237.500000	54.250000	1.009553e+03
	784	579	196.000000	54.750000	1.016088e+03
	970	580	242.500000	55.000000	1.004911e+03
	981	580	245.250000	55.000000	1.004073e+03
	790	581	197.500000	55.250000	1.016216e+03
	781	582	195.250000	55.500000	1.016381e+03
	794	582	198.500000	55.500000	1.016281e+03
	910	582	227.500000	55.500000	1.015968e+03
	946	582	236.500000	55.500000	1.008561e+03
	964	583	241.000000	55.750000	1.004656e+03
	810	584	202.500000	56.000000	1.016833e+03
	943	584	235.750000	56.000000	1.008481e+03
	963	587	240.750000	56.750000	1.003568e+03
	984	587	246.000000	56.750000	1.002633e+03
	906	588	226.500000	57.000000	1.015193e+03
	956	588	239.000000	57.000000	1.003623e+03
	977	588	244.250000	57.000000	1.002431e+03
	748	589	187.000000	57.250000	1.014541e+03
	812	589	203.000000	57.250000	1.016516e+03
	938	589	234.500000	57.250000	1.007446e+03
	970	589	242.500000	57.250000	1.002488e+03
	900	590	225.000000	57.500000	1.014541e+03
	950	590	237.500000	57.500000	1.004451e+03
	828	591	207.000000	57.750000	1.015471e+03
	936	591	234.000000	57.750000	1.007596e+03
	820	592	205.000000	58.000000	1.015528e+03
	928	592	232.000000	58.000000	1.009603e+03
	992	592	248.000000	58.000000	1.001218e+03
	830	593	207.500000	58.250000	1.015583e+03
	984	593	246.000000	58.250000	1.001506e+03
	996	593	249.000000	58.250000	1.001388e+03
	826	594	206.500000	58.500000	1.015691e+03
	890	594	222.500000	58.500000	1.014786e+03
	894	594	223.500000	58.500000	1.014831e+03
	920	595	230.000000	58.750000	1.009666e+03
	738	596	184.500000	59.000000	1.014671e+03
	892	596	223.000000	59.000000	1.014548e+03
	945	596	236.250000	59.000000	1.004628e+03
	690	597	172.500000	59.250000	1.016853e+03
	720	597	180.000000	59.250000	1.015048e+03
	883	598	220.750000	59.500000	1.014473e+03
	943	598	235.750000	59.500000	1.004396e+03
	983	598	245.750000	59.500000	1.000543e+03
	996	598	249.000000	59.500000	1.001118e+03
	841	599	210.250000	59.750000	1.013661e+03
	845	599	211.250000	59.750000	1.013776e+03
	868	599	217.000000	59.750000	1.014256e+03
	979	599	244.750000	59.750000	1.000818e+03
	836	600	209.000000	60.000000	1.013671e+03
	872	600	218.000000	60.000000	1.014316e+03
	940	600	235.000000	60.000000	1.003796e+03
	975	600	243.750000	60.000000	1.000606e+03
