2015	5	19	175	15
	815	440	203.750000	20.000000	1.018590e+03
	820	441	205.000000	20.250000	1.020172e+03
	821	443	205.250000	20.750000	1.020280e+03
	817	444	204.250000	21.000000	1.020218e+03
	913	464	228.250000	26.000000	1.022032e+03
	917	464	229.250000	26.000000	1.022037e+03
	919	465	229.750000	26.250000	1.022040e+03
	696	469	174.000000	27.250000	1.020888e+03
	928	470	232.000000	27.500000	1.022097e+03
	667	471	166.750000	27.750000	1.020750e+03
	665	472	166.250000	28.000000	1.020755e+03
	675	472	168.750000	28.000000	1.020682e+03
	678	472	169.500000	28.000000	1.020675e+03
	909	472	227.250000	28.000000	1.022367e+03
	930	472	232.500000	28.000000	1.022085e+03
	937	473	234.250000	28.250000	1.021943e+03
	691	474	172.750000	28.500000	1.020607e+03
	911	474	227.750000	28.500000	1.022325e+03
	693	475	173.250000	28.750000	1.020575e+03
	694	475	173.500000	28.750000	1.020575e+03
	988	475	247.000000	28.750000	1.014470e+03
	696	476	174.000000	29.000000	1.020568e+03
	736	476	184.000000	29.000000	1.020597e+03
	934	476	233.500000	29.000000	1.022005e+03
	994	476	248.500000	29.000000	1.014250e+03
	699	477	174.750000	29.250000	1.020513e+03
	934	477	233.500000	29.250000	1.022005e+03
	997	477	249.250000	29.250000	1.014315e+03
	701	478	175.250000	29.500000	1.020475e+03
	704	479	176.000000	29.750000	1.020372e+03
	910	479	227.500000	29.750000	1.022290e+03
	935	479	233.750000	29.750000	1.022015e+03
	945	479	236.250000	29.750000	1.022028e+03
	936	480	234.000000	30.000000	1.022015e+03
	708	481	177.000000	30.250000	1.020278e+03
	919	483	229.750000	30.750000	1.021860e+03
	937	483	234.250000	30.750000	1.022030e+03
	938	483	234.500000	30.750000	1.022030e+03
	986	483	246.500000	30.750000	1.013665e+03
	921	486	230.250000	31.500000	1.021977e+03
	915	488	228.750000	32.000000	1.021980e+03
	996	488	249.000000	32.000000	1.015143e+03
	926	489	231.500000	32.250000	1.021747e+03
	927	489	231.750000	32.250000	1.021747e+03
	916	490	229.000000	32.500000	1.021968e+03
	918	492	229.500000	33.000000	1.021963e+03
	970	492	242.500000	33.000000	1.018427e+03
	739	493	184.750000	33.250000	1.016745e+03
	998	493	249.500000	33.250000	1.015100e+03
	983	496	245.750000	34.000000	1.012945e+03
	962	498	240.500000	34.500000	1.017508e+03
	970	499	242.500000	34.750000	1.015945e+03
	996	500	249.000000	35.000000	1.015222e+03
	994	503	248.500000	35.750000	1.014990e+03
	983	504	245.750000	36.000000	1.013595e+03
	960	505	240.000000	36.250000	1.018150e+03
	973	505	243.250000	36.250000	1.012245e+03
	964	508	241.000000	37.000000	1.017057e+03
	961	510	240.250000	37.500000	1.017133e+03
	997	510	249.250000	37.500000	1.013710e+03
	983	511	245.750000	37.750000	1.014540e+03
	986	511	246.500000	37.750000	1.014535e+03
	960	514	240.000000	38.500000	1.017140e+03
	967	514	241.750000	38.500000	1.015802e+03
	1000	515	250.000000	38.750000	1.012625e+03
	966	516	241.500000	39.000000	1.015745e+03
	989	517	247.250000	39.250000	1.013188e+03
	952	518	238.000000	39.500000	1.017378e+03
	955	518	238.750000	39.500000	1.017633e+03
	972	518	243.000000	39.500000	1.014795e+03
	976	518	244.000000	39.500000	1.014953e+03
	951	520	237.750000	40.000000	1.017388e+03
	969	520	242.250000	40.000000	1.014528e+03
	987	520	246.750000	40.000000	1.013258e+03
	867	523	216.750000	40.750000	1.023010e+03
	907	523	226.750000	40.750000	1.025510e+03
	982	523	245.500000	40.750000	1.013405e+03
	972	524	243.000000	41.000000	1.013930e+03
	976	524	244.000000	41.000000	1.014200e+03
	990	524	247.500000	41.000000	1.013110e+03
	999	524	249.750000	41.000000	1.013883e+03
	903	525	225.750000	41.250000	1.025500e+03
	949	525	237.250000	41.250000	1.017590e+03
	968	527	242.000000	41.750000	1.014302e+03
	996	528	249.000000	42.000000	1.014552e+03
	899	529	224.750000	42.250000	1.025370e+03
	982	531	245.500000	42.750000	1.012845e+03
	969	532	242.250000	43.000000	1.014153e+03
	976	533	244.000000	43.250000	1.013425e+03
	894	534	223.500000	43.500000	1.025182e+03
	993	534	248.250000	43.500000	1.014140e+03
	999	536	249.750000	44.000000	1.015755e+03
	973	537	243.250000	44.250000	1.013315e+03
	983	538	245.750000	44.500000	1.015365e+03
	959	539	239.750000	44.750000	1.016390e+03
	948	541	237.000000	45.250000	1.019997e+03
	958	541	239.500000	45.250000	1.016355e+03
	962	544	240.500000	46.000000	1.014820e+03
	970	544	242.500000	46.000000	1.015125e+03
	977	544	244.250000	46.000000	1.014987e+03
	994	544	248.500000	46.000000	1.022110e+03
	966	545	241.500000	46.250000	1.014622e+03
	738	551	184.500000	47.750000	9.895350e+02
	947	551	236.750000	47.750000	1.018940e+03
	1000	553	250.000000	48.250000	1.025955e+03
	946	555	236.500000	48.750000	1.018302e+03
	992	555	248.000000	48.750000	1.026385e+03
	987	557	246.750000	49.250000	1.026172e+03
	951	558	237.750000	49.500000	1.018718e+03
	996	558	249.000000	49.500000	1.027167e+03
	853	559	213.250000	49.750000	1.017915e+03
	934	560	233.500000	50.000000	1.019307e+03
	965	561	241.250000	50.250000	1.018128e+03
	976	563	244.000000	50.750000	1.022255e+03
	937	564	234.250000	51.000000	1.019280e+03
	948	564	237.000000	51.000000	1.020287e+03
	837	565	209.250000	51.250000	1.018630e+03
	995	566	248.750000	51.500000	1.028000e+03
	835	567	208.750000	51.750000	1.018615e+03
	928	568	232.000000	52.000000	1.020785e+03
	975	568	243.750000	52.000000	1.020960e+03
	772	569	193.000000	52.250000	9.994400e+02
	769	570	192.250000	52.500000	9.994875e+02
	929	571	232.250000	52.750000	1.020480e+03
	934	571	233.500000	52.750000	1.021055e+03
	955	571	238.750000	52.750000	1.019260e+03
	956	571	239.000000	52.750000	1.019260e+03
	922	573	230.500000	53.250000	1.020867e+03
	927	573	231.750000	53.250000	1.020095e+03
	936	574	234.000000	53.500000	1.022323e+03
	945	574	236.250000	53.500000	1.020607e+03
	952	574	238.000000	53.500000	1.019628e+03
	963	574	240.750000	53.500000	1.020258e+03
	922	577	230.500000	54.250000	1.020818e+03
	921	579	230.250000	54.750000	1.020815e+03
	947	579	236.750000	54.750000	1.019782e+03
	951	579	237.750000	54.750000	1.019703e+03
	929	580	232.250000	55.000000	1.021425e+03
	943	580	235.750000	55.000000	1.019927e+03
	975	580	243.750000	55.000000	1.023290e+03
	920	581	230.000000	55.250000	1.020888e+03
	919	583	229.750000	55.750000	1.020870e+03
	929	583	232.250000	55.750000	1.020975e+03
	936	584	234.000000	56.000000	1.020820e+03
	995	585	248.750000	56.250000	1.026002e+03
	911	586	227.750000	56.500000	1.021193e+03
	942	586	235.500000	56.500000	1.020948e+03
	959	587	239.750000	56.750000	1.022740e+03
	902	588	225.500000	57.000000	1.021542e+03
	910	588	227.500000	57.000000	1.021062e+03
	973	588	243.250000	57.000000	1.024355e+03
	908	590	227.000000	57.500000	1.020977e+03
	924	591	231.000000	57.750000	1.020568e+03
	938	591	234.500000	57.750000	1.021078e+03
	906	592	226.500000	58.000000	1.020938e+03
	960	592	240.000000	58.000000	1.021980e+03
	976	592	244.000000	58.000000	1.024075e+03
	991	593	247.750000	58.250000	1.024065e+03
	915	594	228.750000	58.500000	1.020445e+03
	944	594	236.000000	58.500000	1.020083e+03
	892	596	223.000000	59.000000	1.021215e+03
	897	596	224.250000	59.000000	1.021545e+03
	904	596	226.000000	59.000000	1.020758e+03
	926	597	231.500000	59.250000	1.018970e+03
	932	597	233.000000	59.250000	1.019367e+03
	972	597	243.000000	59.250000	1.023422e+03
	838	598	209.500000	59.500000	1.023657e+03
	902	598	225.500000	59.500000	1.020765e+03
	845	599	211.250000	59.750000	1.023768e+03
	917	599	229.250000	59.750000	1.019578e+03
	947	599	236.750000	59.750000	1.020807e+03
	960	599	240.000000	59.750000	1.022300e+03
	994	599	248.500000	59.750000	1.022653e+03
	691	600	172.750000	60.000000	1.004560e+03
	836	600	209.000000	60.000000	1.023032e+03
