2015	6	15	163	12
	814	438	203.500000	19.500000	1.012771e+03
	962	438	240.500000	19.500000	1.010306e+03
	812	439	203.000000	19.750000	1.012814e+03
	822	439	205.500000	19.750000	1.013061e+03
	810	440	202.500000	20.000000	1.012841e+03
	815	440	203.750000	20.000000	1.012599e+03
	805	441	201.250000	20.250000	1.012941e+03
	808	441	202.000000	20.250000	1.013051e+03
	819	441	204.750000	20.250000	1.013064e+03
	821	443	205.250000	20.750000	1.013316e+03
	814	445	203.500000	21.250000	1.013476e+03
	800	447	200.000000	21.750000	1.013504e+03
	997	455	249.250000	23.750000	1.008434e+03
	996	464	249.000000	26.000000	1.006624e+03
	733	465	183.250000	26.250000	1.015719e+03
	734	465	183.500000	26.250000	1.015719e+03
	990	465	247.500000	26.250000	1.008511e+03
	705	470	176.250000	27.500000	1.016121e+03
	984	470	246.000000	27.500000	1.009161e+03
	992	470	248.000000	27.500000	1.006391e+03
	995	470	248.750000	27.500000	1.006434e+03
	997	471	249.250000	27.750000	1.006359e+03
	988	475	247.000000	28.750000	1.005801e+03
	752	477	188.000000	29.250000	1.014916e+03
	984	480	246.000000	30.000000	1.004619e+03
	831	481	207.750000	30.250000	1.016434e+03
	982	482	245.500000	30.500000	1.004141e+03
	756	484	189.000000	31.000000	1.014176e+03
	759	484	189.750000	31.000000	1.014174e+03
	975	485	243.750000	31.250000	1.008096e+03
	981	485	245.250000	31.250000	1.004046e+03
	1000	487	250.000000	31.750000	1.008001e+03
	974	488	243.500000	32.000000	1.008379e+03
	979	488	244.750000	32.000000	1.003661e+03
	755	489	188.750000	32.250000	1.013731e+03
	995	489	248.750000	32.250000	1.006814e+03
	726	491	181.500000	32.750000	1.012464e+03
	978	491	244.500000	32.750000	1.003756e+03
	984	491	246.000000	32.750000	1.004689e+03
	693	492	173.250000	33.000000	1.012619e+03
	988	492	247.000000	33.000000	1.004904e+03
	808	493	202.000000	33.250000	1.017144e+03
	969	493	242.250000	33.250000	1.009361e+03
	992	493	248.000000	33.250000	1.005521e+03
	985	494	246.250000	33.500000	1.005321e+03
	979	497	244.750000	34.250000	1.004049e+03
	1000	498	250.000000	34.500000	1.011701e+03
	982	499	245.500000	34.750000	1.004681e+03
	969	500	242.250000	35.000000	1.006724e+03
	976	500	244.000000	35.000000	1.004616e+03
	963	501	240.750000	35.250000	1.007431e+03
	995	502	248.750000	35.500000	1.011469e+03
	975	503	243.750000	35.750000	1.004141e+03
	828	504	207.000000	36.000000	1.015306e+03
	990	504	247.500000	36.000000	1.010756e+03
	782	505	195.500000	36.250000	1.015566e+03
	982	505	245.500000	36.250000	1.004199e+03
	994	505	248.500000	36.250000	1.011791e+03
	787	506	196.750000	36.500000	1.015419e+03
	960	506	240.000000	36.500000	1.006666e+03
	972	506	243.000000	36.500000	1.002744e+03
	748	507	187.000000	36.750000	1.008776e+03
	784	507	196.000000	36.750000	1.015411e+03
	961	508	240.250000	37.000000	1.006719e+03
	978	508	244.500000	37.000000	1.006264e+03
	994	508	248.500000	37.000000	1.010889e+03
	959	510	239.750000	37.500000	1.007391e+03
	997	510	249.250000	37.500000	1.011021e+03
	985	511	246.250000	37.750000	1.010066e+03
	827	512	206.750000	38.000000	1.014816e+03
	954	512	238.500000	38.000000	1.008721e+03
	1000	513	250.000000	38.250000	1.011041e+03
	977	514	244.250000	38.500000	1.007416e+03
	997	514	249.250000	38.500000	1.011549e+03
	987	515	246.750000	38.750000	1.010186e+03
	949	516	237.250000	39.000000	1.007784e+03
	956	516	239.000000	39.000000	1.008096e+03
	967	516	241.750000	39.000000	1.008866e+03
	820	517	205.000000	39.250000	1.014874e+03
	989	517	247.250000	39.250000	1.009946e+03
	952	519	238.000000	39.750000	1.007759e+03
	966	519	241.500000	39.750000	1.008334e+03
	815	520	203.750000	40.000000	1.014949e+03
	969	520	242.250000	40.000000	1.008464e+03
	946	521	236.500000	40.250000	1.009024e+03
	747	522	186.750000	40.500000	1.008961e+03
	985	522	246.250000	40.500000	1.008584e+03
	972	523	243.000000	40.750000	1.007899e+03
	746	524	186.500000	41.000000	1.009001e+03
	965	524	241.250000	41.000000	1.008349e+03
	980	524	245.000000	41.000000	1.010124e+03
	990	524	247.500000	41.000000	1.008581e+03
	1000	524	250.000000	41.000000	1.015129e+03
	954	525	238.500000	41.250000	1.010386e+03
	961	528	240.250000	42.000000	1.010301e+03
	973	529	243.250000	42.250000	1.010401e+03
	960	530	240.000000	42.500000	1.010126e+03
	963	531	240.750000	42.750000	1.010296e+03
	971	531	242.750000	42.750000	1.010391e+03
	977	532	244.250000	43.000000	1.009344e+03
	984	532	246.000000	43.000000	1.009401e+03
	739	533	184.750000	43.250000	1.009944e+03
	976	533	244.000000	43.250000	1.009344e+03
	992	533	248.000000	43.250000	1.011604e+03
	968	535	242.000000	43.750000	1.010956e+03
	975	535	243.750000	43.750000	1.009404e+03
	951	537	237.750000	44.250000	1.011396e+03
	957	537	239.250000	44.250000	1.012454e+03
	956	540	239.000000	45.000000	1.012504e+03
	961	543	240.250000	45.750000	1.012009e+03
	723	544	180.750000	46.000000	1.005151e+03
	975	544	243.750000	46.000000	1.013386e+03
	994	544	248.500000	46.000000	1.020344e+03
	966	545	241.500000	46.250000	1.011889e+03
	949	549	237.250000	47.250000	1.013294e+03
	661	552	165.250000	48.000000	1.018924e+03
	662	552	165.500000	48.000000	1.018924e+03
	937	557	234.250000	49.250000	1.013966e+03
	946	557	236.500000	49.250000	1.013461e+03
	997	557	249.250000	49.250000	1.026099e+03
	990	562	247.500000	50.500000	1.026059e+03
	997	562	249.250000	50.500000	1.026039e+03
	955	564	238.750000	51.000000	1.017834e+03
	956	564	239.000000	51.000000	1.017834e+03
	980	564	245.000000	51.000000	1.025816e+03
	992	564	248.000000	51.000000	1.026086e+03
	932	566	233.000000	51.500000	1.015276e+03
	947	566	236.750000	51.500000	1.018056e+03
	880	567	220.000000	51.750000	1.017661e+03
	953	569	238.250000	52.250000	1.018176e+03
	978	569	244.500000	52.250000	1.025076e+03
	927	571	231.750000	52.750000	1.015784e+03
	972	572	243.000000	53.000000	1.024991e+03
	771	574	192.750000	53.500000	1.030624e+03
	923	574	230.750000	53.500000	1.015936e+03
	937	576	234.250000	54.000000	1.020954e+03
	917	579	229.250000	54.750000	1.016009e+03
	964	579	241.000000	54.750000	1.024111e+03
	969	579	242.250000	54.750000	1.024089e+03
	906	582	226.500000	55.500000	1.016059e+03
	987	582	246.750000	55.500000	1.022064e+03
	988	582	247.000000	55.500000	1.022064e+03
	948	585	237.000000	56.250000	1.024676e+03
	953	585	238.250000	56.250000	1.024201e+03
	957	586	239.250000	56.500000	1.024364e+03
	826	588	206.500000	57.000000	1.024381e+03
	914	592	228.500000	58.000000	1.021379e+03
	918	593	229.500000	58.250000	1.021401e+03
	927	593	231.750000	58.250000	1.022039e+03
	980	593	245.000000	58.250000	1.024056e+03
	826	594	206.500000	58.500000	1.024039e+03
	941	594	235.250000	58.500000	1.023334e+03
	985	595	246.250000	58.750000	1.024159e+03
	947	596	236.750000	59.000000	1.023181e+03
	835	597	208.750000	59.250000	1.023169e+03
	926	597	231.500000	59.250000	1.022226e+03
	818	598	204.500000	59.500000	1.024844e+03
	850	599	212.500000	59.750000	1.022209e+03
	858	599	214.500000	59.750000	1.021839e+03
	877	599	219.250000	59.750000	1.020531e+03
	871	600	217.750000	60.000000	1.021101e+03
	904	600	226.000000	60.000000	1.023781e+03
	905	600	226.250000	60.000000	1.023781e+03
