2014	10	31	165	15
	676	429	169.000000	17.250000	1.010851e+03
	675	431	168.750000	17.750000	1.010853e+03
	689	433	172.250000	18.250000	1.010901e+03
	672	434	168.000000	18.500000	1.011098e+03
	815	436	203.750000	19.000000	1.014723e+03
	676	437	169.000000	19.250000	1.011058e+03
	685	438	171.250000	19.500000	1.012033e+03
	692	439	173.000000	19.750000	1.011273e+03
	815	440	203.750000	20.000000	1.014163e+03
	820	441	205.000000	20.250000	1.016043e+03
	675	442	168.750000	20.500000	1.011123e+03
	817	442	204.250000	20.500000	1.015553e+03
	676	444	169.000000	21.000000	1.011126e+03
	688	449	172.000000	22.250000	1.012361e+03
	693	452	173.250000	23.000000	1.013251e+03
	699	453	174.750000	23.250000	1.013758e+03
	997	455	249.250000	23.750000	1.012816e+03
	995	456	248.750000	24.000000	1.012933e+03
	698	459	174.500000	24.750000	1.013188e+03
	697	463	174.250000	25.750000	1.013503e+03
	714	463	178.500000	25.750000	1.014233e+03
	996	464	249.000000	26.000000	1.011888e+03
	990	465	247.500000	26.250000	1.013283e+03
	708	466	177.000000	26.500000	1.014208e+03
	984	471	246.000000	27.750000	1.014238e+03
	997	471	249.250000	27.750000	1.011638e+03
	992	474	248.000000	28.500000	1.011913e+03
	993	474	248.250000	28.500000	1.011913e+03
	720	477	180.000000	29.250000	1.013651e+03
	997	477	249.250000	29.250000	1.012176e+03
	977	478	244.250000	29.500000	1.014701e+03
	988	479	247.000000	29.750000	1.011763e+03
	983	485	245.750000	31.250000	1.011201e+03
	991	488	247.750000	32.000000	1.012431e+03
	967	490	241.750000	32.500000	1.013801e+03
	980	491	245.000000	32.750000	1.011316e+03
	984	491	246.000000	32.750000	1.011473e+03
	832	492	208.000000	33.000000	1.028661e+03
	988	492	247.000000	33.000000	1.011668e+03
	993	493	248.250000	33.250000	1.011923e+03
	965	494	241.250000	33.500000	1.013883e+03
	970	496	242.500000	34.000000	1.014253e+03
	980	496	245.000000	34.000000	1.011018e+03
	1000	497	250.000000	34.250000	1.017876e+03
	970	499	242.500000	34.750000	1.013041e+03
	981	499	245.250000	34.750000	1.011186e+03
	996	499	249.000000	34.750000	1.017211e+03
	976	500	244.000000	35.000000	1.011671e+03
	996	504	249.000000	36.000000	1.017671e+03
	740	505	185.000000	36.250000	1.006743e+03
	960	505	240.000000	36.250000	1.011338e+03
	982	505	245.500000	36.250000	1.011008e+03
	972	506	243.000000	36.500000	1.009781e+03
	959	507	239.750000	36.750000	1.011298e+03
	981	507	245.250000	36.750000	1.011416e+03
	948	508	237.000000	37.000000	1.010813e+03
	996	508	249.000000	37.000000	1.017233e+03
	960	509	240.000000	37.250000	1.011213e+03
	968	509	242.000000	37.250000	1.011101e+03
	955	511	238.750000	37.750000	1.010753e+03
	980	511	245.000000	37.750000	1.012203e+03
	985	511	246.250000	37.750000	1.013658e+03
	950	512	237.500000	38.000000	1.010773e+03
	998	512	249.500000	38.000000	1.018118e+03
	956	514	239.000000	38.500000	1.010561e+03
	977	514	244.250000	38.500000	1.011691e+03
	945	515	236.250000	38.750000	1.011058e+03
	989	515	247.250000	38.750000	1.013008e+03
	966	518	241.500000	39.500000	1.007966e+03
	1000	518	250.000000	39.500000	1.018103e+03
	991	519	247.750000	39.750000	1.012958e+03
	750	520	187.500000	40.000000	1.015198e+03
	942	520	235.500000	40.000000	1.010936e+03
	964	520	241.000000	40.000000	1.008163e+03
	969	520	242.250000	40.000000	1.007783e+03
	984	520	246.000000	40.000000	1.010971e+03
	998	520	249.500000	40.000000	1.018591e+03
	950	521	237.500000	40.250000	1.009088e+03
	972	523	243.000000	40.750000	1.007608e+03
	988	523	247.000000	40.750000	1.010841e+03
	955	524	238.750000	41.000000	1.008396e+03
	1000	524	250.000000	41.000000	1.016578e+03
	958	526	239.500000	41.500000	1.008123e+03
	973	527	243.250000	41.750000	1.007751e+03
	955	528	238.750000	42.000000	1.008368e+03
	755	529	188.750000	42.250000	1.015891e+03
	947	530	236.750000	42.500000	1.010461e+03
	969	530	242.250000	42.500000	1.006973e+03
	977	530	244.250000	42.500000	1.007213e+03
	957	532	239.250000	43.000000	1.006363e+03
	965	533	241.250000	43.250000	1.006348e+03
	992	533	248.000000	43.250000	1.011546e+03
	972	534	243.000000	43.500000	1.006738e+03
	975	535	243.750000	43.750000	1.007133e+03
	992	537	248.000000	44.250000	1.013153e+03
	957	539	239.250000	44.750000	1.004276e+03
	962	542	240.500000	45.500000	1.004168e+03
	972	542	243.000000	45.500000	1.005603e+03
	995	542	248.750000	45.500000	1.011103e+03
	1000	542	250.000000	45.500000	1.011668e+03
	956	543	239.000000	45.750000	1.004763e+03
	976	543	244.000000	45.750000	1.005041e+03
	992	543	248.000000	45.750000	1.011673e+03
	986	545	246.500000	46.250000	1.007196e+03
	954	546	238.500000	46.500000	1.004183e+03
	990	546	247.500000	46.500000	1.009498e+03
	979	548	244.750000	47.000000	1.004248e+03
	965	549	241.250000	47.250000	1.005726e+03
	954	550	238.500000	47.500000	1.004798e+03
	997	550	249.250000	47.500000	1.007293e+03
	915	551	228.750000	47.750000	1.003603e+03
	976	552	244.000000	48.000000	1.005791e+03
	980	552	245.000000	48.000000	1.006041e+03
	955	553	238.750000	48.250000	1.004286e+03
	1000	553	250.000000	48.250000	1.009433e+03
	963	555	240.750000	48.750000	1.005591e+03
	958	556	239.500000	49.000000	1.004823e+03
	972	556	243.000000	49.000000	1.005783e+03
	977	556	244.250000	49.000000	1.005391e+03
	955	557	238.750000	49.250000	1.005016e+03
	985	557	246.250000	49.250000	1.003301e+03
	944	558	236.000000	49.500000	1.006086e+03
	939	559	234.750000	49.750000	1.006526e+03
	965	560	241.250000	50.000000	1.004611e+03
	998	560	249.500000	50.000000	1.007311e+03
	960	562	240.000000	50.500000	1.004543e+03
	974	562	243.500000	50.500000	1.003726e+03
	955	563	238.750000	50.750000	1.004493e+03
	982	563	245.500000	50.750000	1.000723e+03
	972	565	243.000000	51.250000	1.004786e+03
	949	566	237.250000	51.500000	1.004458e+03
	955	566	238.750000	51.500000	1.004128e+03
	968	566	242.000000	51.500000	1.004503e+03
	953	569	238.250000	52.250000	1.004051e+03
	979	569	244.750000	52.250000	9.988406e+02
	960	570	240.000000	52.500000	1.004993e+03
	942	571	235.500000	52.750000	1.005903e+03
	977	571	244.250000	52.750000	9.991006e+02
	935	572	233.750000	53.000000	1.007231e+03
	921	573	230.250000	53.250000	1.005566e+03
	967	574	241.750000	53.500000	1.001611e+03
	972	575	243.000000	53.750000	1.000366e+03
	930	576	232.500000	54.000000	1.006883e+03
	945	577	236.250000	54.250000	1.005221e+03
	977	579	244.250000	54.750000	1.000988e+03
	939	580	234.750000	55.000000	1.004536e+03
	962	583	240.500000	55.750000	1.002518e+03
	807	584	201.750000	56.000000	9.810731e+02
	762	585	190.500000	56.250000	9.675781e+02
	669	588	167.250000	57.000000	9.918006e+02
	876	590	219.000000	57.500000	9.948531e+02
	662	591	165.500000	57.750000	9.918181e+02
	878	592	219.500000	58.000000	9.946456e+02
	926	592	231.500000	58.000000	1.001356e+03
	879	594	219.750000	58.500000	9.945457e+02
	945	594	236.250000	58.500000	9.957631e+02
	875	597	218.750000	59.250000	9.941956e+02
	843	598	210.750000	59.500000	9.888681e+02
	827	599	206.750000	59.750000	9.898506e+02
	874	599	218.500000	59.750000	9.940906e+02
	928	599	232.000000	59.750000	9.982281e+02
	954	599	238.500000	59.750000	9.965381e+02
	977	599	244.250000	59.750000	9.995806e+02
	823	600	205.750000	60.000000	9.895281e+02
	941	600	235.250000	60.000000	9.970131e+02
