2015	1	21	147	21
	928	420	232.000000	15.000000	1.013458e+03
	946	421	236.500000	15.250000	1.013788e+03
	909	425	227.250000	16.250000	1.013738e+03
	950	425	237.500000	16.250000	1.013643e+03
	714	426	178.500000	16.500000	1.015761e+03
	964	426	241.000000	16.500000	1.013018e+03
	992	426	248.000000	16.500000	1.011943e+03
	707	428	176.750000	17.000000	1.015893e+03
	777	429	194.250000	17.250000	1.014443e+03
	778	429	194.500000	17.250000	1.014443e+03
	937	429	234.250000	17.250000	1.014118e+03
	711	430	177.750000	17.500000	1.015903e+03
	719	430	179.750000	17.500000	1.015646e+03
	778	430	194.500000	17.500000	1.014443e+03
	779	430	194.750000	17.500000	1.014443e+03
	676	431	169.000000	17.750000	1.016493e+03
	679	431	169.750000	17.750000	1.016508e+03
	995	431	248.750000	17.750000	1.012123e+03
	747	433	186.750000	18.250000	1.014928e+03
	815	433	203.750000	18.250000	1.015318e+03
	997	434	249.250000	18.500000	1.012148e+03
	716	435	179.000000	18.750000	1.015736e+03
	781	435	195.250000	18.750000	1.014371e+03
	782	435	195.500000	18.750000	1.014371e+03
	764	436	191.000000	19.000000	1.014868e+03
	785	436	196.250000	19.000000	1.014408e+03
	998	436	249.500000	19.000000	1.012146e+03
	812	439	203.000000	19.750000	1.015346e+03
	815	440	203.750000	20.000000	1.015116e+03
	821	440	205.250000	20.000000	1.015996e+03
	813	442	203.250000	20.500000	1.015333e+03
	818	442	204.500000	20.500000	1.015391e+03
	810	445	202.500000	21.250000	1.015443e+03
	802	446	200.500000	21.500000	1.015206e+03
	971	452	242.750000	23.000000	1.015393e+03
	997	462	249.250000	25.500000	1.011461e+03
	1000	463	250.000000	25.750000	1.011601e+03
	990	466	247.500000	26.500000	1.012146e+03
	989	471	247.250000	27.750000	1.012838e+03
	987	474	246.750000	28.500000	1.012786e+03
	983	477	245.750000	29.250000	1.013243e+03
	980	479	245.000000	29.750000	1.013148e+03
	996	480	249.000000	30.000000	1.010831e+03
	979	483	244.750000	30.750000	1.013326e+03
	976	486	244.000000	31.500000	1.013503e+03
	1000	487	250.000000	31.750000	1.008593e+03
	974	489	243.500000	32.250000	1.013968e+03
	995	489	248.750000	32.250000	1.010183e+03
	973	493	243.250000	33.250000	1.014511e+03
	882	494	220.500000	33.500000	1.020363e+03
	977	494	244.250000	33.500000	1.014161e+03
	993	494	248.250000	33.500000	1.010338e+03
	886	496	221.500000	34.000000	1.020636e+03
	969	496	242.250000	34.000000	1.015238e+03
	889	498	222.250000	34.500000	1.020666e+03
	962	498	240.500000	34.500000	1.016298e+03
	992	500	248.000000	35.000000	1.012936e+03
	966	501	241.500000	35.250000	1.017896e+03
	999	501	249.750000	35.250000	1.014366e+03
	954	504	238.500000	36.000000	1.018151e+03
	966	504	241.500000	36.000000	1.017436e+03
	976	504	244.000000	36.000000	1.017758e+03
	965	507	241.250000	36.750000	1.017916e+03
	908	509	227.000000	37.250000	1.022816e+03
	967	509	241.750000	37.250000	1.020966e+03
	993	509	248.250000	37.250000	1.017883e+03
	961	511	240.250000	37.750000	1.018003e+03
	994	511	248.500000	37.750000	1.018446e+03
	944	512	236.000000	38.000000	1.020921e+03
	911	513	227.750000	38.250000	1.023098e+03
	959	513	239.750000	38.250000	1.017823e+03
	912	516	228.000000	39.000000	1.023216e+03
	956	517	239.000000	39.250000	1.018553e+03
	989	517	247.250000	39.250000	1.028221e+03
	948	518	237.000000	39.500000	1.019296e+03
	997	518	249.250000	39.500000	1.024398e+03
	990	519	247.500000	39.750000	1.028481e+03
	946	520	236.500000	40.000000	1.019393e+03
	967	521	241.750000	40.250000	1.028838e+03
	997	521	249.250000	40.250000	1.025908e+03
	974	524	243.500000	41.000000	1.030051e+03
	994	524	248.500000	41.000000	1.030008e+03
	945	526	236.250000	41.500000	1.020631e+03
	987	526	246.750000	41.500000	1.031603e+03
	962	527	240.500000	41.750000	1.027436e+03
	969	527	242.250000	41.750000	1.029331e+03
	994	527	248.500000	41.750000	1.031513e+03
	977	528	244.250000	42.000000	1.031246e+03
	948	529	237.000000	42.250000	1.022673e+03
	997	529	249.250000	42.250000	1.030486e+03
	956	530	239.000000	42.500000	1.024061e+03
	981	530	245.250000	42.500000	1.032208e+03
	985	531	246.250000	42.750000	1.032141e+03
	964	532	241.000000	43.000000	1.030103e+03
	999	532	249.750000	43.000000	1.030748e+03
	949	533	237.250000	43.250000	1.022143e+03
	990	533	247.500000	43.250000	1.032283e+03
	981	536	245.250000	44.000000	1.028203e+03
	997	536	249.250000	44.000000	1.032033e+03
	951	537	237.750000	44.250000	1.022578e+03
	957	538	239.250000	44.500000	1.026381e+03
	979	538	244.750000	44.500000	1.028638e+03
	990	538	247.500000	44.500000	1.032228e+03
	964	540	241.000000	45.000000	1.026646e+03
	978	540	244.500000	45.000000	1.028611e+03
	996	542	249.000000	45.500000	1.030026e+03
	970	543	242.500000	45.750000	1.027708e+03
	977	543	244.250000	45.750000	1.028726e+03
	949	544	237.250000	46.000000	1.024623e+03
	756	545	189.000000	46.250000	9.682031e+02
	987	545	246.750000	46.250000	1.029246e+03
	797	546	199.250000	46.500000	9.631206e+02
	982	546	245.500000	46.500000	1.029268e+03
	952	547	238.000000	46.750000	1.024198e+03
	971	548	242.750000	47.000000	1.029501e+03
	998	550	249.500000	47.500000	1.024838e+03
	949	554	237.250000	48.500000	1.025071e+03
	955	554	238.750000	48.500000	1.024323e+03
	781	555	195.250000	48.750000	9.702381e+02
	952	555	238.000000	48.750000	1.024486e+03
	964	555	241.000000	48.750000	1.030208e+03
	971	555	242.750000	48.750000	1.031318e+03
	958	556	239.500000	49.000000	1.023161e+03
	948	558	237.000000	49.500000	1.024968e+03
	963	560	240.750000	50.000000	1.027523e+03
	975	561	243.750000	50.250000	1.027696e+03
	953	562	238.250000	50.500000	1.023706e+03
	984	563	246.000000	50.750000	1.014163e+03
	1000	563	250.000000	50.750000	1.019276e+03
	970	566	242.500000	51.500000	1.027928e+03
	945	567	236.250000	51.750000	1.016751e+03
	979	569	244.750000	52.250000	1.011791e+03
	974	573	243.500000	53.250000	1.008813e+03
	941	574	235.250000	53.500000	1.011438e+03
	950	576	237.500000	54.000000	1.015173e+03
	942	585	235.500000	56.250000	1.008903e+03
	876	588	219.000000	57.000000	9.797031e+02
	944	594	236.000000	58.500000	9.938106e+02
	901	595	225.250000	58.750000	9.910831e+02
	907	595	226.750000	58.750000	9.926906e+02
	901	598	225.250000	59.500000	9.908956e+02
	923	598	230.750000	59.500000	9.937656e+02
	934	598	233.500000	59.500000	9.953181e+02
	877	599	219.250000	59.750000	9.847706e+02
	893	599	223.250000	59.750000	9.906206e+02
	826	600	206.500000	60.000000	9.923131e+02
	917	600	229.250000	60.000000	9.929807e+02
