2015	4	4	194	15
	675	420	168.750000	15.000000	1.008496e+03
	701	422	175.250000	15.500000	1.008338e+03
	671	424	167.750000	16.000000	1.008791e+03
	661	425	165.250000	16.250000	1.008863e+03
	664	426	166.000000	16.500000	1.008863e+03
	681	426	170.250000	16.500000	1.008578e+03
	670	429	167.500000	17.250000	1.008733e+03
	678	429	169.500000	17.250000	1.008723e+03
	672	430	168.000000	17.500000	1.008726e+03
	675	431	168.750000	17.750000	1.008728e+03
	682	433	170.500000	18.250000	1.008833e+03
	697	436	174.250000	19.000000	1.008466e+03
	689	437	172.250000	19.250000	1.008658e+03
	702	438	175.500000	19.500000	1.008511e+03
	814	438	203.500000	19.500000	1.015338e+03
	692	440	173.000000	20.000000	1.008673e+03
	815	440	203.750000	20.000000	1.015368e+03
	821	440	205.250000	20.000000	1.016633e+03
	819	441	204.750000	20.250000	1.016471e+03
	698	442	174.500000	20.500000	1.008508e+03
	817	442	204.250000	20.500000	1.016196e+03
	981	445	245.250000	21.250000	1.015551e+03
	803	449	200.750000	22.250000	1.016656e+03
	706	450	176.500000	22.500000	1.007953e+03
	703	451	175.750000	22.750000	1.007996e+03
	704	451	176.000000	22.750000	1.007996e+03
	999	452	249.750000	23.000000	1.013883e+03
	707	453	176.750000	23.250000	1.007928e+03
	997	455	249.250000	23.750000	1.014086e+03
	992	456	248.000000	24.000000	1.013958e+03
	994	459	248.500000	24.750000	1.013931e+03
	713	462	178.250000	25.500000	1.008756e+03
	984	462	246.000000	25.500000	1.013943e+03
	991	462	247.750000	25.500000	1.013748e+03
	714	463	178.500000	25.750000	1.008756e+03
	990	465	247.500000	26.250000	1.013641e+03
	719	468	179.750000	27.000000	1.008718e+03
	988	468	247.000000	27.000000	1.013398e+03
	999	470	249.750000	27.500000	1.012566e+03
	997	471	249.250000	27.750000	1.012593e+03
	984	473	246.000000	28.250000	1.013938e+03
	995	476	248.750000	29.000000	1.012668e+03
	980	477	245.000000	29.250000	1.013738e+03
	722	478	180.500000	29.500000	1.009211e+03
	989	478	247.250000	29.500000	1.012958e+03
	700	480	175.000000	30.000000	1.005293e+03
	720	481	180.000000	30.250000	1.009076e+03
	977	481	244.250000	30.250000	1.013936e+03
	988	482	247.000000	30.500000	1.012996e+03
	720	483	180.000000	30.750000	1.009211e+03
	987	484	246.750000	31.000000	1.012988e+03
	975	485	243.750000	31.250000	1.013688e+03
	973	487	243.250000	31.750000	1.013738e+03
	992	487	248.000000	31.750000	1.013823e+03
	889	489	222.250000	32.250000	1.027936e+03
	979	489	244.750000	32.250000	1.013853e+03
	989	491	247.250000	32.750000	1.013573e+03
	977	492	244.250000	33.000000	1.013748e+03
	968	493	242.000000	33.250000	1.013751e+03
	987	493	246.750000	33.250000	1.013788e+03
	993	493	248.250000	33.250000	1.014018e+03
	780	494	195.000000	33.500000	1.014888e+03
	965	494	241.250000	33.500000	1.013826e+03
	961	497	240.250000	34.250000	1.013856e+03
	979	499	244.750000	34.750000	1.014953e+03
	963	500	240.750000	35.000000	1.016283e+03
	977	502	244.250000	35.500000	1.015453e+03
	991	502	247.750000	35.500000	1.016476e+03
	969	503	242.250000	35.750000	1.015298e+03
	972	503	243.000000	35.750000	1.015256e+03
	998	504	249.500000	36.000000	1.017788e+03
	976	505	244.000000	36.250000	1.015363e+03
	979	505	244.750000	36.250000	1.015666e+03
	984	505	246.000000	36.250000	1.015553e+03
	972	506	243.000000	36.500000	1.015071e+03
	989	506	247.250000	36.500000	1.017616e+03
	962	507	240.500000	36.750000	1.016528e+03
	952	508	238.000000	37.000000	1.019253e+03
	961	509	240.250000	37.250000	1.016511e+03
	967	509	241.750000	37.250000	1.015856e+03
	968	511	242.000000	37.750000	1.015608e+03
	988	511	247.000000	37.750000	1.016768e+03
	1000	511	250.000000	37.750000	1.019636e+03
	976	512	244.000000	38.000000	1.016016e+03
	989	513	247.250000	38.250000	1.016946e+03
	982	514	245.500000	38.500000	1.016456e+03
	958	515	239.500000	38.750000	1.017256e+03
	965	515	241.250000	38.750000	1.014981e+03
	990	515	247.500000	38.750000	1.016686e+03
	951	516	237.750000	39.000000	1.017256e+03
	955	517	238.750000	39.250000	1.017376e+03
	967	518	241.750000	39.500000	1.014761e+03
	963	519	240.750000	39.750000	1.014921e+03
	991	519	247.750000	39.750000	1.016906e+03
	966	520	241.500000	40.000000	1.014886e+03
	983	520	245.750000	40.000000	1.014721e+03
	952	523	238.000000	40.750000	1.017971e+03
	977	523	244.250000	40.750000	1.014651e+03
	989	523	247.250000	40.750000	1.015403e+03
	965	524	241.250000	41.000000	1.014938e+03
	981	524	245.250000	41.000000	1.014438e+03
	942	525	235.500000	41.250000	1.021021e+03
	968	525	242.000000	41.250000	1.014916e+03
	972	525	243.000000	41.250000	1.014726e+03
	998	525	249.500000	41.250000	1.016616e+03
	976	526	244.000000	41.500000	1.014876e+03
	992	526	248.000000	41.500000	1.016016e+03
	943	527	235.750000	41.750000	1.021026e+03
	979	528	244.750000	42.000000	1.014336e+03
	973	529	243.250000	42.250000	1.016261e+03
	974	529	243.500000	42.250000	1.016261e+03
	984	529	246.000000	42.250000	1.014788e+03
	954	530	238.500000	42.500000	1.019431e+03
	987	530	246.750000	42.500000	1.015111e+03
	996	531	249.000000	42.750000	1.018203e+03
	1000	532	250.000000	43.000000	1.020811e+03
	965	533	241.250000	43.250000	1.018036e+03
	983	533	245.750000	43.250000	1.016033e+03
	992	533	248.000000	43.250000	1.016528e+03
	984	534	246.000000	43.500000	1.016033e+03
	973	535	243.250000	43.750000	1.015308e+03
	956	536	239.000000	44.000000	1.020246e+03
	984	537	246.000000	44.250000	1.015931e+03
	999	537	249.750000	44.250000	1.018243e+03
	960	538	240.000000	44.500000	1.020073e+03
	983	540	245.750000	45.000000	1.016423e+03
	949	542	237.250000	45.500000	1.021151e+03
	987	542	246.750000	45.500000	1.015936e+03
	994	542	248.500000	45.500000	1.016178e+03
	1000	542	250.000000	45.500000	1.016111e+03
	973	544	243.250000	46.000000	1.019073e+03
	981	545	245.250000	46.250000	1.016998e+03
	996	546	249.000000	46.500000	1.016361e+03
	982	547	245.500000	46.750000	1.017236e+03
	996	550	249.000000	47.500000	1.014986e+03
	984	551	246.000000	47.750000	1.016713e+03
	984	552	246.000000	48.000000	1.016713e+03
	946	554	236.500000	48.500000	1.019181e+03
	966	554	241.500000	48.500000	1.017271e+03
	945	556	236.250000	49.000000	1.018911e+03
	951	556	237.750000	49.000000	1.019951e+03
	973	557	243.250000	49.250000	1.016873e+03
	989	557	247.250000	49.250000	1.014876e+03
	995	557	248.750000	49.250000	1.015673e+03
	977	558	244.250000	49.500000	1.016433e+03
	985	558	246.250000	49.500000	1.014883e+03
	938	560	234.500000	50.000000	1.018001e+03
	947	561	236.750000	50.250000	1.020013e+03
	963	561	240.750000	50.250000	1.017611e+03
	970	561	242.500000	50.250000	1.016478e+03
	978	561	244.500000	50.250000	1.016188e+03
	982	561	245.500000	50.250000	1.016183e+03
	898	564	224.500000	51.000000	1.005151e+03
	968	564	242.000000	51.000000	1.016873e+03
	977	564	244.250000	51.000000	1.016498e+03
	963	567	240.750000	51.750000	1.016698e+03
	975	567	243.750000	51.750000	1.016473e+03
	960	568	240.000000	52.000000	1.016656e+03
	965	570	241.250000	52.500000	1.016581e+03
	963	572	240.750000	53.000000	1.016641e+03
	952	574	238.000000	53.500000	1.014231e+03
	931	577	232.750000	54.250000	1.015663e+03
	936	577	234.000000	54.250000	1.015583e+03
	943	578	235.750000	54.500000	1.015543e+03
	935	580	233.750000	55.000000	1.015481e+03
	991	582	247.750000	55.500000	1.025241e+03
	929	583	232.250000	55.750000	1.015513e+03
	805	584	201.250000	56.000000	1.014333e+03
	811	586	202.750000	56.500000	1.014053e+03
	920	588	230.000000	57.000000	1.016671e+03
	828	589	207.000000	57.250000	1.015493e+03
	886	591	221.500000	57.750000	1.015461e+03
	890	592	222.500000	58.000000	1.015551e+03
	920	592	230.000000	58.000000	1.017056e+03
	824	593	206.000000	58.250000	1.014856e+03
	914	593	228.500000	58.250000	1.017138e+03
	811	594	202.750000	58.500000	1.014143e+03
	881	594	220.250000	58.500000	1.015746e+03
	886	594	221.500000	58.500000	1.015543e+03
	669	595	167.250000	58.750000	1.008063e+03
	795	595	198.750000	58.750000	1.013556e+03
	816	595	204.000000	58.750000	1.014063e+03
	977	595	244.250000	58.750000	1.028088e+03
	892	596	223.000000	59.000000	1.016638e+03
	903	596	225.750000	59.000000	1.016908e+03
	871	597	217.750000	59.250000	1.015806e+03
	876	597	219.000000	59.250000	1.015828e+03
	845	598	211.250000	59.500000	1.014096e+03
	896	598	224.000000	59.500000	1.016518e+03
	962	598	240.500000	59.500000	1.029256e+03
	841	599	210.250000	59.750000	1.014168e+03
	853	599	213.250000	59.750000	1.014248e+03
	879	599	219.750000	59.750000	1.015671e+03
	892	600	223.000000	60.000000	1.016423e+03
