2015	9	22	235	21
	756	420	189.000000	15.000000	1.010859e+03
	954	420	238.500000	15.000000	1.009999e+03
	713	422	178.250000	15.500000	1.010877e+03
	754	422	188.500000	15.500000	1.010749e+03
	704	423	176.000000	15.750000	1.010794e+03
	715	423	178.750000	15.750000	1.010872e+03
	921	423	230.250000	15.750000	1.010502e+03
	947	423	236.750000	15.750000	1.010222e+03
	669	424	167.250000	16.000000	1.009929e+03
	689	424	172.250000	16.000000	1.010549e+03
	779	425	194.750000	16.250000	1.010419e+03
	948	425	237.000000	16.250000	1.010217e+03
	728	427	182.000000	16.750000	1.011309e+03
	947	427	236.750000	16.750000	1.010232e+03
	690	428	172.500000	17.000000	1.010644e+03
	663	429	165.750000	17.250000	1.010159e+03
	744	430	186.000000	17.500000	1.011302e+03
	722	432	180.500000	18.000000	1.011272e+03
	697	434	174.250000	18.500000	1.011004e+03
	700	434	175.000000	18.500000	1.010989e+03
	705	435	176.250000	18.750000	1.011022e+03
	745	435	186.250000	18.750000	1.011172e+03
	703	436	175.750000	19.000000	1.011029e+03
	707	436	176.750000	19.000000	1.011017e+03
	753	436	188.250000	19.000000	1.011049e+03
	754	436	188.500000	19.000000	1.011049e+03
	815	437	203.750000	19.250000	1.011994e+03
	694	438	173.500000	19.500000	1.010924e+03
	749	438	187.250000	19.500000	1.011014e+03
	810	438	202.500000	19.500000	1.012324e+03
	693	439	173.250000	19.750000	1.010924e+03
	694	439	173.500000	19.750000	1.010924e+03
	726	439	181.500000	19.750000	1.011499e+03
	812	439	203.000000	19.750000	1.012262e+03
	685	440	171.250000	20.000000	1.010777e+03
	686	440	171.500000	20.000000	1.010777e+03
	746	440	186.500000	20.000000	1.011037e+03
	815	440	203.750000	20.000000	1.011977e+03
	748	441	187.000000	20.250000	1.011027e+03
	820	441	205.000000	20.250000	1.013579e+03
	740	442	185.000000	20.500000	1.011187e+03
	813	442	203.250000	20.500000	1.012337e+03
	817	442	204.250000	20.500000	1.013164e+03
	739	443	184.750000	20.750000	1.011187e+03
	821	443	205.250000	20.750000	1.013699e+03
	692	444	173.000000	21.000000	1.010847e+03
	699	445	174.750000	21.250000	1.010774e+03
	720	445	180.000000	21.250000	1.011274e+03
	743	445	185.750000	21.250000	1.011134e+03
	679	446	169.750000	21.500000	1.010924e+03
	680	446	170.000000	21.500000	1.010924e+03
	701	446	175.250000	21.500000	1.010759e+03
	741	447	185.250000	21.750000	1.011132e+03
	684	448	171.000000	22.000000	1.010894e+03
	685	448	171.250000	22.000000	1.010894e+03
	674	449	168.500000	22.250000	1.011049e+03
	706	450	176.500000	22.500000	1.010644e+03
	751	451	187.750000	22.750000	1.011109e+03
	679	452	169.750000	23.000000	1.010962e+03
	709	452	177.250000	23.000000	1.010602e+03
	997	455	249.250000	23.750000	1.010114e+03
	957	458	239.250000	24.500000	1.013757e+03
	959	458	239.750000	24.500000	1.013757e+03
	994	459	248.500000	24.750000	1.010567e+03
	999	460	249.750000	25.000000	1.009639e+03
	956	461	239.000000	25.250000	1.013772e+03
	946	462	236.500000	25.500000	1.013699e+03
	683	463	170.750000	25.750000	1.010047e+03
	949	464	237.250000	26.000000	1.013692e+03
	991	464	247.750000	26.000000	1.011174e+03
	996	464	249.000000	26.000000	1.009754e+03
	939	465	234.750000	26.250000	1.014037e+03
	951	465	237.750000	26.250000	1.013714e+03
	950	468	237.500000	27.000000	1.013712e+03
	987	468	246.750000	27.000000	1.011522e+03
	954	469	238.500000	27.250000	1.013659e+03
	956	470	239.000000	27.500000	1.013657e+03
	980	470	245.000000	27.500000	1.012464e+03
	992	470	248.000000	27.500000	1.010579e+03
	985	471	246.250000	27.750000	1.011579e+03
	990	472	247.500000	28.000000	1.010617e+03
	994	475	248.500000	28.750000	1.010454e+03
	980	476	245.000000	29.000000	1.012259e+03
	986	477	246.500000	29.250000	1.010554e+03
	985	479	246.250000	29.750000	1.010524e+03
	999	481	249.750000	30.250000	1.012927e+03
	976	482	244.000000	30.500000	1.012004e+03
	982	482	245.500000	30.500000	1.010022e+03
	988	483	247.000000	30.750000	1.010607e+03
	975	484	243.750000	31.000000	1.011949e+03
	955	485	238.750000	31.250000	1.014299e+03
	1000	487	250.000000	31.750000	1.013662e+03
	732	490	183.000000	32.500000	1.007964e+03
	973	490	243.250000	32.500000	1.012492e+03
	699	491	174.750000	32.750000	1.007017e+03
	723	491	180.750000	32.750000	1.007732e+03
	732	491	183.000000	32.750000	1.007964e+03
	978	491	244.500000	32.750000	1.008284e+03
	972	492	243.000000	33.000000	1.012279e+03
	988	492	247.000000	33.000000	1.010287e+03
	993	492	248.250000	33.000000	1.011064e+03
	726	493	181.500000	33.250000	1.007527e+03
	699	494	174.750000	33.500000	1.007022e+03
	718	494	179.500000	33.500000	1.007664e+03
	991	494	247.750000	33.500000	1.011147e+03
	971	495	242.750000	33.750000	1.012054e+03
	981	495	245.250000	33.750000	1.009437e+03
	967	496	241.750000	34.000000	1.012214e+03
	694	497	173.500000	34.250000	1.007094e+03
	978	497	244.500000	34.250000	1.009089e+03
	981	499	245.250000	34.750000	1.009754e+03
	890	500	222.500000	35.000000	1.019727e+03
	975	500	243.750000	35.000000	1.007779e+03
	695	502	173.750000	35.500000	1.006989e+03
	892	502	223.000000	35.500000	1.019637e+03
	963	502	240.750000	35.500000	1.008539e+03
	708	503	177.000000	35.750000	1.006617e+03
	971	503	242.750000	35.750000	1.007857e+03
	974	503	243.500000	35.750000	1.007349e+03
	995	503	248.750000	35.750000	1.010662e+03
	693	504	173.250000	36.000000	1.007014e+03
	980	504	245.000000	36.000000	1.008539e+03
	990	504	247.500000	36.000000	1.010714e+03
	956	505	239.000000	36.250000	1.010844e+03
	960	505	240.000000	36.250000	1.008339e+03
	994	505	248.500000	36.250000	1.010659e+03
	699	506	174.750000	36.500000	1.006767e+03
	972	506	243.000000	36.500000	1.006647e+03
	988	506	247.000000	36.500000	1.010287e+03
	981	507	245.250000	36.750000	1.009159e+03
	984	508	246.000000	37.000000	1.009774e+03
	993	508	248.250000	37.000000	1.009809e+03
	729	509	182.250000	37.250000	1.009792e+03
	957	509	239.250000	37.250000	1.009662e+03
	997	510	249.250000	37.500000	1.009842e+03
	968	512	242.000000	38.000000	1.008632e+03
	969	512	242.250000	38.000000	1.008632e+03
	708	513	177.000000	38.250000	1.007477e+03
	991	513	247.750000	38.250000	1.009804e+03
	977	514	244.250000	38.500000	1.008622e+03
	997	514	249.250000	38.500000	1.008909e+03
	1000	515	250.000000	38.750000	1.008642e+03
	857	516	214.250000	39.000000	1.018764e+03
	964	517	241.000000	39.250000	1.007967e+03
	989	517	247.250000	39.250000	1.006682e+03
	974	518	243.500000	39.500000	1.009194e+03
	986	518	246.500000	39.500000	1.007007e+03
	952	519	238.000000	39.750000	1.008262e+03
	969	520	242.250000	40.000000	1.008989e+03
	987	520	246.750000	40.000000	1.007179e+03
	951	521	237.750000	40.250000	1.008397e+03
	961	521	240.250000	40.250000	1.008144e+03
	992	521	248.000000	40.250000	1.007324e+03
	972	523	243.000000	40.750000	1.008377e+03
	964	524	241.000000	41.000000	1.008147e+03
	978	524	244.500000	41.000000	1.008679e+03
	956	525	239.000000	41.250000	1.008937e+03
	967	525	241.750000	41.250000	1.008329e+03
	905	526	226.250000	41.500000	1.013734e+03
	949	526	237.250000	41.500000	1.008602e+03
	961	526	240.250000	41.500000	1.009434e+03
	983	526	245.750000	41.500000	1.007487e+03
	996	526	249.000000	41.500000	1.008679e+03
	992	527	248.000000	41.750000	1.008804e+03
	953	528	238.250000	42.000000	1.008697e+03
	973	528	243.250000	42.000000	1.008179e+03
	959	531	239.750000	42.750000	1.008452e+03
	969	531	242.250000	42.750000	1.007687e+03
	981	531	245.250000	42.750000	1.006657e+03
	985	531	246.250000	42.750000	1.006444e+03
	977	532	244.250000	43.000000	1.006939e+03
	988	532	247.000000	43.000000	1.007112e+03
	974	541	243.500000	45.250000	1.009399e+03
	983	542	245.750000	45.500000	1.007107e+03
	997	542	249.250000	45.500000	1.008404e+03
	993	543	248.250000	45.750000	1.006919e+03
	960	544	240.000000	46.000000	1.011084e+03
	984	545	246.000000	46.250000	1.007354e+03
	988	545	247.000000	46.250000	1.006797e+03
	956	546	239.000000	46.500000	1.010834e+03
	958	548	239.500000	47.000000	1.010949e+03
	962	548	240.500000	47.000000	1.010834e+03
	946	551	236.500000	47.750000	1.014694e+03
	960	553	240.000000	48.250000	1.010464e+03
	972	553	243.000000	48.250000	1.010204e+03
	982	553	245.500000	48.250000	1.009519e+03
	989	553	247.250000	48.250000	1.009112e+03
	944	555	236.000000	48.750000	1.014829e+03
	967	555	241.750000	48.750000	1.010044e+03
	974	555	243.500000	48.750000	1.010079e+03
	960	556	240.000000	49.000000	1.010292e+03
	970	558	242.500000	49.500000	1.010499e+03
	977	558	244.250000	49.500000	1.009617e+03
	984	558	246.000000	49.500000	1.008877e+03
	991	559	247.750000	49.750000	1.010127e+03
	938	560	234.500000	50.000000	1.014527e+03
	975	561	243.750000	50.250000	1.009584e+03
	983	561	245.750000	50.250000	1.009042e+03
	954	562	238.500000	50.500000	1.011224e+03
	980	564	245.000000	51.000000	1.009339e+03
	972	565	243.000000	51.250000	1.011334e+03
	966	566	241.500000	51.500000	1.012192e+03
	979	566	244.750000	51.500000	1.009767e+03
	947	567	236.750000	51.750000	1.009507e+03
	940	569	235.000000	52.250000	1.009882e+03
	963	571	240.750000	52.750000	1.012344e+03
	938	572	234.500000	53.000000	1.009289e+03
	945	572	236.250000	53.000000	1.009894e+03
	974	572	243.500000	53.000000	1.011297e+03
	955	574	238.750000	53.500000	1.011222e+03
	956	574	239.000000	53.500000	1.011222e+03
	936	575	234.000000	53.750000	1.009309e+03
	943	575	235.750000	53.750000	1.010012e+03
	967	575	241.750000	53.750000	1.011052e+03
	853	577	213.250000	54.250000	1.004422e+03
	934	577	233.500000	54.250000	1.009337e+03
	964	577	241.000000	54.250000	1.010984e+03
	887	579	221.750000	54.750000	9.989869e+02
	960	579	240.000000	54.750000	1.010922e+03
	882	580	220.500000	55.000000	9.990644e+02
	928	581	232.000000	55.250000	1.008884e+03
	934	581	233.500000	55.250000	1.009482e+03
	950	583	237.500000	55.750000	1.011942e+03
	926	586	231.500000	56.500000	1.008242e+03
	918	587	229.500000	56.750000	1.007014e+03
	930	590	232.500000	57.500000	1.008507e+03
	948	590	237.000000	57.500000	1.011492e+03
	916	591	229.000000	57.750000	1.006989e+03
	890	594	222.500000	58.500000	1.003122e+03
	909	596	227.250000	59.000000	1.006864e+03
	931	596	232.750000	59.000000	1.009027e+03
	932	596	233.000000	59.000000	1.009027e+03
	995	598	248.750000	59.500000	1.020587e+03
	979	599	244.750000	59.750000	1.019157e+03
	873	600	218.250000	60.000000	1.005499e+03
