2015	4	25	162	18
	814	437	203.500000	19.250000	1.015343e+03
	812	439	203.000000	19.750000	1.015198e+03
	822	439	205.500000	19.750000	1.016503e+03
	810	440	202.500000	20.000000	1.015071e+03
	819	441	204.750000	20.250000	1.015836e+03
	792	442	198.000000	20.500000	1.014336e+03
	817	442	204.250000	20.500000	1.015636e+03
	794	444	198.500000	21.000000	1.014386e+03
	813	444	203.250000	21.000000	1.015398e+03
	817	444	204.250000	21.000000	1.015761e+03
	798	445	199.500000	21.250000	1.014301e+03
	811	446	202.750000	21.500000	1.015501e+03
	801	453	200.250000	23.250000	1.013881e+03
	997	457	249.250000	24.250000	1.014471e+03
	995	463	248.750000	25.750000	1.014446e+03
	992	467	248.000000	26.750000	1.014043e+03
	778	468	194.500000	27.000000	1.010841e+03
	806	468	201.500000	27.000000	1.012241e+03
	807	471	201.750000	27.750000	1.012196e+03
	806	473	201.500000	28.250000	1.012196e+03
	988	474	247.000000	28.500000	1.013618e+03
	998	475	249.500000	28.750000	1.013013e+03
	804	476	201.000000	29.000000	1.012171e+03
	993	477	248.250000	29.250000	1.013141e+03
	985	478	246.250000	29.500000	1.012816e+03
	997	478	249.250000	29.500000	1.012898e+03
	884	481	221.000000	30.250000	1.026931e+03
	982	481	245.500000	30.250000	1.012213e+03
	784	482	196.000000	30.500000	1.009963e+03
	992	482	248.000000	30.500000	1.012071e+03
	800	485	200.000000	31.250000	1.010651e+03
	980	486	245.000000	31.500000	1.011561e+03
	798	487	199.500000	31.750000	1.010878e+03
	1000	487	250.000000	31.750000	1.011408e+03
	978	488	244.500000	32.000000	1.011416e+03
	996	488	249.000000	32.000000	1.011751e+03
	978	491	244.500000	32.750000	1.011383e+03
	992	491	248.000000	32.750000	1.010926e+03
	813	499	203.250000	34.750000	1.016518e+03
	963	500	240.750000	35.000000	1.014241e+03
	816	501	204.000000	35.250000	1.016656e+03
	994	503	248.500000	35.750000	1.006683e+03
	822	505	205.500000	36.250000	1.016356e+03
	957	507	239.250000	36.750000	1.013258e+03
	963	507	240.750000	36.750000	1.014598e+03
	970	507	242.500000	36.750000	1.003468e+03
	977	507	244.250000	36.750000	1.004198e+03
	993	507	248.250000	36.750000	1.005923e+03
	986	508	246.500000	37.000000	1.005643e+03
	956	509	239.000000	37.250000	1.013176e+03
	996	510	249.000000	37.500000	1.006008e+03
	975	511	243.750000	37.750000	1.004498e+03
	968	512	242.000000	38.000000	1.005686e+03
	971	514	242.750000	38.500000	1.006511e+03
	996	514	249.000000	38.500000	1.004846e+03
	999	514	249.750000	38.500000	1.005338e+03
	988	516	247.000000	39.000000	1.003826e+03
	981	517	245.250000	39.250000	1.003928e+03
	959	518	239.750000	39.500000	1.011651e+03
	949	519	237.250000	39.750000	1.012596e+03
	955	520	238.750000	40.000000	1.011488e+03
	965	520	241.250000	40.000000	1.010478e+03
	993	520	248.250000	40.000000	1.006263e+03
	1000	520	250.000000	40.000000	1.004576e+03
	958	521	239.500000	40.250000	1.011273e+03
	973	521	243.250000	40.250000	1.008821e+03
	961	522	240.250000	40.500000	1.010821e+03
	952	524	238.000000	41.000000	1.012113e+03
	999	524	249.750000	41.000000	1.005463e+03
	964	525	241.000000	41.250000	1.010841e+03
	981	525	245.250000	41.250000	1.006558e+03
	992	525	248.000000	41.250000	1.006541e+03
	1000	526	250.000000	41.500000	1.005416e+03
	958	527	239.500000	41.750000	1.012521e+03
	967	527	241.750000	41.750000	1.010436e+03
	945	528	236.250000	42.000000	1.015816e+03
	954	530	238.500000	42.500000	1.012698e+03
	967	530	241.750000	42.500000	1.010248e+03
	974	530	243.500000	42.500000	1.009373e+03
	1000	530	250.000000	42.500000	1.005206e+03
	971	532	242.750000	43.000000	1.009181e+03
	957	533	239.250000	43.250000	1.012876e+03
	988	533	247.000000	43.250000	1.006306e+03
	954	537	238.500000	44.250000	1.013201e+03
	962	537	240.500000	44.250000	1.012418e+03
	981	537	245.250000	44.250000	1.006643e+03
	984	537	246.000000	44.250000	1.007131e+03
	941	538	235.250000	44.500000	1.016366e+03
	958	541	239.500000	45.250000	1.013231e+03
	949	544	237.250000	46.000000	1.015288e+03
	960	544	240.000000	46.000000	1.012078e+03
	947	546	236.750000	46.500000	1.015298e+03
	999	546	249.750000	46.500000	1.009146e+03
	986	547	246.500000	46.750000	1.008851e+03
	990	547	247.500000	46.750000	1.008748e+03
	951	549	237.750000	47.250000	1.015046e+03
	989	550	247.250000	47.500000	1.008476e+03
	947	551	236.750000	47.750000	1.014581e+03
	994	551	248.500000	47.750000	1.008353e+03
	964	552	241.000000	48.000000	1.011043e+03
	998	553	249.500000	48.250000	1.007816e+03
	946	554	236.500000	48.500000	1.014821e+03
	966	554	241.500000	48.500000	1.010803e+03
	973	555	243.250000	48.750000	1.012226e+03
	984	555	246.000000	48.750000	1.009461e+03
	948	556	237.000000	49.000000	1.014928e+03
	963	557	240.750000	49.250000	1.012198e+03
	979	557	244.750000	49.250000	1.009866e+03
	937	558	234.250000	49.500000	1.014321e+03
	959	559	239.750000	49.750000	1.012166e+03
	939	560	234.750000	50.000000	1.014573e+03
	932	561	233.000000	50.250000	1.014898e+03
	943	561	235.750000	50.250000	1.014226e+03
	958	561	239.500000	50.250000	1.012171e+03
	972	561	243.000000	50.250000	1.009758e+03
	979	561	244.750000	50.250000	1.009908e+03
	954	562	238.500000	50.500000	1.012216e+03
	860	564	215.000000	51.000000	9.860881e+02
	953	565	238.250000	51.250000	1.011976e+03
	949	566	237.250000	51.500000	1.012143e+03
	957	566	239.250000	51.500000	1.011693e+03
	933	567	233.250000	51.750000	1.014088e+03
	963	567	240.750000	51.750000	1.011448e+03
	941	568	235.250000	52.000000	1.013631e+03
	929	569	232.250000	52.250000	1.014111e+03
	957	569	239.250000	52.250000	1.011748e+03
	935	570	233.750000	52.500000	1.013441e+03
	940	570	235.000000	52.500000	1.013573e+03
	965	571	241.250000	52.750000	1.011986e+03
	925	573	231.250000	53.250000	1.013606e+03
	961	573	240.250000	53.250000	1.012238e+03
	922	574	230.500000	53.500000	1.013668e+03
	945	574	236.250000	53.500000	1.014573e+03
	927	576	231.750000	54.000000	1.013848e+03
	920	577	230.000000	54.250000	1.013318e+03
	918	579	229.500000	54.750000	1.013333e+03
	975	579	243.750000	54.750000	1.017016e+03
	937	581	234.250000	55.250000	1.016053e+03
	916	582	229.000000	55.500000	1.013203e+03
	925	582	231.250000	55.500000	1.014773e+03
	973	583	243.250000	55.750000	1.018953e+03
	944	585	236.000000	56.250000	1.017928e+03
	965	586	241.250000	56.500000	1.019808e+03
	905	587	226.250000	56.750000	1.011983e+03
	917	587	229.250000	56.750000	1.014508e+03
	960	587	240.000000	56.750000	1.019608e+03
	897	588	224.250000	57.000000	1.011046e+03
	916	591	229.000000	57.750000	1.013421e+03
	882	592	220.500000	58.000000	1.009386e+03
	934	592	233.500000	58.000000	1.016491e+03
	912	594	228.000000	58.500000	1.013481e+03
	944	594	236.000000	58.500000	1.017866e+03
	888	595	222.000000	58.750000	1.010603e+03
	928	595	232.000000	58.750000	1.015376e+03
	909	596	227.250000	59.000000	1.013986e+03
	976	597	244.000000	59.250000	1.021266e+03
	997	598	249.250000	59.500000	1.025163e+03
	868	599	217.000000	59.750000	1.010321e+03
	869	599	217.250000	59.750000	1.010321e+03
	874	599	218.500000	59.750000	1.010168e+03
	836	600	209.000000	60.000000	1.007783e+03
	864	600	216.000000	60.000000	1.010316e+03
