2015	8	28	260	21
	983	420	245.750000	15.000000	1.010627e+03
	687	421	171.750000	15.250000	1.011499e+03
	702	421	175.500000	15.250000	1.011437e+03
	668	422	167.000000	15.500000	1.011342e+03
	983	423	245.750000	15.750000	1.010617e+03
	797	424	199.250000	16.000000	1.011492e+03
	969	424	242.250000	16.000000	1.011039e+03
	667	425	166.750000	16.250000	1.011302e+03
	889	425	222.250000	16.250000	1.011699e+03
	695	426	173.750000	16.500000	1.011692e+03
	693	427	173.250000	16.750000	1.011724e+03
	885	427	221.250000	16.750000	1.011649e+03
	689	428	172.250000	17.000000	1.011697e+03
	710	428	177.500000	17.000000	1.011459e+03
	884	428	221.000000	17.000000	1.011649e+03
	753	429	188.250000	17.250000	1.002509e+03
	954	429	238.500000	17.250000	1.011477e+03
	966	429	241.500000	17.250000	1.011179e+03
	715	430	178.750000	17.500000	1.011189e+03
	937	431	234.250000	17.750000	1.011894e+03
	938	431	234.500000	17.750000	1.011894e+03
	675	432	168.750000	18.000000	1.011632e+03
	690	432	172.500000	18.000000	1.011839e+03
	690	433	172.500000	18.250000	1.011839e+03
	721	436	180.250000	19.000000	1.011669e+03
	717	438	179.250000	19.500000	1.011797e+03
	814	438	203.500000	19.500000	1.012607e+03
	704	439	176.000000	19.750000	1.012364e+03
	807	439	201.750000	19.750000	1.012627e+03
	812	439	203.000000	19.750000	1.012627e+03
	810	440	202.500000	20.000000	1.012622e+03
	815	440	203.750000	20.000000	1.012302e+03
	820	441	205.000000	20.250000	1.012974e+03
	811	442	202.750000	20.500000	1.012694e+03
	818	442	204.500000	20.500000	1.012859e+03
	821	443	205.250000	20.750000	1.013194e+03
	1000	443	250.000000	20.750000	1.009957e+03
	707	446	176.750000	21.500000	1.012214e+03
	811	446	202.750000	21.500000	1.013022e+03
	719	448	179.750000	22.000000	1.012204e+03
	895	448	223.750000	22.000000	1.014334e+03
	796	449	199.000000	22.250000	1.013289e+03
	799	449	199.750000	22.250000	1.013292e+03
	784	450	196.000000	22.500000	1.013304e+03
	660	451	165.000000	22.750000	1.010272e+03
	664	452	166.000000	23.000000	1.010242e+03
	666	453	166.500000	23.250000	1.010212e+03
	998	453	249.500000	23.250000	1.010089e+03
	672	455	168.000000	23.750000	1.010369e+03
	716	455	179.000000	23.750000	1.012162e+03
	666	458	166.500000	24.500000	1.010319e+03
	998	458	249.500000	24.500000	1.008727e+03
	670	460	167.500000	25.000000	1.010272e+03
	994	461	248.500000	25.250000	1.008782e+03
	709	463	177.250000	25.750000	1.011684e+03
	666	464	166.500000	26.000000	1.010394e+03
	669	464	167.250000	26.000000	1.010372e+03
	670	464	167.500000	26.000000	1.010372e+03
	991	464	247.750000	26.000000	1.009229e+03
	996	464	249.000000	26.000000	1.008354e+03
	665	466	166.250000	26.500000	1.010399e+03
	700	466	175.000000	26.500000	1.011182e+03
	998	466	249.500000	26.500000	1.008567e+03
	993	467	248.250000	26.750000	1.008254e+03
	664	468	166.000000	27.000000	1.010407e+03
	669	468	167.250000	27.000000	1.010389e+03
	690	468	172.500000	27.000000	1.009572e+03
	987	468	246.750000	27.000000	1.008822e+03
	688	469	172.000000	27.250000	1.009557e+03
	740	469	185.000000	27.250000	1.013697e+03
	686	470	171.500000	27.500000	1.009567e+03
	738	470	184.500000	27.500000	1.013707e+03
	741	470	185.250000	27.500000	1.013697e+03
	992	470	248.000000	27.500000	1.008657e+03
	743	471	185.750000	27.750000	1.013709e+03
	755	471	188.750000	27.750000	1.013794e+03
	906	472	226.500000	28.000000	1.015419e+03
	990	472	247.500000	28.000000	1.008574e+03
	739	473	184.750000	28.250000	1.013807e+03
	997	473	249.250000	28.250000	1.007869e+03
	660	474	165.000000	28.500000	1.009892e+03
	736	474	184.000000	28.500000	1.013752e+03
	881	474	220.250000	28.500000	1.015922e+03
	662	475	165.500000	28.750000	1.009894e+03
	690	475	172.500000	28.750000	1.009559e+03
	736	475	184.000000	28.750000	1.013752e+03
	884	475	221.000000	28.750000	1.015917e+03
	988	475	247.000000	28.750000	1.008567e+03
	668	476	167.000000	29.000000	1.009924e+03
	994	476	248.500000	29.000000	1.007352e+03
	670	477	167.500000	29.250000	1.009909e+03
	744	477	186.000000	29.250000	1.013924e+03
	986	477	246.500000	29.250000	1.008572e+03
	997	477	249.250000	29.250000	1.008072e+03
	692	479	173.000000	29.750000	1.009737e+03
	740	480	185.000000	30.000000	1.013884e+03
	984	480	246.000000	30.000000	1.008822e+03
	677	481	169.250000	30.250000	1.010019e+03
	696	481	174.000000	30.250000	1.009899e+03
	661	482	165.250000	30.500000	1.010272e+03
	662	482	165.500000	30.500000	1.010272e+03
	745	482	186.250000	30.500000	1.014112e+03
	679	483	169.750000	30.750000	1.010059e+03
	975	484	243.750000	31.000000	1.010349e+03
	988	485	247.000000	31.250000	1.007522e+03
	973	486	243.250000	31.500000	1.010532e+03
	1000	487	250.000000	31.750000	1.012419e+03
	979	489	244.750000	32.250000	1.007367e+03
	666	492	166.500000	33.000000	1.009622e+03
	978	492	244.500000	33.000000	1.007112e+03
	988	492	247.000000	33.000000	1.007619e+03
	668	493	167.000000	33.250000	1.009622e+03
	993	493	248.250000	33.250000	1.007999e+03
	971	495	242.750000	33.750000	1.009897e+03
	982	495	245.500000	33.750000	1.007739e+03
	700	496	175.000000	34.000000	1.011149e+03
	967	496	241.750000	34.000000	1.009917e+03
	962	497	240.500000	34.250000	1.011082e+03
	979	497	244.750000	34.250000	1.008414e+03
	968	500	242.000000	35.000000	1.009974e+03
	975	500	243.750000	35.000000	1.008474e+03
	997	501	249.250000	35.250000	1.013724e+03
	963	502	240.750000	35.500000	1.009254e+03
	952	503	238.000000	35.750000	1.012189e+03
	957	503	239.250000	35.750000	1.010699e+03
	971	503	242.750000	35.750000	1.009514e+03
	975	503	243.750000	35.750000	1.008594e+03
	990	504	247.500000	36.000000	1.014279e+03
	956	505	239.000000	36.250000	1.010427e+03
	960	505	240.000000	36.250000	1.008839e+03
	982	505	245.500000	36.250000	1.009362e+03
	972	506	243.000000	36.500000	1.008332e+03
	959	507	239.750000	36.750000	1.009094e+03
	978	508	244.500000	37.000000	1.011812e+03
	994	508	248.500000	37.000000	1.014259e+03
	968	509	242.000000	37.250000	1.011937e+03
	976	510	244.000000	37.500000	1.012854e+03
	998	510	249.500000	37.500000	1.013627e+03
	986	511	246.500000	37.750000	1.013739e+03
	969	512	242.250000	38.000000	1.010964e+03
	976	513	244.000000	38.250000	1.012549e+03
	997	513	249.250000	38.250000	1.015637e+03
	967	515	241.750000	38.750000	1.010719e+03
	1000	515	250.000000	38.750000	1.014629e+03
	964	516	241.000000	39.000000	1.010892e+03
	989	517	247.250000	39.250000	1.012512e+03
	952	518	238.000000	39.500000	1.009337e+03
	965	518	241.250000	39.500000	1.010819e+03
	893	520	223.250000	40.000000	1.005977e+03
	918	520	229.500000	40.000000	1.002779e+03
	969	520	242.250000	40.000000	1.011139e+03
	911	521	227.750000	40.250000	1.005627e+03
	961	521	240.250000	40.250000	1.011607e+03
	979	521	244.750000	40.250000	1.013064e+03
	948	522	237.000000	40.500000	1.010914e+03
	967	522	241.750000	40.500000	1.011654e+03
	974	522	243.500000	40.500000	1.010677e+03
	985	522	246.250000	40.500000	1.011354e+03
	981	523	245.250000	40.750000	1.012597e+03
	991	523	247.750000	40.750000	1.012729e+03
	965	524	241.250000	41.000000	1.011599e+03
	968	524	242.000000	41.000000	1.011449e+03
	978	524	244.500000	41.000000	1.011777e+03
	956	525	239.000000	41.250000	1.011054e+03
	981	526	245.250000	41.500000	1.012667e+03
	1000	526	250.000000	41.500000	1.016059e+03
	991	527	247.750000	41.750000	1.013184e+03
	943	528	235.750000	42.000000	1.010219e+03
	953	528	238.250000	42.000000	1.011527e+03
	973	528	243.250000	42.000000	1.010634e+03
	948	530	237.000000	42.500000	1.009007e+03
	1000	530	250.000000	42.500000	1.016342e+03
	963	531	240.750000	42.750000	1.011204e+03
	969	531	242.250000	42.750000	1.010262e+03
	977	531	244.250000	42.750000	1.008049e+03
	957	532	239.250000	43.000000	1.011242e+03
	988	532	247.000000	43.000000	1.011902e+03
	898	534	224.500000	43.500000	1.007959e+03
	974	534	243.500000	43.500000	1.009442e+03
	668	536	167.000000	44.000000	9.925119e+02
	955	537	238.750000	44.250000	1.010039e+03
	958	539	239.500000	44.750000	1.010202e+03
	998	539	249.500000	44.750000	1.016512e+03
	949	541	237.250000	45.250000	1.011309e+03
	968	541	242.000000	45.250000	1.012467e+03
	989	541	247.250000	45.250000	1.012609e+03
	974	542	243.500000	45.500000	1.011959e+03
	962	543	240.500000	45.750000	1.010079e+03
	981	543	245.250000	45.750000	1.011047e+03
	993	544	248.250000	46.000000	1.011232e+03
	959	545	239.750000	46.250000	1.010342e+03
	977	545	244.250000	46.250000	1.012444e+03
	949	546	237.250000	46.500000	1.012492e+03
	963	546	240.750000	46.500000	1.010099e+03
	984	547	246.000000	46.750000	1.008979e+03
	944	548	236.000000	47.000000	1.012792e+03
	949	548	237.250000	47.000000	1.012597e+03
	962	548	240.500000	47.000000	1.009999e+03
	660	549	165.000000	47.250000	9.954919e+02
	983	550	245.750000	47.500000	1.009064e+03
	949	551	237.250000	47.750000	1.012532e+03
	944	552	236.000000	48.000000	1.012614e+03
	962	552	240.500000	48.000000	1.009964e+03
	995	552	248.750000	48.000000	1.007864e+03
	991	553	247.750000	48.250000	1.007709e+03
	963	555	240.750000	48.750000	1.010072e+03
	974	555	243.500000	48.750000	1.012602e+03
	999	555	249.750000	48.750000	1.008297e+03
	945	556	236.250000	49.000000	1.011867e+03
	942	557	235.500000	49.250000	1.011834e+03
	978	558	244.500000	49.500000	1.010204e+03
	963	561	240.750000	50.250000	1.010534e+03
	968	561	242.000000	50.250000	1.010497e+03
	975	563	243.750000	50.750000	1.008617e+03
	984	563	246.000000	50.750000	1.005379e+03
	967	564	241.750000	51.000000	1.011349e+03
	972	566	243.000000	51.500000	1.010322e+03
	949	572	237.250000	53.000000	1.002774e+03
	943	573	235.750000	53.250000	1.001809e+03
	975	574	243.750000	53.500000	1.002144e+03
	945	575	236.250000	53.750000	1.001154e+03
	950	575	237.500000	53.750000	1.002234e+03
	972	577	243.000000	54.250000	1.002017e+03
	988	577	247.000000	54.250000	1.002959e+03
	942	578	235.500000	54.500000	1.001684e+03
	967	579	241.750000	54.750000	1.002127e+03
	923	582	230.750000	55.500000	1.000039e+03
	933	582	233.250000	55.500000	1.001839e+03
	944	582	236.000000	55.500000	1.002049e+03
	881	583	220.250000	55.750000	9.898594e+02
	969	583	242.250000	55.750000	1.002619e+03
	677	588	169.250000	57.000000	1.012432e+03
	937	589	234.250000	57.250000	1.000624e+03
	830	590	207.500000	57.500000	1.010597e+03
	948	590	237.000000	57.500000	9.993943e+02
	680	592	170.000000	58.000000	1.012312e+03
	822	592	205.500000	58.000000	1.013842e+03
	918	592	229.500000	58.000000	9.970769e+02
	978	592	244.500000	58.000000	1.001139e+03
	994	592	248.500000	58.000000	1.001409e+03
	952	594	238.000000	58.500000	9.989819e+02
	966	594	241.500000	58.500000	1.000034e+03
	888	595	222.000000	58.750000	9.924369e+02
	914	595	228.500000	58.750000	9.971819e+02
	943	595	235.750000	58.750000	9.988819e+02
	907	596	226.750000	59.000000	9.968918e+02
	937	596	234.250000	59.000000	9.989494e+02
	991	596	247.750000	59.000000	1.000979e+03
	907	597	226.750000	59.250000	9.968918e+02
	996	597	249.000000	59.250000	1.000874e+03
	698	598	174.500000	59.500000	1.012774e+03
	926	598	231.500000	59.500000	9.978819e+02
	956	598	239.000000	59.500000	9.994869e+02
	967	598	241.750000	59.500000	1.000219e+03
	841	599	210.250000	59.750000	1.003642e+03
	879	599	219.750000	59.750000	9.952094e+02
	913	599	228.250000	59.750000	9.967494e+02
	847	600	211.750000	60.000000	1.002274e+03
	872	600	218.000000	60.000000	9.948794e+02
	971	600	242.750000	60.000000	9.999568e+02
