2015	8	1	274	0
	847	421	211.750000	15.250000	1.007749e+03
	734	422	183.500000	15.500000	1.010342e+03
	847	422	211.750000	15.500000	1.007749e+03
	913	431	228.250000	17.750000	1.012634e+03
	817	435	204.250000	18.750000	1.012379e+03
	815	436	203.750000	19.000000	1.012567e+03
	814	438	203.500000	19.500000	1.012764e+03
	815	440	203.750000	20.000000	1.012524e+03
	820	441	205.000000	20.250000	1.014422e+03
	813	442	203.250000	20.500000	1.012959e+03
	817	444	204.250000	21.000000	1.014582e+03
	747	447	186.750000	21.750000	1.013512e+03
	748	447	187.000000	21.750000	1.013512e+03
	800	448	200.000000	22.000000	1.014604e+03
	745	450	186.250000	22.500000	1.013644e+03
	744	452	186.000000	23.000000	1.013587e+03
	999	452	249.750000	23.000000	1.008479e+03
	997	455	249.250000	23.750000	1.008134e+03
	995	458	248.750000	24.500000	1.007759e+03
	999	458	249.750000	24.500000	1.007827e+03
	993	462	248.250000	25.500000	1.008169e+03
	998	462	249.500000	25.500000	1.007759e+03
	896	464	224.000000	26.000000	1.017119e+03
	990	465	247.500000	26.250000	1.007842e+03
	988	467	247.000000	26.750000	1.007762e+03
	994	467	248.500000	26.750000	1.007479e+03
	1000	469	250.000000	27.250000	1.006894e+03
	995	470	248.750000	27.500000	1.007377e+03
	990	472	247.500000	28.000000	1.007484e+03
	988	475	247.000000	28.750000	1.007499e+03
	994	475	248.500000	28.750000	1.006964e+03
	757	476	189.250000	29.000000	1.018117e+03
	997	477	249.250000	29.250000	1.007432e+03
	762	478	190.500000	29.500000	1.018279e+03
	751	480	187.750000	30.000000	1.017772e+03
	984	480	246.000000	30.000000	1.008387e+03
	906	482	226.500000	30.500000	1.015829e+03
	982	482	245.500000	30.500000	1.008429e+03
	995	482	248.750000	30.500000	1.010449e+03
	757	483	189.250000	30.750000	1.017834e+03
	988	483	247.000000	30.750000	1.008962e+03
	981	484	245.250000	31.000000	1.008567e+03
	773	485	193.250000	31.250000	1.019274e+03
	910	485	227.500000	31.250000	1.015714e+03
	975	485	243.750000	31.250000	1.013057e+03
	987	485	246.750000	31.250000	1.009002e+03
	913	488	228.250000	32.000000	1.015707e+03
	940	488	235.000000	32.000000	1.017207e+03
	974	488	243.500000	32.000000	1.013149e+03
	979	489	244.750000	32.250000	1.007894e+03
	995	489	248.750000	32.250000	1.013984e+03
	999	489	249.750000	32.250000	1.014094e+03
	942	490	235.500000	32.500000	1.017244e+03
	914	491	228.500000	32.750000	1.015674e+03
	978	491	244.500000	32.750000	1.008099e+03
	982	491	245.500000	32.750000	1.008302e+03
	702	492	175.500000	33.000000	1.017719e+03
	996	492	249.000000	33.000000	1.013539e+03
	1000	492	250.000000	33.000000	1.012364e+03
	673	493	168.250000	33.250000	1.017209e+03
	915	493	228.750000	33.250000	1.015647e+03
	991	495	247.750000	33.750000	1.012189e+03
	967	496	241.750000	34.000000	1.012784e+03
	970	496	242.500000	34.000000	1.012137e+03
	917	497	229.250000	34.250000	1.015577e+03
	962	497	240.500000	34.250000	1.013829e+03
	979	497	244.750000	34.250000	1.008752e+03
	941	499	235.250000	34.750000	1.017207e+03
	960	499	240.000000	34.750000	1.013809e+03
	992	499	248.000000	34.750000	1.014179e+03
	975	500	243.750000	35.000000	1.008059e+03
	981	500	245.250000	35.000000	1.008332e+03
	911	501	227.750000	35.250000	1.015627e+03
	997	501	249.250000	35.250000	1.014109e+03
	971	503	242.750000	35.750000	1.008212e+03
	974	503	243.500000	35.750000	1.008074e+03
	963	504	240.750000	36.000000	1.007624e+03
	990	504	247.500000	36.000000	1.015934e+03
	995	504	248.750000	36.000000	1.013942e+03
	782	505	195.500000	36.250000	1.020242e+03
	960	505	240.000000	36.250000	1.008039e+03
	982	505	245.500000	36.250000	1.008107e+03
	972	506	243.000000	36.500000	1.008662e+03
	1000	508	250.000000	37.000000	1.013412e+03
	997	510	249.250000	37.500000	1.011834e+03
	973	511	243.250000	37.750000	1.012884e+03
	928	512	232.000000	38.000000	1.017014e+03
	976	512	244.000000	38.000000	1.012789e+03
	980	512	245.000000	38.000000	1.011747e+03
	987	512	246.750000	38.000000	1.012457e+03
	991	512	247.750000	38.000000	1.014719e+03
	944	513	236.000000	38.250000	1.015382e+03
	969	513	242.250000	38.250000	1.013349e+03
	835	514	208.750000	38.500000	1.025802e+03
	997	514	249.250000	38.500000	1.010749e+03
	1000	515	250.000000	38.750000	1.010012e+03
	966	516	241.500000	39.000000	1.013059e+03
	676	517	169.000000	39.250000	1.011949e+03
	834	517	208.500000	39.250000	1.025754e+03
	663	518	165.750000	39.500000	1.011979e+03
	835	518	208.750000	39.500000	1.025754e+03
	986	518	246.500000	39.500000	1.012144e+03
	990	518	247.500000	39.500000	1.010857e+03
	671	519	167.750000	39.750000	1.012039e+03
	952	519	238.000000	39.750000	1.009232e+03
	969	520	242.250000	40.000000	1.010797e+03
	992	520	248.000000	40.000000	1.012069e+03
	981	521	245.250000	40.250000	1.012212e+03
	987	521	246.750000	40.250000	1.011329e+03
	968	522	242.000000	40.500000	1.010922e+03
	973	522	243.250000	40.500000	1.011089e+03
	946	523	236.500000	40.750000	1.011864e+03
	946	524	236.500000	41.000000	1.011864e+03
	980	524	245.000000	41.000000	1.012714e+03
	995	525	248.750000	41.250000	1.014462e+03
	940	526	235.000000	41.500000	1.013144e+03
	982	526	245.500000	41.500000	1.012932e+03
	946	527	236.500000	41.750000	1.010629e+03
	950	527	237.500000	41.750000	1.011304e+03
	988	527	247.000000	41.750000	1.012419e+03
	953	528	238.250000	42.000000	1.011472e+03
	961	528	240.250000	42.000000	1.012699e+03
	973	528	243.250000	42.000000	1.013304e+03
	711	529	177.750000	42.250000	1.007894e+03
	948	530	237.000000	42.500000	1.010239e+03
	735	531	183.750000	42.750000	1.012587e+03
	963	531	240.750000	42.750000	1.012484e+03
	969	531	242.250000	42.750000	1.011482e+03
	980	531	245.000000	42.750000	1.011937e+03
	985	531	246.250000	42.750000	1.012377e+03
	977	532	244.250000	43.000000	1.011314e+03
	988	532	247.000000	43.000000	1.012927e+03
	890	533	222.500000	43.250000	1.024189e+03
	957	533	239.250000	43.250000	1.012632e+03
	891	535	222.750000	43.750000	1.024219e+03
	968	535	242.000000	43.750000	1.011882e+03
	960	536	240.000000	44.000000	1.012737e+03
	972	536	243.000000	44.000000	1.010657e+03
	990	536	247.500000	44.000000	1.012537e+03
	955	539	238.750000	44.750000	1.011429e+03
	962	539	240.500000	44.750000	1.011669e+03
	969	539	242.250000	44.750000	1.012292e+03
	979	539	244.750000	44.750000	1.016129e+03
	984	539	246.000000	44.750000	1.015314e+03
	997	539	249.250000	44.750000	1.016767e+03
	949	541	237.250000	45.250000	1.012682e+03
	990	541	247.500000	45.250000	1.014592e+03
	967	542	241.750000	45.500000	1.012227e+03
	978	542	244.500000	45.500000	1.015747e+03
	982	542	245.500000	45.500000	1.015592e+03
	956	543	239.000000	45.750000	1.011484e+03
	970	543	242.500000	45.750000	1.012614e+03
	897	544	224.250000	46.000000	1.024539e+03
	962	544	240.500000	46.000000	1.009347e+03
	993	544	248.250000	46.000000	1.013787e+03
	948	546	237.000000	46.500000	1.014514e+03
	963	546	240.750000	46.500000	1.009367e+03
	972	546	243.000000	46.500000	1.011462e+03
	709	547	177.250000	46.750000	1.008019e+03
	968	547	242.000000	46.750000	1.010337e+03
	984	547	246.000000	46.750000	1.013102e+03
	949	549	237.250000	47.250000	1.014297e+03
	741	550	185.250000	47.500000	1.011239e+03
	846	550	211.500000	47.500000	1.020097e+03
	982	551	245.500000	47.750000	1.011862e+03
	992	551	248.000000	47.750000	1.012022e+03
	962	552	240.500000	48.000000	1.010312e+03
	970	552	242.500000	48.000000	1.010954e+03
	808	553	202.000000	48.250000	1.018007e+03
	956	555	239.000000	48.750000	1.016127e+03
	968	555	242.000000	48.750000	1.010409e+03
	974	555	243.500000	48.750000	1.011457e+03
	950	556	237.500000	49.000000	1.014822e+03
	998	556	249.500000	49.000000	1.012679e+03
	882	557	220.500000	49.250000	1.021662e+03
	977	558	244.250000	49.500000	1.011569e+03
	934	559	233.500000	49.750000	1.017319e+03
	940	560	235.000000	50.000000	1.015617e+03
	962	560	240.500000	50.000000	1.011252e+03
	987	560	246.750000	50.000000	1.009729e+03
	968	561	242.000000	50.250000	1.012812e+03
	949	562	237.250000	50.500000	1.015189e+03
	963	562	240.750000	50.500000	1.011332e+03
	866	563	216.500000	50.750000	1.021917e+03
	870	563	217.500000	50.750000	1.021899e+03
	880	563	220.000000	50.750000	1.021917e+03
	957	563	239.250000	50.750000	1.010854e+03
	975	563	243.750000	50.750000	1.013467e+03
	860	564	215.000000	51.000000	1.021807e+03
	993	564	248.250000	51.000000	1.011047e+03
	845	565	211.250000	51.250000	1.021709e+03
	954	565	238.500000	51.250000	1.011509e+03
	982	565	245.500000	51.250000	1.010807e+03
	970	566	242.500000	51.500000	1.014047e+03
	934	567	233.500000	51.750000	1.019147e+03
	834	568	208.500000	52.000000	1.021737e+03
	946	568	236.500000	52.000000	1.012779e+03
	979	570	244.750000	52.500000	1.010397e+03
	873	571	218.250000	52.750000	1.021497e+03
	963	571	240.750000	52.750000	1.014224e+03
	871	573	217.750000	53.250000	1.021502e+03
	960	573	240.000000	53.250000	1.015357e+03
	974	573	243.500000	53.250000	1.011097e+03
	981	573	245.250000	53.250000	1.011417e+03
	986	573	246.500000	53.250000	1.011709e+03
	772	575	193.000000	53.750000	1.022682e+03
	913	575	228.250000	53.750000	1.019677e+03
	984	575	246.000000	53.750000	1.011579e+03
	950	576	237.500000	54.000000	1.015822e+03
	981	576	245.250000	54.000000	1.011509e+03
	988	576	247.000000	54.000000	1.011297e+03
	921	577	230.250000	54.250000	1.020132e+03
	784	579	196.000000	54.750000	1.022309e+03
	990	579	247.500000	54.750000	1.011412e+03
	919	580	229.750000	55.000000	1.019762e+03
	940	580	235.000000	55.000000	1.017482e+03
	791	581	197.750000	55.250000	1.022287e+03
	842	581	210.500000	55.250000	1.020667e+03
	982	581	245.500000	55.250000	1.012912e+03
	797	582	199.250000	55.500000	1.022034e+03
	935	582	233.750000	55.500000	1.017974e+03
	976	582	244.000000	55.500000	1.012369e+03
	987	583	246.750000	55.750000	1.013262e+03
	998	583	249.500000	55.750000	1.014704e+03
	944	584	236.000000	56.000000	1.015664e+03
	981	584	245.250000	56.000000	1.012414e+03
	805	585	201.250000	56.250000	1.021177e+03
	964	585	241.000000	56.250000	1.013157e+03
	977	585	244.250000	56.250000	1.012474e+03
	813	588	203.250000	57.000000	1.020034e+03
	902	588	225.500000	57.000000	1.016872e+03
	906	588	226.500000	57.000000	1.017307e+03
	970	588	242.500000	57.000000	1.012499e+03
	948	589	237.000000	57.250000	1.014287e+03
	980	589	245.000000	57.250000	1.013167e+03
	940	590	235.000000	57.500000	1.014497e+03
	954	590	238.500000	57.500000	1.012744e+03
	964	590	241.000000	57.500000	1.012702e+03
	830	591	207.500000	57.750000	1.018282e+03
	896	591	224.000000	57.750000	1.017169e+03
	906	591	226.500000	57.750000	1.017257e+03
	926	591	231.500000	57.750000	1.014822e+03
	820	592	205.000000	58.000000	1.018509e+03
	918	592	229.500000	58.000000	1.014412e+03
	938	592	234.500000	58.000000	1.014599e+03
	958	592	239.500000	58.000000	1.012359e+03
	973	593	243.250000	58.250000	1.013147e+03
	977	593	244.250000	58.250000	1.013107e+03
	890	594	222.500000	58.500000	1.017094e+03
	894	594	223.500000	58.500000	1.017087e+03
	914	594	228.500000	58.500000	1.014234e+03
	954	594	238.500000	58.500000	1.012299e+03
	825	595	206.250000	58.750000	1.017839e+03
	919	595	229.750000	58.750000	1.014174e+03
	935	595	233.750000	58.750000	1.014064e+03
	991	595	247.750000	58.750000	1.012044e+03
	988	596	247.000000	59.000000	1.012044e+03
	924	597	231.000000	59.250000	1.014107e+03
	930	597	232.500000	59.250000	1.013184e+03
	950	597	237.500000	59.250000	1.013189e+03
	994	597	248.500000	59.250000	1.012037e+03
	826	598	206.500000	59.500000	1.017452e+03
	837	598	209.250000	59.500000	1.016237e+03
	913	598	228.250000	59.500000	1.014852e+03
	998	598	249.500000	59.500000	1.012122e+03
	917	599	229.250000	59.750000	1.014647e+03
	960	599	240.000000	59.750000	1.012209e+03
	973	599	243.250000	59.750000	1.012737e+03
	984	599	246.000000	59.750000	1.012724e+03
	821	600	205.250000	60.000000	1.017547e+03
	844	600	211.000000	60.000000	1.015949e+03
	845	600	211.250000	60.000000	1.015949e+03
	881	600	220.250000	60.000000	1.016029e+03
	912	600	228.000000	60.000000	1.014859e+03
