2015	5	21	195	15
	822	429	205.500000	17.250000	1.013626e+03
	805	434	201.250000	18.500000	1.014394e+03
	800	435	200.000000	18.750000	1.014549e+03
	796	436	199.000000	19.000000	1.014501e+03
	807	436	201.750000	19.000000	1.014439e+03
	820	436	205.000000	19.000000	1.014321e+03
	814	438	203.500000	19.500000	1.014471e+03
	810	439	202.500000	19.750000	1.014441e+03
	812	440	203.000000	20.000000	1.014419e+03
	815	440	203.750000	20.000000	1.014304e+03
	805	441	201.250000	20.250000	1.014719e+03
	820	441	205.000000	20.250000	1.014991e+03
	817	442	204.250000	20.500000	1.014829e+03
	809	443	202.250000	20.750000	1.014664e+03
	821	443	205.250000	20.750000	1.015176e+03
	807	444	201.750000	21.000000	1.014664e+03
	817	444	204.250000	21.000000	1.014886e+03
	814	445	203.500000	21.250000	1.014806e+03
	816	446	204.000000	21.500000	1.014876e+03
	807	447	201.750000	21.750000	1.014924e+03
	813	447	203.250000	21.750000	1.014864e+03
	799	449	199.750000	22.250000	1.015351e+03
	789	450	197.250000	22.500000	1.015186e+03
	791	451	197.750000	22.750000	1.015181e+03
	787	454	196.750000	23.500000	1.015554e+03
	803	457	200.750000	24.250000	1.015636e+03
	790	458	197.500000	24.500000	1.015531e+03
	936	464	234.000000	26.000000	1.018189e+03
	996	464	249.000000	26.000000	1.012506e+03
	938	465	234.500000	26.250000	1.018151e+03
	986	467	246.500000	26.750000	1.015604e+03
	998	468	249.500000	27.000000	1.012261e+03
	987	469	246.750000	27.250000	1.015569e+03
	1000	469	250.000000	27.250000	1.012211e+03
	998	473	249.500000	28.250000	1.012481e+03
	957	474	239.250000	28.500000	1.017581e+03
	947	475	236.750000	28.750000	1.017391e+03
	947	476	236.750000	29.000000	1.017391e+03
	994	476	248.500000	29.000000	1.012176e+03
	801	478	200.250000	29.500000	1.013594e+03
	997	478	249.250000	29.500000	1.012231e+03
	810	485	202.500000	31.250000	1.014271e+03
	984	485	246.000000	31.250000	1.008696e+03
	812	487	203.000000	31.750000	1.014266e+03
	979	489	244.750000	32.250000	1.009516e+03
	816	491	204.000000	32.750000	1.013956e+03
	984	491	246.000000	32.750000	1.009169e+03
	988	491	247.000000	32.750000	1.009129e+03
	970	492	242.500000	33.000000	1.014599e+03
	859	493	214.750000	33.250000	1.017626e+03
	878	494	219.500000	33.500000	1.018906e+03
	821	495	205.250000	33.750000	1.013936e+03
	966	495	241.500000	33.750000	1.014184e+03
	979	497	244.750000	34.250000	1.008389e+03
	982	497	245.500000	34.250000	1.008209e+03
	981	499	245.250000	34.750000	1.008266e+03
	1000	499	250.000000	34.750000	1.012751e+03
	964	500	241.000000	35.000000	1.012874e+03
	995	502	248.750000	35.500000	1.012069e+03
	885	503	221.250000	35.750000	1.018526e+03
	995	503	248.750000	35.750000	1.012069e+03
	829	504	207.250000	36.000000	1.013261e+03
	990	504	247.500000	36.000000	1.012176e+03
	867	505	216.750000	36.250000	1.019049e+03
	960	505	240.000000	36.250000	1.013141e+03
	963	505	240.750000	36.250000	1.012936e+03
	982	505	245.500000	36.250000	1.008196e+03
	972	506	243.000000	36.500000	1.007429e+03
	735	507	183.750000	36.750000	1.027096e+03
	989	507	247.250000	36.750000	1.011359e+03
	1000	507	250.000000	36.750000	1.012421e+03
	948	508	237.000000	37.000000	1.014209e+03
	875	510	218.750000	37.500000	1.018346e+03
	997	510	249.250000	37.500000	1.011391e+03
	955	511	238.750000	37.750000	1.013511e+03
	986	511	246.500000	37.750000	1.011684e+03
	960	512	240.000000	38.000000	1.011879e+03
	959	514	239.750000	38.500000	1.011634e+03
	970	514	242.500000	38.500000	1.010749e+03
	861	515	215.250000	38.750000	1.018986e+03
	746	516	186.500000	39.000000	1.026989e+03
	747	516	186.750000	39.000000	1.026989e+03
	958	516	239.500000	39.000000	1.011724e+03
	969	516	242.250000	39.000000	1.010959e+03
	991	516	247.750000	39.000000	1.012051e+03
	1000	516	250.000000	39.000000	1.012076e+03
	950	517	237.500000	39.250000	1.012386e+03
	951	517	237.750000	39.250000	1.012386e+03
	956	518	239.000000	39.500000	1.012061e+03
	948	519	237.000000	39.750000	1.012416e+03
	970	520	242.500000	40.000000	1.011306e+03
	988	520	247.000000	40.000000	1.012756e+03
	947	521	236.750000	40.250000	1.012611e+03
	975	522	243.750000	40.500000	1.011654e+03
	987	524	246.750000	41.000000	1.012396e+03
	969	526	242.250000	41.500000	1.011954e+03
	947	527	236.750000	41.750000	1.012829e+03
	958	527	239.500000	41.750000	1.013034e+03
	950	529	237.500000	42.250000	1.012459e+03
	977	529	244.250000	42.250000	1.011906e+03
	970	530	242.500000	42.500000	1.011874e+03
	835	532	208.750000	43.000000	1.009699e+03
	990	532	247.500000	43.000000	1.013989e+03
	964	533	241.000000	43.250000	1.012086e+03
	976	533	244.000000	43.250000	1.011789e+03
	951	535	237.750000	43.750000	1.011746e+03
	972	536	243.000000	44.000000	1.011786e+03
	957	537	239.250000	44.250000	1.011579e+03
	1000	537	250.000000	44.250000	1.016821e+03
	951	538	237.750000	44.500000	1.011739e+03
	984	538	246.000000	44.500000	1.014671e+03
	979	539	244.750000	44.750000	1.014359e+03
	989	540	247.250000	45.000000	1.015449e+03
	993	541	248.250000	45.250000	1.015371e+03
	998	541	249.500000	45.250000	1.016489e+03
	948	542	237.000000	45.500000	1.011861e+03
	954	544	238.500000	46.000000	1.010944e+03
	959	545	239.750000	46.250000	1.009721e+03
	976	545	244.000000	46.250000	1.011671e+03
	985	545	246.250000	46.250000	1.014056e+03
	810	546	202.500000	46.500000	1.012306e+03
	953	546	238.250000	46.500000	1.010784e+03
	808	548	202.000000	47.000000	1.012296e+03
	962	548	240.500000	47.000000	1.009366e+03
	993	548	248.250000	47.000000	1.016116e+03
	996	548	249.000000	47.000000	1.016009e+03
	944	551	236.000000	47.750000	1.011486e+03
	950	552	237.500000	48.000000	1.011156e+03
	951	552	237.750000	48.000000	1.011156e+03
	963	552	240.750000	48.000000	1.009884e+03
	1000	553	250.000000	48.250000	1.017631e+03
	663	554	165.750000	48.500000	9.818113e+02
	670	554	167.500000	48.500000	9.818563e+02
	800	554	200.000000	48.500000	1.012391e+03
	947	554	236.750000	48.500000	1.011009e+03
	946	556	236.500000	49.000000	1.010949e+03
	993	556	248.250000	49.000000	1.017929e+03
	950	557	237.500000	49.250000	1.011111e+03
	958	557	239.500000	49.250000	1.012279e+03
	944	558	236.000000	49.500000	1.011046e+03
	664	559	166.000000	49.750000	9.823862e+02
	933	559	233.250000	49.750000	1.011266e+03
	963	559	240.750000	49.750000	1.011776e+03
	665	561	166.250000	50.250000	9.823713e+02
	965	562	241.250000	50.500000	1.012006e+03
	964	564	241.000000	51.000000	1.011964e+03
	935	565	233.750000	51.250000	1.012491e+03
	954	565	238.500000	51.250000	1.012611e+03
	967	569	241.750000	52.250000	1.013456e+03
	976	569	244.000000	52.250000	1.012939e+03
	876	570	219.000000	52.500000	1.024004e+03
	956	570	239.000000	52.500000	1.012034e+03
	927	572	231.750000	53.000000	1.013569e+03
	972	572	243.000000	53.000000	1.013151e+03
	952	573	238.000000	53.250000	1.012699e+03
	814	576	203.500000	54.000000	1.014204e+03
	968	577	242.000000	54.250000	1.012986e+03
	951	578	237.750000	54.500000	1.013134e+03
	975	580	243.750000	55.000000	1.013914e+03
	784	581	196.000000	55.250000	1.013671e+03
	956	583	239.000000	55.750000	1.014074e+03
	951	584	237.750000	56.000000	1.014264e+03
	801	586	200.250000	56.500000	1.014984e+03
	904	586	226.000000	56.500000	1.017496e+03
	923	587	230.750000	56.750000	1.017406e+03
	910	588	227.500000	57.000000	1.016734e+03
	936	588	234.000000	57.000000	1.016684e+03
	960	588	240.000000	57.000000	1.013399e+03
	931	589	232.750000	57.250000	1.017324e+03
	974	589	243.500000	57.250000	1.014664e+03
	918	590	229.500000	57.500000	1.018561e+03
	908	591	227.000000	57.750000	1.016454e+03
	958	591	239.500000	57.750000	1.013204e+03
	938	592	234.500000	58.000000	1.016261e+03
	976	592	244.000000	58.000000	1.014591e+03
	984	592	246.000000	58.000000	1.015171e+03
	913	593	228.250000	58.250000	1.018099e+03
	990	593	247.500000	58.250000	1.015086e+03
	991	593	247.750000	58.250000	1.015086e+03
	904	594	226.000000	58.500000	1.016839e+03
	892	595	223.000000	58.750000	1.017366e+03
	946	595	236.500000	58.750000	1.013794e+03
	981	595	245.250000	58.750000	1.014869e+03
	971	596	242.750000	59.000000	1.014539e+03
	909	597	227.250000	59.250000	1.017574e+03
	910	597	227.500000	59.250000	1.017574e+03
	918	597	229.500000	59.250000	1.016949e+03
	952	597	238.000000	59.250000	1.013736e+03
	928	598	232.000000	59.500000	1.016251e+03
	960	598	240.000000	59.500000	1.014044e+03
	983	598	245.750000	59.500000	1.014514e+03
	834	599	208.500000	59.750000	1.021386e+03
	924	599	231.000000	59.750000	1.016406e+03
	885	600	221.250000	60.000000	1.018219e+03
	943	600	235.750000	60.000000	1.014304e+03
