2014	10	15	196	15
	963	420	240.750000	15.000000	1.011609e+03
	892	421	223.000000	15.250000	1.012004e+03
	741	422	185.250000	15.500000	1.010316e+03
	767	422	191.750000	15.500000	1.009906e+03
	773	422	193.250000	15.500000	1.010056e+03
	945	422	236.250000	15.500000	1.011804e+03
	722	431	180.500000	17.750000	1.011636e+03
	817	434	204.250000	18.500000	1.012209e+03
	740	437	185.000000	19.250000	1.011601e+03
	741	437	185.250000	19.250000	1.011601e+03
	746	438	186.500000	19.500000	1.011699e+03
	814	438	203.500000	19.500000	1.012361e+03
	812	439	203.000000	19.750000	1.012486e+03
	794	440	198.500000	20.000000	1.012261e+03
	815	440	203.750000	20.000000	1.012259e+03
	820	441	205.000000	20.250000	1.012804e+03
	987	441	246.750000	20.250000	1.012671e+03
	811	442	202.750000	20.500000	1.012561e+03
	818	442	204.500000	20.500000	1.012734e+03
	702	443	175.500000	20.750000	1.014126e+03
	821	443	205.250000	20.750000	1.013024e+03
	814	445	203.500000	21.250000	1.013034e+03
	925	445	231.250000	21.250000	1.014914e+03
	785	447	196.250000	21.750000	1.013409e+03
	923	447	230.750000	21.750000	1.014906e+03
	924	447	231.000000	21.750000	1.014906e+03
	803	451	200.750000	22.750000	1.013531e+03
	1000	451	250.000000	22.750000	1.012116e+03
	965	454	241.250000	23.500000	1.014916e+03
	995	456	248.750000	24.000000	1.012544e+03
	902	457	225.500000	24.250000	1.016121e+03
	924	458	231.000000	24.500000	1.015381e+03
	992	459	248.000000	24.750000	1.012724e+03
	926	463	231.500000	25.750000	1.015294e+03
	991	463	247.750000	25.750000	1.012671e+03
	943	464	235.750000	26.000000	1.015451e+03
	990	465	247.500000	26.250000	1.012674e+03
	928	466	232.000000	26.500000	1.015236e+03
	965	466	241.250000	26.500000	1.015431e+03
	903	467	225.750000	26.750000	1.015919e+03
	918	467	229.500000	26.750000	1.015676e+03
	981	469	245.250000	27.250000	1.014331e+03
	955	470	238.750000	27.500000	1.015571e+03
	906	471	226.500000	27.750000	1.015886e+03
	932	471	233.000000	27.750000	1.015181e+03
	997	471	249.250000	27.750000	1.011124e+03
	934	472	233.500000	28.000000	1.015164e+03
	938	472	234.500000	28.000000	1.015201e+03
	943	472	235.750000	28.000000	1.015129e+03
	985	472	246.250000	28.000000	1.013954e+03
	796	473	199.000000	28.250000	1.015364e+03
	908	473	227.000000	28.250000	1.015891e+03
	945	473	236.250000	28.250000	1.015119e+03
	994	473	248.500000	28.250000	1.011331e+03
	911	474	227.750000	28.500000	1.015894e+03
	807	475	201.750000	28.750000	1.015459e+03
	867	475	216.750000	28.750000	1.017186e+03
	982	475	245.500000	28.750000	1.013929e+03
	992	475	248.000000	28.750000	1.011281e+03
	980	477	245.000000	29.250000	1.014001e+03
	948	478	237.000000	29.500000	1.015059e+03
	802	479	200.500000	29.750000	1.015521e+03
	950	479	237.500000	29.750000	1.015074e+03
	988	479	247.000000	29.750000	1.011081e+03
	844	480	211.000000	30.000000	1.015929e+03
	976	482	244.000000	30.500000	1.014359e+03
	988	482	247.000000	30.500000	1.011114e+03
	955	483	238.750000	30.750000	1.015099e+03
	982	483	245.500000	30.750000	1.010609e+03
	981	486	245.250000	31.500000	1.010811e+03
	972	487	243.000000	31.750000	1.014909e+03
	991	487	247.750000	31.750000	1.012059e+03
	964	489	241.000000	32.250000	1.014859e+03
	992	489	248.000000	32.250000	1.011991e+03
	984	491	246.000000	32.750000	1.011179e+03
	694	492	173.500000	33.000000	1.023274e+03
	695	492	173.750000	33.000000	1.023274e+03
	968	492	242.000000	33.000000	1.015016e+03
	977	492	244.250000	33.000000	1.011029e+03
	993	493	248.250000	33.250000	1.012206e+03
	955	495	238.750000	33.750000	1.014796e+03
	960	496	240.000000	34.000000	1.014641e+03
	999	496	249.750000	34.000000	1.016654e+03
	978	497	244.500000	34.250000	1.010619e+03
	981	499	245.250000	34.750000	1.011064e+03
	982	499	245.500000	34.750000	1.011064e+03
	996	499	249.000000	34.750000	1.015389e+03
	930	500	232.500000	35.000000	1.014346e+03
	944	500	236.000000	35.000000	1.014331e+03
	963	500	240.750000	35.000000	1.015541e+03
	976	500	244.000000	35.000000	1.010941e+03
	963	502	240.750000	35.500000	1.015496e+03
	991	503	247.750000	35.750000	1.015244e+03
	997	503	249.250000	35.750000	1.016774e+03
	960	505	240.000000	36.250000	1.015216e+03
	982	505	245.500000	36.250000	1.010381e+03
	972	506	243.000000	36.500000	1.007884e+03
	981	507	245.250000	36.750000	1.010664e+03
	989	507	247.250000	36.750000	1.014289e+03
	692	508	173.000000	37.000000	1.024239e+03
	996	508	249.000000	37.000000	1.015446e+03
	968	509	242.000000	37.250000	1.008526e+03
	955	511	238.750000	37.750000	1.014746e+03
	980	511	245.000000	37.750000	1.011124e+03
	986	511	246.500000	37.750000	1.012874e+03
	969	512	242.250000	38.000000	1.007149e+03
	975	513	243.750000	38.250000	1.009614e+03
	1000	513	250.000000	38.250000	1.015264e+03
	997	514	249.250000	38.500000	1.015431e+03
	967	515	241.750000	38.750000	1.007091e+03
	712	516	178.000000	39.000000	1.023716e+03
	990	518	247.500000	39.500000	1.009951e+03
	965	519	241.250000	39.750000	1.008636e+03
	950	521	237.500000	40.250000	1.012431e+03
	999	521	249.750000	40.250000	1.015509e+03
	974	523	243.500000	40.750000	1.004604e+03
	979	525	244.750000	41.250000	1.004684e+03
	988	525	247.000000	41.250000	1.004776e+03
	975	526	243.750000	41.500000	1.004914e+03
	950	527	237.500000	41.750000	1.011576e+03
	991	527	247.750000	41.750000	1.005734e+03
	982	530	245.500000	42.500000	1.002031e+03
	977	532	244.250000	43.000000	1.002671e+03
	988	532	247.000000	43.000000	1.003116e+03
	973	535	243.250000	43.750000	1.002669e+03
	993	535	248.250000	43.750000	1.004761e+03
	837	538	209.250000	44.500000	9.898513e+02
	834	539	208.500000	44.750000	9.900563e+02
	972	539	243.000000	44.750000	1.002661e+03
	954	543	238.500000	45.750000	1.003466e+03
	974	543	243.500000	45.750000	1.000041e+03
	994	543	248.500000	45.750000	1.002699e+03
	1000	544	250.000000	46.000000	1.003041e+03
	978	545	244.500000	46.250000	1.000131e+03
	980	547	245.000000	46.750000	9.996213e+02
	975	549	243.750000	47.250000	1.000111e+03
	962	550	240.500000	47.500000	1.000319e+03
	988	550	247.000000	47.500000	1.000681e+03
	997	550	249.250000	47.500000	9.996287e+02
	971	551	242.750000	47.750000	1.000621e+03
	985	551	246.250000	47.750000	1.000186e+03
	937	553	234.250000	48.250000	9.975988e+02
	1000	553	250.000000	48.250000	1.000416e+03
	771	554	192.750000	48.500000	1.008026e+03
	947	554	236.750000	48.500000	9.980287e+02
	965	554	241.250000	48.500000	1.000226e+03
	969	554	242.250000	48.500000	1.000161e+03
	981	555	245.250000	48.750000	1.000761e+03
	769	557	192.250000	49.250000	1.008044e+03
	959	557	239.750000	49.250000	1.001176e+03
	998	559	249.500000	49.750000	1.002261e+03
	957	560	239.250000	50.000000	1.000941e+03
	942	561	235.500000	50.250000	9.993337e+02
	666	562	166.500000	50.500000	9.796188e+02
	938	562	234.500000	50.500000	9.996838e+02
	970	562	242.500000	50.500000	1.001879e+03
	944	564	236.000000	51.000000	1.000374e+03
	947	565	236.750000	51.250000	9.998513e+02
	948	565	237.000000	51.250000	9.998513e+02
	955	565	238.750000	51.250000	1.000636e+03
	973	566	243.250000	51.500000	1.003436e+03
	955	568	238.750000	52.000000	1.001166e+03
	950	569	237.500000	52.250000	1.001614e+03
	940	571	235.000000	52.750000	1.000724e+03
	970	571	242.500000	52.750000	1.002221e+03
	945	572	236.250000	53.000000	1.001149e+03
	954	572	238.500000	53.000000	1.001114e+03
	950	574	237.500000	53.500000	1.000776e+03
	964	574	241.000000	53.500000	1.002299e+03
	769	575	192.250000	53.750000	1.008566e+03
	770	576	192.500000	54.000000	1.008566e+03
	937	576	234.250000	54.000000	1.003056e+03
	959	576	239.750000	54.000000	1.003396e+03
	890	579	222.500000	54.750000	9.814313e+02
	935	580	233.750000	55.000000	1.002961e+03
	996	580	249.000000	55.000000	1.007919e+03
	803	583	200.750000	55.750000	1.002869e+03
	845	583	211.250000	55.750000	9.968862e+02
	925	583	231.250000	55.750000	1.000929e+03
	734	585	183.500000	56.250000	1.004954e+03
	841	585	210.250000	56.250000	9.968237e+02
	962	585	240.500000	56.250000	1.010046e+03
	728	588	182.000000	57.000000	1.004781e+03
	728	589	182.000000	57.250000	1.004781e+03
	916	590	229.000000	57.500000	1.000116e+03
	916	591	229.000000	57.750000	1.000116e+03
	717	592	179.250000	58.000000	1.005009e+03
	825	593	206.250000	58.250000	9.997938e+02
	676	594	169.000000	58.500000	1.003624e+03
	678	594	169.500000	58.500000	1.003624e+03
	888	595	222.000000	58.750000	9.946213e+02
	674	596	168.500000	59.000000	1.003634e+03
	945	598	236.250000	59.500000	1.013634e+03
	1000	598	250.000000	59.500000	1.003179e+03
	879	599	219.750000	59.750000	9.952988e+02
	828	600	207.000000	60.000000	9.993638e+02
