2014	12	14	148	21
	1000	422	250.000000	15.500000	1.011628e+03
	817	436	204.250000	19.000000	1.017705e+03
	816	439	204.000000	19.750000	1.017907e+03
	896	451	224.000000	22.750000	1.017352e+03
	899	454	224.750000	23.500000	1.017318e+03
	998	455	249.500000	23.750000	1.013405e+03
	904	456	226.000000	24.000000	1.017162e+03
	906	457	226.500000	24.250000	1.017157e+03
	996	457	249.000000	24.250000	1.013910e+03
	909	458	227.250000	24.500000	1.017128e+03
	909	459	227.250000	24.750000	1.017128e+03
	993	462	248.250000	25.500000	1.014250e+03
	992	464	248.000000	26.000000	1.014448e+03
	989	468	247.250000	27.000000	1.014710e+03
	984	474	246.000000	28.500000	1.015785e+03
	981	477	245.250000	29.250000	1.016422e+03
	979	480	244.750000	30.000000	1.016573e+03
	978	483	244.500000	30.750000	1.016685e+03
	977	485	244.250000	31.250000	1.016828e+03
	676	488	169.000000	32.000000	1.016388e+03
	966	488	241.500000	32.000000	1.018400e+03
	975	489	243.750000	32.250000	1.016903e+03
	965	491	241.250000	32.750000	1.018318e+03
	984	492	246.000000	33.000000	1.017688e+03
	973	493	243.250000	33.250000	1.017453e+03
	979	493	244.750000	33.250000	1.018177e+03
	687	494	171.750000	33.500000	1.016225e+03
	962	494	240.500000	33.500000	1.018208e+03
	988	495	247.000000	33.750000	1.017792e+03
	969	496	242.250000	34.000000	1.018030e+03
	972	496	243.000000	34.000000	1.017648e+03
	694	498	173.500000	34.500000	1.015400e+03
	992	498	248.000000	34.500000	1.016475e+03
	997	498	249.250000	34.500000	1.014833e+03
	964	500	241.000000	35.000000	1.017343e+03
	980	500	245.000000	35.000000	1.018390e+03
	983	500	245.750000	35.000000	1.018320e+03
	959	502	239.750000	35.500000	1.018003e+03
	963	504	240.750000	36.000000	1.018445e+03
	979	505	244.750000	36.250000	1.018602e+03
	994	505	248.500000	36.250000	1.016325e+03
	966	506	241.500000	36.500000	1.016443e+03
	988	506	247.000000	36.500000	1.018083e+03
	984	509	246.000000	37.250000	1.018610e+03
	961	511	240.250000	37.750000	1.017560e+03
	973	511	243.250000	37.750000	1.022495e+03
	995	511	248.750000	37.750000	1.014995e+03
	978	513	244.500000	38.250000	1.021682e+03
	960	515	240.000000	38.750000	1.017630e+03
	976	515	244.000000	38.750000	1.021400e+03
	959	517	239.750000	39.250000	1.017787e+03
	990	517	247.500000	39.250000	1.021000e+03
	967	518	241.750000	39.500000	1.021005e+03
	976	519	244.000000	39.750000	1.022102e+03
	984	520	246.000000	40.000000	1.020610e+03
	992	520	248.000000	40.000000	1.020735e+03
	963	521	240.750000	40.250000	1.021193e+03
	999	521	249.750000	40.250000	1.013320e+03
	769	522	192.250000	40.500000	1.014795e+03
	967	522	241.750000	40.500000	1.021275e+03
	983	522	245.750000	40.500000	1.020898e+03
	954	524	238.500000	41.000000	1.019110e+03
	985	525	246.250000	41.250000	1.021450e+03
	972	527	243.000000	41.750000	1.021545e+03
	987	527	246.750000	41.750000	1.021480e+03
	760	528	190.000000	42.000000	1.013390e+03
	963	528	240.750000	42.000000	1.021968e+03
	969	528	242.250000	42.000000	1.021585e+03
	991	528	247.750000	42.000000	1.021630e+03
	977	530	244.250000	42.500000	1.022177e+03
	954	531	238.500000	42.750000	1.019480e+03
	981	531	245.250000	42.750000	1.022515e+03
	966	532	241.500000	43.000000	1.022677e+03
	983	534	245.750000	43.500000	1.022815e+03
	948	535	237.000000	43.750000	1.013102e+03
	972	535	243.000000	43.750000	1.023188e+03
	979	536	244.750000	44.000000	1.021535e+03
	992	536	248.000000	44.000000	1.019472e+03
	684	537	171.000000	44.250000	9.875325e+02
	996	537	249.000000	44.250000	1.018653e+03
	957	538	239.250000	44.500000	1.021028e+03
	966	538	241.500000	44.500000	1.021775e+03
	915	542	228.750000	45.500000	9.990350e+02
	987	542	246.750000	45.500000	1.022588e+03
	978	544	244.500000	46.000000	1.022633e+03
	675	546	168.750000	46.500000	9.984725e+02
	676	546	169.000000	46.500000	9.984725e+02
	969	546	242.250000	46.500000	1.023253e+03
	971	548	242.750000	47.000000	1.023508e+03
	986	548	246.500000	47.000000	1.024443e+03
	976	549	244.000000	47.250000	1.023470e+03
	965	554	241.250000	48.500000	1.025108e+03
	971	554	242.750000	48.500000	1.024570e+03
	946	557	236.500000	49.250000	1.019898e+03
	943	558	235.750000	49.500000	1.019740e+03
	963	558	240.750000	49.500000	1.025973e+03
	973	558	243.250000	49.500000	1.025517e+03
	985	559	246.250000	49.750000	1.026870e+03
	958	560	239.500000	50.000000	1.025223e+03
	983	563	245.750000	50.750000	1.026823e+03
	968	564	242.000000	51.000000	1.027338e+03
	945	565	236.250000	51.250000	1.017955e+03
	955	566	238.750000	51.500000	1.025245e+03
	975	567	243.750000	51.750000	1.026290e+03
	952	568	238.000000	52.000000	1.024160e+03
	978	568	244.500000	52.000000	1.026440e+03
	971	570	242.750000	52.500000	1.024845e+03
	984	570	246.000000	52.500000	1.027938e+03
	940	572	235.000000	53.000000	1.022805e+03
	945	572	236.250000	53.000000	1.023710e+03
	957	572	239.250000	53.000000	1.024230e+03
	954	573	238.500000	53.250000	1.024035e+03
	965	574	241.250000	53.500000	1.023805e+03
	666	575	166.500000	53.750000	9.876975e+02
	938	576	234.500000	54.000000	1.023992e+03
	984	576	246.000000	54.000000	1.028728e+03
	959	577	239.750000	54.250000	1.023985e+03
	955	579	238.750000	54.750000	1.024363e+03
	979	579	244.750000	54.750000	1.027193e+03
	985	582	246.250000	55.500000	1.028373e+03
	949	583	237.250000	55.750000	1.025468e+03
	774	584	193.500000	56.000000	9.649175e+02
	927	584	231.750000	56.000000	1.021648e+03
	984	587	246.000000	56.750000	1.028688e+03
	819	588	204.750000	57.000000	9.788550e+02
	832	588	208.000000	57.000000	9.781475e+02
	964	588	241.000000	57.000000	1.025637e+03
	976	588	244.000000	57.000000	1.027932e+03
	928	589	232.000000	57.250000	1.021023e+03
	990	589	247.500000	57.250000	1.028850e+03
	714	591	178.500000	57.750000	9.782475e+02
	826	591	206.500000	57.750000	9.797350e+02
	918	591	229.500000	57.750000	1.018985e+03
	946	591	236.500000	57.750000	1.021235e+03
	976	591	244.000000	57.750000	1.028320e+03
	950	592	237.500000	58.000000	1.022250e+03
	962	592	240.500000	58.000000	1.024818e+03
	942	594	235.500000	58.500000	1.019605e+03
	913	595	228.250000	58.750000	1.018215e+03
	925	595	231.250000	58.750000	1.018145e+03
	936	596	234.000000	59.000000	1.019773e+03
	978	597	244.500000	59.250000	1.027105e+03
	915	598	228.750000	59.500000	1.016340e+03
	952	598	238.000000	59.500000	1.024160e+03
	906	599	226.500000	59.750000	1.014760e+03
	937	599	234.250000	59.750000	1.021787e+03
	962	599	240.500000	59.750000	1.026900e+03
	968	600	242.000000	60.000000	1.026693e+03
