2014	10	14	155	9
	784	420	196.000000	15.000000	1.011684e+03
	785	420	196.250000	15.000000	1.011684e+03
	946	421	236.500000	15.250000	1.011894e+03
	960	424	240.000000	16.000000	1.012176e+03
	947	428	236.750000	17.000000	1.011541e+03
	694	429	173.500000	17.250000	1.014426e+03
	813	431	203.250000	17.750000	1.013579e+03
	809	433	202.250000	18.250000	1.013581e+03
	960	433	240.000000	18.250000	1.012531e+03
	815	436	203.750000	19.000000	1.013476e+03
	814	438	203.500000	19.500000	1.013561e+03
	807	439	201.750000	19.750000	1.013711e+03
	812	439	203.000000	19.750000	1.013646e+03
	815	440	203.750000	20.000000	1.013464e+03
	821	440	205.250000	20.000000	1.015021e+03
	817	442	204.250000	20.500000	1.014361e+03
	821	443	205.250000	20.750000	1.015124e+03
	817	444	204.250000	21.000000	1.014819e+03
	695	448	173.750000	22.000000	1.016891e+03
	692	450	173.000000	22.500000	1.016844e+03
	690	452	172.500000	23.000000	1.016871e+03
	920	453	230.000000	23.250000	1.014901e+03
	998	453	249.500000	23.250000	1.011546e+03
	900	455	225.000000	23.750000	1.015986e+03
	997	455	249.250000	23.750000	1.011544e+03
	932	458	233.000000	24.500000	1.014894e+03
	993	460	248.250000	25.000000	1.012161e+03
	936	461	234.000000	25.250000	1.014926e+03
	963	461	240.750000	25.250000	1.015454e+03
	991	463	247.750000	25.750000	1.011856e+03
	996	464	249.000000	26.000000	1.011236e+03
	942	466	235.500000	26.500000	1.014821e+03
	980	470	245.000000	27.500000	1.013821e+03
	997	471	249.250000	27.750000	1.010969e+03
	994	473	248.500000	28.250000	1.011356e+03
	967	474	241.750000	28.500000	1.015199e+03
	983	474	245.750000	28.500000	1.012979e+03
	999	474	249.750000	28.500000	1.011459e+03
	964	476	241.000000	29.000000	1.015201e+03
	994	476	248.500000	29.000000	1.011304e+03
	989	478	247.250000	29.500000	1.011959e+03
	973	481	243.250000	30.250000	1.014549e+03
	968	484	242.000000	31.000000	1.014596e+03
	986	484	246.500000	31.000000	1.011944e+03
	716	486	179.000000	31.500000	1.020454e+03
	965	486	241.250000	31.500000	1.014666e+03
	692	487	173.000000	31.750000	1.021011e+03
	675	490	168.750000	32.500000	1.021336e+03
	984	491	246.000000	32.750000	1.013044e+03
	941	492	235.250000	33.000000	1.013024e+03
	977	492	244.250000	33.000000	1.013139e+03
	988	492	247.000000	33.000000	1.013204e+03
	993	492	248.250000	33.000000	1.014114e+03
	969	493	242.250000	33.250000	1.014724e+03
	982	494	245.500000	33.500000	1.013566e+03
	968	495	242.000000	33.750000	1.014874e+03
	971	495	242.750000	33.750000	1.014734e+03
	983	496	245.750000	34.000000	1.013701e+03
	979	497	244.750000	34.250000	1.014189e+03
	944	500	236.000000	35.000000	1.013189e+03
	969	500	242.250000	35.000000	1.015301e+03
	975	500	243.750000	35.000000	1.014616e+03
	956	501	239.000000	35.250000	1.014344e+03
	963	501	240.750000	35.250000	1.012709e+03
	664	502	166.000000	35.500000	1.021056e+03
	995	502	248.750000	35.500000	1.020346e+03
	945	503	236.250000	35.750000	1.013219e+03
	952	503	238.000000	35.750000	1.014069e+03
	971	503	242.750000	35.750000	1.015251e+03
	975	503	243.750000	35.750000	1.014796e+03
	960	505	240.000000	36.250000	1.011999e+03
	982	505	245.500000	36.250000	1.015309e+03
	994	505	248.500000	36.250000	1.020696e+03
	972	506	243.000000	36.500000	1.014856e+03
	958	508	239.500000	37.000000	1.012124e+03
	995	508	248.750000	37.000000	1.020769e+03
	1000	508	250.000000	37.000000	1.021011e+03
	967	509	241.750000	37.250000	1.017319e+03
	957	510	239.250000	37.500000	1.012104e+03
	945	511	236.250000	37.750000	1.013561e+03
	995	511	248.750000	37.750000	1.021086e+03
	996	513	249.000000	38.250000	1.021459e+03
	977	514	244.250000	38.500000	1.017929e+03
	988	514	247.000000	38.500000	1.020111e+03
	984	517	246.000000	39.250000	1.019684e+03
	951	519	237.750000	39.750000	1.010219e+03
	966	519	241.500000	39.750000	1.012171e+03
	969	520	242.250000	40.000000	1.012496e+03
	951	521	237.750000	40.250000	1.010271e+03
	962	521	240.500000	40.250000	1.011946e+03
	985	521	246.250000	40.250000	1.018806e+03
	998	522	249.500000	40.500000	1.021824e+03
	958	523	239.500000	40.750000	1.013031e+03
	965	524	241.250000	41.000000	1.011721e+03
	987	524	246.750000	41.000000	1.018961e+03
	937	525	234.250000	41.250000	1.011744e+03
	999	525	249.750000	41.250000	1.021499e+03
	951	527	237.750000	41.750000	1.010866e+03
	999	529	249.750000	42.250000	1.021374e+03
	948	530	237.000000	42.500000	1.011376e+03
	954	530	238.500000	42.500000	1.010284e+03
	976	530	244.000000	42.500000	1.012344e+03
	969	531	242.250000	42.750000	1.009806e+03
	723	533	180.750000	43.250000	9.974313e+02
	966	534	241.500000	43.500000	1.008629e+03
	971	535	242.750000	43.750000	1.008921e+03
	993	535	248.250000	43.750000	1.020091e+03
	956	537	239.000000	44.250000	1.008884e+03
	964	539	241.000000	44.750000	1.007334e+03
	972	545	243.000000	46.250000	1.005666e+03
	976	545	244.000000	46.250000	1.006161e+03
	957	546	239.250000	46.500000	1.004289e+03
	977	547	244.250000	46.750000	1.006016e+03
	949	552	237.250000	48.000000	1.006276e+03
	979	552	244.750000	48.000000	1.005684e+03
	984	552	246.000000	48.000000	1.006359e+03
	962	553	240.500000	48.250000	1.001971e+03
	869	554	217.250000	48.500000	9.890762e+02
	989	554	247.250000	48.500000	1.004436e+03
	975	556	243.750000	49.000000	1.004884e+03
	945	557	236.250000	49.250000	1.005211e+03
	941	559	235.250000	49.750000	1.004624e+03
	882	560	220.500000	50.000000	9.908113e+02
	947	560	236.750000	50.000000	1.004751e+03
	963	560	240.750000	50.000000	1.001009e+03
	982	563	245.500000	50.750000	9.999462e+02
	970	566	242.500000	51.500000	1.000986e+03
	964	568	241.000000	52.000000	1.000121e+03
	954	570	238.500000	52.500000	9.990887e+02
	965	571	241.250000	52.750000	9.998337e+02
	972	572	243.000000	53.000000	9.964562e+02
	949	573	237.250000	53.250000	9.983438e+02
	980	573	245.000000	53.250000	9.963312e+02
	967	575	241.750000	53.750000	9.970112e+02
	952	576	238.000000	54.000000	9.978787e+02
	974	577	243.500000	54.250000	9.963088e+02
	976	580	244.000000	55.000000	9.961863e+02
	889	582	222.250000	55.500000	9.729713e+02
	970	582	242.500000	55.500000	9.964037e+02
	925	583	231.250000	55.750000	9.991962e+02
	964	583	241.000000	55.750000	9.963513e+02
	953	584	238.250000	56.000000	9.956512e+02
	943	585	235.750000	56.250000	9.964562e+02
	937	589	234.250000	57.250000	9.979637e+02
	825	593	206.250000	58.250000	1.002879e+03
	910	593	227.500000	58.250000	9.952737e+02
	925	594	231.250000	58.500000	9.959863e+02
	888	595	222.000000	58.750000	9.901638e+02
	914	596	228.500000	59.000000	9.945963e+02
	882	597	220.500000	59.250000	9.894163e+02
	904	597	226.000000	59.250000	9.948538e+02
	879	599	219.750000	59.750000	9.897012e+02
	896	599	224.000000	59.750000	9.943113e+02
	832	600	208.000000	60.000000	9.997662e+02
	871	600	217.750000	60.000000	9.897812e+02
