2015	5	16	134	18
	814	438	203.500000	19.500000	1.017807e+03
	812	439	203.000000	19.750000	1.017962e+03
	815	440	203.750000	20.000000	1.017682e+03
	821	443	205.250000	20.750000	1.019629e+03
	817	444	204.250000	21.000000	1.019502e+03
	933	452	233.250000	23.000000	1.018414e+03
	998	456	249.500000	24.000000	1.014849e+03
	996	458	249.000000	24.500000	1.014814e+03
	994	461	248.500000	25.250000	1.015029e+03
	938	465	234.500000	26.250000	1.019074e+03
	992	466	248.000000	26.500000	1.014852e+03
	719	467	179.750000	26.750000	1.019677e+03
	939	467	234.750000	26.750000	1.019184e+03
	990	470	247.500000	27.500000	1.015247e+03
	725	471	181.250000	27.750000	1.019627e+03
	705	472	176.250000	28.000000	1.019997e+03
	727	472	181.750000	28.000000	1.019609e+03
	989	472	247.250000	28.000000	1.015129e+03
	987	474	246.750000	28.500000	1.015094e+03
	985	477	246.250000	29.250000	1.014977e+03
	686	480	171.500000	30.000000	1.019092e+03
	701	482	175.250000	30.500000	1.018904e+03
	991	482	247.750000	30.500000	1.014589e+03
	704	483	176.000000	30.750000	1.018897e+03
	980	483	245.000000	30.750000	1.014274e+03
	664	484	166.000000	31.000000	1.018679e+03
	671	484	167.750000	31.000000	1.018604e+03
	660	485	165.000000	31.250000	1.018672e+03
	707	485	176.750000	31.250000	1.018887e+03
	979	486	244.750000	31.500000	1.014447e+03
	987	486	246.750000	31.500000	1.015034e+03
	978	488	244.500000	32.000000	1.014462e+03
	977	490	244.250000	32.500000	1.014339e+03
	992	491	248.000000	32.750000	1.014852e+03
	739	493	184.750000	33.250000	1.018147e+03
	728	499	182.000000	34.750000	1.016879e+03
	961	499	240.250000	34.750000	1.013872e+03
	734	503	183.500000	35.750000	1.016387e+03
	960	505	240.000000	36.250000	1.014507e+03
	972	505	243.000000	36.250000	1.010854e+03
	979	505	244.750000	36.250000	1.010677e+03
	741	506	185.250000	36.500000	1.016044e+03
	744	508	186.000000	37.000000	1.015737e+03
	972	508	243.000000	37.000000	1.010522e+03
	975	508	243.750000	37.000000	1.010387e+03
	1000	508	250.000000	37.000000	1.007937e+03
	955	510	238.750000	37.500000	1.014702e+03
	964	511	241.000000	37.750000	1.011609e+03
	750	512	187.500000	38.000000	1.014889e+03
	968	512	242.000000	38.000000	1.011589e+03
	978	514	244.500000	38.500000	1.009859e+03
	997	515	249.250000	38.750000	1.006047e+03
	963	516	240.750000	39.000000	1.011232e+03
	976	516	244.000000	39.000000	1.009362e+03
	989	517	247.250000	39.250000	1.007014e+03
	964	518	241.000000	39.500000	1.011259e+03
	985	518	246.250000	39.500000	1.007402e+03
	997	518	249.250000	39.500000	1.006084e+03
	896	519	224.000000	39.750000	1.015954e+03
	988	519	247.000000	39.750000	1.007119e+03
	947	520	236.750000	40.000000	1.012627e+03
	992	520	248.000000	40.000000	1.007269e+03
	1000	520	250.000000	40.000000	1.004489e+03
	955	521	238.750000	40.250000	1.012974e+03
	991	523	247.750000	40.750000	1.006564e+03
	920	524	230.000000	41.000000	1.019439e+03
	1000	524	250.000000	41.000000	1.003174e+03
	984	525	246.000000	41.250000	1.004562e+03
	985	525	246.250000	41.250000	1.004562e+03
	953	526	238.250000	41.500000	1.012902e+03
	972	526	243.000000	41.500000	1.008874e+03
	999	526	249.750000	41.500000	1.003017e+03
	991	529	247.750000	42.250000	1.005679e+03
	959	530	239.750000	42.500000	1.012657e+03
	968	530	242.000000	42.500000	1.010314e+03
	999	531	249.750000	42.750000	1.002504e+03
	983	534	245.750000	43.500000	1.000622e+03
	993	534	248.250000	43.500000	1.004319e+03
	896	535	224.000000	43.750000	1.016792e+03
	959	535	239.750000	43.750000	1.012349e+03
	962	537	240.500000	44.250000	1.011459e+03
	947	540	236.750000	45.000000	1.016087e+03
	996	541	249.000000	45.250000	1.001912e+03
	948	542	237.000000	45.500000	1.015904e+03
	959	546	239.750000	46.500000	1.008519e+03
	987	548	246.750000	47.000000	1.004534e+03
	978	550	244.500000	47.500000	1.006117e+03
	947	551	236.750000	47.750000	1.013654e+03
	969	554	242.250000	48.500000	1.005577e+03
	944	556	236.000000	49.000000	1.013309e+03
	936	559	234.000000	49.750000	1.012674e+03
	939	560	234.750000	50.000000	1.013272e+03
	950	561	237.500000	50.250000	1.011029e+03
	943	562	235.750000	50.500000	1.012267e+03
	965	562	241.250000	50.500000	1.008272e+03
	940	563	235.000000	50.750000	1.012232e+03
	973	564	243.250000	51.000000	1.010109e+03
	881	565	220.250000	51.250000	1.021122e+03
	747	567	186.750000	51.750000	9.889744e+02
	880	567	220.000000	51.750000	1.021149e+03
	933	567	233.250000	51.750000	1.013059e+03
	913	571	228.250000	52.750000	1.018122e+03
	927	572	231.750000	53.000000	1.014447e+03
	734	573	183.500000	53.250000	9.872394e+02
	734	574	183.500000	53.500000	9.872394e+02
	766	578	191.500000	54.500000	9.911694e+02
	976	578	244.000000	54.500000	1.023692e+03
	911	580	227.750000	55.000000	1.017984e+03
	960	581	240.000000	55.250000	1.026517e+03
	916	583	229.000000	55.750000	1.016974e+03
	918	585	229.500000	56.250000	1.016927e+03
	944	585	236.000000	56.250000	1.024162e+03
	953	585	238.250000	56.250000	1.026917e+03
	870	589	217.500000	57.250000	1.021432e+03
	903	589	225.750000	57.250000	1.018717e+03
	913	589	228.250000	57.250000	1.016642e+03
	881	590	220.250000	57.500000	1.021859e+03
	868	591	217.000000	57.750000	1.021462e+03
	898	591	224.500000	57.750000	1.019474e+03
	936	591	234.000000	57.750000	1.022267e+03
	916	592	229.000000	58.000000	1.015862e+03
	939	594	234.750000	58.500000	1.024679e+03
	863	595	215.750000	58.750000	1.021649e+03
	912	595	228.000000	58.750000	1.015807e+03
	989	595	247.250000	58.750000	1.032722e+03
	928	596	232.000000	59.000000	1.019482e+03
	976	596	244.000000	59.000000	1.030382e+03
	995	596	248.750000	59.000000	1.032234e+03
	892	597	223.000000	59.250000	1.017967e+03
	843	598	210.750000	59.500000	1.021727e+03
	999	598	249.750000	59.500000	1.032212e+03
	855	599	213.750000	59.750000	1.021574e+03
	856	599	214.000000	59.750000	1.021574e+03
	851	600	212.750000	60.000000	1.021504e+03
