2014	10	3	188	21
	824	420	206.000000	15.000000	1.011980e+03
	720	427	180.000000	16.750000	1.013015e+03
	816	435	204.000000	18.750000	1.013015e+03
	998	435	249.500000	18.750000	1.002750e+03
	814	438	203.500000	19.500000	1.013185e+03
	812	439	203.000000	19.750000	1.013285e+03
	815	440	203.750000	20.000000	1.013028e+03
	821	440	205.250000	20.000000	1.013862e+03
	819	441	204.750000	20.250000	1.013865e+03
	821	443	205.250000	20.750000	1.014125e+03
	766	445	191.500000	21.250000	1.014815e+03
	764	446	191.000000	21.500000	1.014800e+03
	707	447	176.750000	21.750000	1.014515e+03
	724	447	181.000000	21.750000	1.014578e+03
	696	448	174.000000	22.000000	1.014535e+03
	702	448	175.500000	22.000000	1.014532e+03
	710	448	177.500000	22.000000	1.014545e+03
	762	448	190.500000	22.000000	1.014773e+03
	713	449	178.250000	22.250000	1.014547e+03
	731	449	182.750000	22.250000	1.014643e+03
	803	449	200.750000	22.250000	1.014760e+03
	755	450	188.750000	22.500000	1.014665e+03
	715	451	178.750000	22.750000	1.014540e+03
	721	454	180.250000	23.500000	1.014465e+03
	722	454	180.500000	23.500000	1.014465e+03
	723	454	180.750000	23.500000	1.014465e+03
	784	454	196.000000	23.500000	1.014870e+03
	730	455	182.500000	23.750000	1.014355e+03
	733	455	183.250000	23.750000	1.014357e+03
	747	455	186.750000	23.750000	1.014383e+03
	750	455	187.500000	23.750000	1.014372e+03
	780	455	195.000000	23.750000	1.014883e+03
	997	455	249.250000	23.750000	1.010100e+03
	737	456	184.250000	24.000000	1.014280e+03
	740	458	185.000000	24.500000	1.014210e+03
	999	458	249.750000	24.500000	1.010578e+03
	994	459	248.500000	24.750000	1.009330e+03
	1000	461	250.000000	25.250000	1.010383e+03
	736	464	184.000000	26.000000	1.013810e+03
	991	464	247.750000	26.000000	1.009797e+03
	996	464	249.000000	26.000000	1.010422e+03
	744	465	186.000000	26.250000	1.013927e+03
	745	465	186.250000	26.250000	1.013927e+03
	988	467	247.000000	26.750000	1.009605e+03
	987	468	246.750000	27.000000	1.009605e+03
	985	471	246.250000	27.750000	1.009992e+03
	984	473	246.000000	28.250000	1.010355e+03
	997	473	249.250000	28.250000	1.009360e+03
	995	475	248.750000	28.750000	1.009328e+03
	771	476	192.750000	29.000000	1.012477e+03
	997	476	249.250000	29.000000	1.009385e+03
	768	478	192.000000	29.500000	1.012455e+03
	979	478	244.750000	29.500000	1.012240e+03
	763	482	190.750000	30.500000	1.012410e+03
	766	482	191.500000	30.500000	1.012400e+03
	941	482	235.250000	30.500000	1.017035e+03
	975	484	243.750000	31.000000	1.013062e+03
	988	485	247.000000	31.250000	1.010917e+03
	991	487	247.750000	31.750000	1.012265e+03
	933	488	233.250000	32.000000	1.016807e+03
	995	489	248.750000	32.250000	1.013068e+03
	972	490	243.000000	32.500000	1.013727e+03
	971	492	242.750000	33.000000	1.013732e+03
	991	494	247.750000	33.500000	1.014008e+03
	982	495	245.500000	33.750000	1.014595e+03
	797	496	199.250000	34.000000	1.009575e+03
	967	496	241.750000	34.000000	1.013905e+03
	979	497	244.750000	34.250000	1.015330e+03
	983	497	245.750000	34.250000	1.014595e+03
	958	500	239.500000	35.000000	1.015443e+03
	970	500	242.500000	35.000000	1.017458e+03
	991	500	247.750000	35.000000	1.017172e+03
	809	501	202.250000	35.250000	1.010213e+03
	964	501	241.000000	35.250000	1.015580e+03
	976	501	244.000000	35.250000	1.016398e+03
	997	501	249.250000	35.250000	1.020340e+03
	812	502	203.000000	35.500000	1.010235e+03
	952	503	238.000000	35.750000	1.016265e+03
	971	503	242.750000	35.750000	1.017790e+03
	975	503	243.750000	35.750000	1.017175e+03
	815	504	203.750000	36.000000	1.010237e+03
	995	504	248.750000	36.000000	1.020550e+03
	960	505	240.000000	36.250000	1.015615e+03
	982	505	245.500000	36.250000	1.018068e+03
	989	506	247.250000	36.500000	1.019583e+03
	684	507	171.000000	36.750000	1.027020e+03
	953	507	238.250000	36.750000	1.016310e+03
	959	507	239.750000	36.750000	1.015938e+03
	995	508	248.750000	37.000000	1.021740e+03
	998	510	249.500000	37.500000	1.021715e+03
	964	511	241.000000	37.750000	1.021958e+03
	988	512	247.000000	38.000000	1.022403e+03
	949	513	237.250000	38.250000	1.017188e+03
	970	513	242.500000	38.250000	1.021763e+03
	996	514	249.000000	38.500000	1.022945e+03
	954	515	238.500000	38.750000	1.016840e+03
	977	515	244.250000	38.750000	1.022107e+03
	946	517	236.500000	39.250000	1.017648e+03
	952	518	238.000000	39.500000	1.016667e+03
	986	518	246.500000	39.500000	1.024275e+03
	989	518	247.250000	39.500000	1.024530e+03
	997	518	249.250000	39.500000	1.022165e+03
	852	520	213.000000	40.000000	1.012145e+03
	939	520	234.750000	40.000000	1.018503e+03
	945	520	236.250000	40.000000	1.018258e+03
	969	520	242.250000	40.000000	1.022867e+03
	988	520	247.000000	40.000000	1.024522e+03
	998	521	249.500000	40.250000	1.022032e+03
	850	522	212.500000	40.500000	1.012465e+03
	942	523	235.500000	40.750000	1.018427e+03
	977	523	244.250000	40.750000	1.024500e+03
	984	523	246.000000	40.750000	1.025088e+03
	1000	523	250.000000	40.750000	1.023253e+03
	692	525	173.000000	41.250000	1.025968e+03
	966	526	241.500000	41.500000	1.024535e+03
	985	526	246.250000	41.500000	1.024870e+03
	1000	526	250.000000	41.500000	1.023302e+03
	950	527	237.500000	41.750000	1.020278e+03
	978	528	244.500000	42.000000	1.024985e+03
	987	528	246.750000	42.000000	1.024858e+03
	972	529	243.000000	42.250000	1.024575e+03
	991	529	247.750000	42.250000	1.025210e+03
	1000	529	250.000000	42.250000	1.023088e+03
	948	530	237.000000	42.500000	1.019345e+03
	969	530	242.250000	42.500000	1.024407e+03
	981	530	245.250000	42.500000	1.024973e+03
	986	530	246.500000	42.500000	1.024838e+03
	976	531	244.000000	42.750000	1.025052e+03
	995	531	248.750000	42.750000	1.025647e+03
	942	533	235.500000	43.250000	1.018380e+03
	982	535	245.500000	43.750000	1.024473e+03
	985	536	246.250000	44.000000	1.024757e+03
	961	538	240.250000	44.500000	1.022895e+03
	982	538	245.500000	44.500000	1.024248e+03
	949	541	237.250000	45.250000	1.020513e+03
	967	541	241.750000	45.250000	1.024002e+03
	978	541	244.500000	45.250000	1.024412e+03
	997	541	249.250000	45.250000	1.023453e+03
	973	542	243.250000	45.500000	1.024448e+03
	989	542	247.250000	45.500000	1.023857e+03
	992	544	248.000000	46.000000	1.023570e+03
	948	545	237.000000	46.250000	1.021138e+03
	969	546	242.250000	46.500000	1.024855e+03
	984	546	246.000000	46.500000	1.024305e+03
	881	548	220.250000	47.000000	1.007953e+03
	982	548	245.500000	47.000000	1.024642e+03
	1000	548	250.000000	47.000000	1.022730e+03
	952	549	238.000000	47.250000	1.021680e+03
	762	550	190.500000	47.500000	9.998700e+02
	974	550	243.500000	47.500000	1.025713e+03
	947	551	236.750000	47.750000	1.021828e+03
	952	556	238.000000	49.000000	1.022258e+03
	965	556	241.250000	49.000000	1.024922e+03
	973	556	243.250000	49.000000	1.025080e+03
	958	557	239.500000	49.250000	1.021625e+03
	940	558	235.000000	49.500000	1.022205e+03
	944	559	236.000000	49.750000	1.022597e+03
	937	560	234.250000	50.000000	1.021698e+03
	963	560	240.750000	50.000000	1.023795e+03
	975	561	243.750000	50.250000	1.022778e+03
	691	567	172.750000	51.750000	1.019195e+03
	980	568	245.000000	52.000000	1.016662e+03
	665	570	166.250000	52.500000	1.015935e+03
	936	572	234.000000	53.000000	1.011427e+03
	974	572	243.500000	53.000000	1.015695e+03
	938	574	234.500000	53.500000	1.011588e+03
	935	575	233.750000	53.750000	1.012247e+03
	932	579	233.000000	54.750000	1.011088e+03
	960	580	240.000000	55.000000	1.010588e+03
	934	581	233.500000	55.250000	1.010955e+03
	929	582	232.250000	55.500000	1.010263e+03
	958	582	239.500000	55.500000	1.010138e+03
	925	583	231.250000	55.750000	1.009682e+03
	942	584	235.500000	56.000000	1.012708e+03
	955	584	238.750000	56.000000	1.010052e+03
	948	590	237.000000	57.500000	1.006112e+03
	870	591	217.500000	57.750000	9.797350e+02
	822	592	205.500000	58.000000	9.933325e+02
	954	592	238.500000	58.000000	1.007742e+03
	942	594	235.500000	58.500000	1.005530e+03
	893	596	223.250000	59.000000	9.954750e+02
	898	596	224.500000	59.000000	9.956575e+02
	937	596	234.250000	59.000000	1.005085e+03
	924	597	231.000000	59.250000	1.002485e+03
	841	599	210.250000	59.750000	9.873125e+02
	832	600	208.000000	60.000000	9.905100e+02
	893	600	223.250000	60.000000	9.948650e+02
	894	600	223.500000	60.000000	9.948650e+02
