2015	8	21	190	18
	663	421	165.750000	15.250000	1.008612e+03
	680	422	170.000000	15.500000	1.008197e+03
	892	422	223.000000	15.500000	1.013624e+03
	690	423	172.500000	15.750000	1.007989e+03
	730	423	182.500000	15.750000	1.005889e+03
	873	423	218.250000	15.750000	1.013292e+03
	697	424	174.250000	16.000000	1.007812e+03
	875	424	218.750000	16.000000	1.013287e+03
	697	425	174.250000	16.250000	1.007812e+03
	701	427	175.250000	16.750000	1.007827e+03
	702	429	175.500000	17.250000	1.007834e+03
	708	429	177.000000	17.250000	1.007859e+03
	664	430	166.000000	17.500000	1.008549e+03
	701	431	175.250000	17.750000	1.007837e+03
	996	434	249.000000	18.500000	1.011612e+03
	812	436	203.000000	19.000000	1.013084e+03
	814	438	203.500000	19.500000	1.012944e+03
	812	439	203.000000	19.750000	1.013024e+03
	1000	439	250.000000	19.750000	1.011482e+03
	815	440	203.750000	20.000000	1.012822e+03
	817	442	204.250000	20.500000	1.013724e+03
	821	443	205.250000	20.750000	1.014339e+03
	801	446	200.250000	21.500000	1.013942e+03
	804	450	201.000000	22.500000	1.014359e+03
	1000	450	250.000000	22.500000	1.011677e+03
	979	455	244.750000	23.750000	1.013007e+03
	998	457	249.500000	24.250000	1.011389e+03
	995	458	248.750000	24.500000	1.011457e+03
	994	460	248.500000	25.000000	1.011342e+03
	993	462	248.250000	25.500000	1.011354e+03
	757	463	189.250000	25.750000	1.011332e+03
	785	463	196.250000	25.750000	1.012782e+03
	991	464	247.750000	26.000000	1.011492e+03
	996	464	249.000000	26.000000	1.011204e+03
	988	468	247.000000	27.000000	1.011429e+03
	992	468	248.000000	27.000000	1.010602e+03
	700	470	175.000000	27.500000	1.005262e+03
	999	470	249.750000	27.500000	1.011294e+03
	985	472	246.250000	28.000000	1.012074e+03
	990	472	247.500000	28.000000	1.010477e+03
	996	472	249.000000	28.000000	1.011229e+03
	703	474	175.750000	28.500000	1.005497e+03
	767	474	191.750000	28.500000	1.010602e+03
	988	475	247.000000	28.750000	1.009834e+03
	981	476	245.250000	29.000000	1.012642e+03
	992	476	248.000000	29.000000	1.010292e+03
	668	478	167.000000	29.500000	1.009464e+03
	985	479	246.250000	29.750000	1.008542e+03
	670	481	167.500000	30.250000	1.009384e+03
	709	481	177.250000	30.250000	1.006404e+03
	999	481	249.750000	30.250000	1.013944e+03
	911	482	227.750000	30.500000	1.014859e+03
	982	482	245.500000	30.500000	1.007712e+03
	988	483	247.000000	30.750000	1.008789e+03
	981	484	245.250000	31.000000	1.007782e+03
	976	485	244.000000	31.250000	1.011562e+03
	1000	487	250.000000	31.750000	1.013912e+03
	711	488	177.750000	32.000000	1.006817e+03
	979	488	244.750000	32.000000	1.007037e+03
	1000	488	250.000000	32.000000	1.013912e+03
	666	489	166.500000	32.250000	1.009092e+03
	974	489	243.500000	32.250000	1.011742e+03
	978	491	244.500000	32.750000	1.007097e+03
	693	492	173.250000	33.000000	1.008392e+03
	988	492	247.000000	33.000000	1.008697e+03
	999	493	249.750000	33.250000	1.012842e+03
	981	494	245.250000	33.500000	1.007677e+03
	661	495	165.250000	33.750000	1.008787e+03
	693	495	173.250000	33.750000	1.008412e+03
	967	496	241.750000	34.000000	1.012072e+03
	978	497	244.500000	34.250000	1.007962e+03
	992	498	248.000000	34.500000	1.012402e+03
	696	499	174.000000	34.750000	1.008377e+03
	713	499	178.250000	34.750000	1.008429e+03
	982	499	245.500000	34.750000	1.008564e+03
	1000	499	250.000000	34.750000	1.011787e+03
	700	500	175.000000	35.000000	1.008522e+03
	968	500	242.000000	35.000000	1.008432e+03
	975	500	243.750000	35.000000	1.007439e+03
	712	501	178.000000	35.250000	1.008164e+03
	963	501	240.750000	35.250000	1.010114e+03
	988	501	247.000000	35.250000	1.012674e+03
	995	502	248.750000	35.500000	1.010474e+03
	696	503	174.000000	35.750000	1.008164e+03
	971	503	242.750000	35.750000	1.008459e+03
	975	503	243.750000	35.750000	1.007499e+03
	960	505	240.000000	36.250000	1.009847e+03
	963	505	240.750000	36.250000	1.009757e+03
	982	505	245.500000	36.250000	1.007804e+03
	972	506	243.000000	36.500000	1.006619e+03
	962	507	240.500000	36.750000	1.009869e+03
	976	507	244.000000	36.750000	1.008044e+03
	981	507	245.250000	36.750000	1.008387e+03
	988	507	247.000000	36.750000	1.010787e+03
	984	508	246.000000	37.000000	1.009159e+03
	994	508	248.500000	37.000000	1.009514e+03
	1000	508	250.000000	37.000000	1.009534e+03
	968	509	242.000000	37.250000	1.008452e+03
	959	510	239.750000	37.500000	1.010507e+03
	972	510	243.000000	37.500000	1.008529e+03
	997	510	249.250000	37.500000	1.008684e+03
	970	512	242.500000	38.000000	1.008582e+03
	977	514	244.250000	38.500000	1.008379e+03
	997	514	249.250000	38.500000	1.007522e+03
	1000	514	250.000000	38.500000	1.007134e+03
	956	516	239.000000	39.000000	1.010489e+03
	967	516	241.750000	39.000000	1.009609e+03
	998	516	249.500000	39.000000	1.007787e+03
	948	517	237.000000	39.250000	1.009974e+03
	972	517	243.000000	39.250000	1.009434e+03
	989	517	247.250000	39.250000	1.006149e+03
	978	518	244.500000	39.500000	1.008684e+03
	966	519	241.500000	39.750000	1.008902e+03
	946	520	236.500000	40.000000	1.009937e+03
	969	520	242.250000	40.000000	1.008814e+03
	957	521	239.250000	40.250000	1.010447e+03
	947	522	236.750000	40.500000	1.010237e+03
	951	522	237.750000	40.500000	1.009489e+03
	985	522	246.250000	40.500000	1.005079e+03
	973	523	243.250000	40.750000	1.007529e+03
	677	524	169.250000	41.000000	9.997794e+02
	988	524	247.000000	41.000000	1.005479e+03
	954	525	238.500000	41.250000	1.010452e+03
	985	525	246.250000	41.250000	1.005194e+03
	1000	526	250.000000	41.500000	1.005764e+03
	950	527	237.500000	41.750000	1.011279e+03
	987	527	246.750000	41.750000	1.005394e+03
	991	527	247.750000	41.750000	1.005679e+03
	995	527	248.750000	41.750000	1.006737e+03
	973	528	243.250000	42.000000	1.008509e+03
	959	530	239.750000	42.500000	1.010472e+03
	969	531	242.250000	42.750000	1.008402e+03
	999	531	249.750000	42.750000	1.006769e+03
	977	532	244.250000	43.000000	1.006402e+03
	990	535	247.500000	43.750000	1.003072e+03
	972	536	243.000000	44.000000	1.006369e+03
	955	537	238.750000	44.250000	1.011604e+03
	772	538	193.000000	44.500000	1.028014e+03
	773	538	193.250000	44.500000	1.028014e+03
	963	539	240.750000	44.750000	1.010379e+03
	784	541	196.000000	45.250000	1.027967e+03
	984	541	246.000000	45.250000	1.003814e+03
	948	543	237.000000	45.750000	1.015787e+03
	993	544	248.250000	46.000000	1.000437e+03
	976	545	244.000000	46.250000	1.006997e+03
	989	545	247.250000	46.250000	1.002432e+03
	959	546	239.750000	46.500000	1.008934e+03
	972	546	243.000000	46.500000	1.007132e+03
	984	546	246.000000	46.500000	1.003737e+03
	947	551	236.750000	47.750000	1.013347e+03
	999	551	249.750000	47.750000	9.984144e+02
	993	554	248.250000	48.500000	9.989494e+02
	999	554	249.750000	48.500000	9.987844e+02
	944	555	236.000000	48.750000	1.013182e+03
	987	556	246.750000	49.000000	9.996994e+02
	939	557	234.750000	49.250000	1.013424e+03
	977	558	244.250000	49.500000	9.999169e+02
	981	558	245.250000	49.500000	1.000349e+03
	970	559	242.500000	49.750000	1.004874e+03
	939	560	234.750000	50.000000	1.014002e+03
	947	560	236.750000	50.000000	1.011994e+03
	958	567	239.500000	51.750000	1.011849e+03
	965	570	241.250000	52.500000	1.013174e+03
	956	571	239.000000	52.750000	1.011532e+03
	931	572	232.750000	53.000000	1.017009e+03
	923	574	230.750000	53.500000	1.017419e+03
	922	577	230.500000	54.250000	1.017569e+03
	932	577	233.000000	54.250000	1.017397e+03
	929	579	232.250000	54.750000	1.017082e+03
	957	579	239.250000	54.750000	1.017797e+03
	942	580	235.500000	55.000000	1.017424e+03
	916	582	229.000000	55.500000	1.017539e+03
	848	583	212.000000	55.750000	1.002522e+03
	912	584	228.000000	56.000000	1.017567e+03
	945	585	236.250000	56.250000	1.018522e+03
	927	586	231.750000	56.500000	1.017184e+03
	906	588	226.500000	57.000000	1.016804e+03
	941	589	235.250000	57.250000	1.018672e+03
	908	590	227.000000	57.500000	1.016647e+03
	924	590	231.000000	57.500000	1.016819e+03
	822	592	205.500000	58.000000	1.010537e+03
	940	592	235.000000	58.000000	1.018342e+03
	902	593	225.500000	58.250000	1.016384e+03
	914	594	228.500000	58.500000	1.017479e+03
	887	596	221.750000	59.000000	1.014822e+03
	892	596	223.000000	59.000000	1.016089e+03
	898	596	224.500000	59.000000	1.016024e+03
	932	598	233.000000	59.500000	1.017107e+03
	907	599	226.750000	59.750000	1.016802e+03
	922	600	230.500000	60.000000	1.016757e+03
