2015	6	1	170	9
	802	421	200.500000	15.250000	1.014207e+03
	998	421	249.500000	15.250000	1.010374e+03
	961	423	240.250000	15.750000	9.881418e+02
	996	423	249.000000	15.750000	1.010369e+03
	810	436	202.500000	19.000000	1.015202e+03
	815	436	203.750000	19.000000	1.015087e+03
	814	438	203.500000	19.500000	1.015002e+03
	812	439	203.000000	19.750000	1.015067e+03
	815	440	203.750000	20.000000	1.014842e+03
	781	441	195.250000	20.250000	1.015327e+03
	808	441	202.000000	20.250000	1.015309e+03
	820	441	205.000000	20.250000	1.016119e+03
	811	442	202.750000	20.500000	1.015259e+03
	817	442	204.250000	20.500000	1.015837e+03
	821	443	205.250000	20.750000	1.016212e+03
	817	444	204.250000	21.000000	1.016057e+03
	774	445	193.500000	21.250000	1.015337e+03
	800	447	200.000000	21.750000	1.015962e+03
	999	452	249.750000	23.000000	1.011089e+03
	996	455	249.000000	23.750000	1.011094e+03
	889	456	222.250000	24.000000	1.016404e+03
	994	459	248.500000	24.750000	1.010519e+03
	996	464	249.000000	26.000000	1.009469e+03
	990	465	247.500000	26.250000	1.009882e+03
	906	468	226.500000	27.000000	1.017032e+03
	686	471	171.500000	27.750000	1.019354e+03
	991	471	247.750000	27.750000	1.008697e+03
	997	471	249.250000	27.750000	1.009014e+03
	683	472	170.750000	28.000000	1.019369e+03
	929	472	232.250000	28.000000	1.017197e+03
	696	473	174.000000	28.250000	1.019537e+03
	990	473	247.500000	28.250000	1.008419e+03
	921	474	230.250000	28.500000	1.017089e+03
	930	475	232.500000	28.750000	1.017142e+03
	933	476	233.250000	29.000000	1.017144e+03
	982	476	245.500000	29.000000	1.012414e+03
	993	476	248.250000	29.000000	1.008984e+03
	935	477	233.750000	29.250000	1.017129e+03
	980	477	245.000000	29.250000	1.012407e+03
	988	479	247.000000	29.750000	1.008462e+03
	873	480	218.250000	30.000000	1.019167e+03
	928	480	232.000000	30.000000	1.017064e+03
	874	482	218.500000	30.500000	1.019147e+03
	1000	482	250.000000	30.500000	1.012129e+03
	976	483	244.000000	30.750000	1.013644e+03
	982	483	245.500000	30.750000	1.007302e+03
	980	487	245.000000	31.750000	1.007187e+03
	974	488	243.500000	32.000000	1.013927e+03
	979	489	244.750000	32.250000	1.007127e+03
	973	490	243.250000	32.500000	1.014177e+03
	984	491	246.000000	32.750000	1.007884e+03
	789	492	197.250000	33.000000	1.023462e+03
	977	492	244.250000	33.000000	1.007124e+03
	988	492	247.000000	33.000000	1.008252e+03
	969	493	242.250000	33.250000	1.014354e+03
	985	494	246.250000	33.500000	1.008592e+03
	991	494	247.750000	33.500000	1.008899e+03
	979	497	244.750000	34.250000	1.006702e+03
	961	498	240.250000	34.500000	1.013654e+03
	981	499	245.250000	34.750000	1.006802e+03
	990	499	247.500000	34.750000	1.011879e+03
	1000	499	250.000000	34.750000	1.012102e+03
	660	500	165.000000	35.000000	1.014204e+03
	963	501	240.750000	35.250000	1.011652e+03
	975	503	243.750000	35.750000	1.006879e+03
	995	504	248.750000	36.000000	1.010677e+03
	960	505	240.000000	36.250000	1.012159e+03
	982	505	245.500000	36.250000	1.005939e+03
	963	506	240.750000	36.500000	1.011757e+03
	972	506	243.000000	36.500000	1.004512e+03
	981	507	245.250000	36.750000	1.006424e+03
	994	508	248.500000	37.000000	1.008899e+03
	1000	508	250.000000	37.000000	1.009864e+03
	997	510	249.250000	37.500000	1.007754e+03
	955	511	238.750000	37.750000	1.013742e+03
	971	511	242.750000	37.750000	1.006562e+03
	986	511	246.500000	37.750000	1.009984e+03
	958	513	239.500000	38.250000	1.013524e+03
	977	514	244.250000	38.500000	1.007309e+03
	1000	514	250.000000	38.500000	1.007814e+03
	967	516	241.750000	39.000000	1.008637e+03
	972	516	243.000000	39.000000	1.008037e+03
	989	517	247.250000	39.250000	1.007224e+03
	951	518	237.750000	39.500000	1.010854e+03
	966	519	241.500000	39.750000	1.008349e+03
	933	520	233.250000	40.000000	1.010859e+03
	969	520	242.250000	40.000000	1.008697e+03
	976	520	244.000000	40.000000	1.006219e+03
	962	521	240.500000	40.250000	1.010417e+03
	979	521	244.750000	40.250000	1.006679e+03
	950	522	237.500000	40.500000	1.010684e+03
	986	522	246.500000	40.500000	1.004877e+03
	942	523	235.500000	40.750000	1.013244e+03
	973	523	243.250000	40.750000	1.005942e+03
	945	524	236.250000	41.000000	1.013027e+03
	955	524	238.750000	41.000000	1.010862e+03
	990	525	247.500000	41.250000	1.004562e+03
	968	526	242.000000	41.500000	1.006964e+03
	943	527	235.750000	41.750000	1.013192e+03
	974	528	243.500000	42.000000	1.005867e+03
	974	529	243.500000	42.250000	1.005867e+03
	969	532	242.250000	43.000000	1.004869e+03
	976	533	244.000000	43.250000	1.004199e+03
	963	534	240.750000	43.500000	1.006444e+03
	960	536	240.000000	44.000000	1.006352e+03
	972	536	243.000000	44.000000	1.002847e+03
	962	539	240.500000	44.750000	1.005914e+03
	963	539	240.750000	44.750000	1.005914e+03
	984	539	246.000000	44.750000	1.009562e+03
	968	541	242.000000	45.250000	1.006727e+03
	978	541	244.500000	45.250000	1.008222e+03
	991	541	247.750000	45.250000	1.010794e+03
	994	543	248.500000	45.750000	1.010052e+03
	962	544	240.500000	46.000000	1.003359e+03
	963	546	240.750000	46.500000	1.003432e+03
	984	547	246.000000	46.750000	1.008947e+03
	999	551	249.750000	47.750000	1.006692e+03
	982	552	245.500000	48.000000	1.008367e+03
	995	552	248.750000	48.000000	1.006762e+03
	979	553	244.750000	48.250000	1.008089e+03
	953	554	238.250000	48.500000	1.007987e+03
	780	556	195.000000	49.000000	1.009229e+03
	935	556	233.750000	49.000000	1.008989e+03
	947	556	236.750000	49.000000	1.007497e+03
	978	557	244.500000	49.250000	1.008619e+03
	997	557	249.250000	49.250000	1.005962e+03
	931	560	232.750000	50.000000	1.008662e+03
	948	561	237.000000	50.250000	1.009247e+03
	955	562	238.750000	50.500000	1.008269e+03
	963	563	240.750000	50.750000	1.007924e+03
	975	563	243.750000	50.750000	1.010184e+03
	954	565	238.500000	51.250000	1.009022e+03
	856	566	214.000000	51.500000	1.018462e+03
	932	566	233.000000	51.500000	1.009172e+03
	970	566	242.500000	51.500000	1.010509e+03
	951	568	237.750000	52.000000	1.008562e+03
	944	569	236.000000	52.250000	1.008307e+03
	932	570	233.000000	52.500000	1.009479e+03
	853	572	213.250000	53.000000	1.018254e+03
	927	572	231.750000	53.000000	1.009314e+03
	961	572	240.250000	53.000000	1.010804e+03
	969	574	242.250000	53.500000	1.009527e+03
	924	575	231.000000	53.750000	1.009547e+03
	945	577	236.250000	54.250000	1.007609e+03
	926	578	231.500000	54.500000	1.009517e+03
	786	579	196.500000	54.750000	1.014634e+03
	941	579	235.250000	54.750000	1.008004e+03
	961	579	240.250000	54.750000	1.010292e+03
	914	580	228.500000	55.000000	1.011407e+03
	795	581	198.750000	55.250000	1.013867e+03
	801	582	200.250000	55.500000	1.014127e+03
	802	582	200.500000	55.500000	1.014127e+03
	797	583	199.250000	55.750000	1.013984e+03
	925	584	231.250000	56.000000	1.009522e+03
	801	586	200.250000	56.500000	1.013812e+03
	802	586	200.500000	56.500000	1.013812e+03
	920	587	230.000000	56.750000	1.010352e+03
	902	588	225.500000	57.000000	1.011627e+03
	904	590	226.000000	57.500000	1.011212e+03
	914	590	228.500000	57.500000	1.010637e+03
	816	592	204.000000	58.000000	1.013157e+03
	924	592	231.000000	58.000000	1.011394e+03
	918	594	229.500000	58.500000	1.010802e+03
	890	596	222.500000	59.000000	1.010937e+03
	901	596	225.250000	59.000000	1.011484e+03
	881	597	220.250000	59.250000	1.012672e+03
	910	597	227.500000	59.250000	1.010227e+03
	838	598	209.500000	59.500000	1.008862e+03
	943	598	235.750000	59.500000	1.019642e+03
	892	600	223.000000	60.000000	1.009702e+03
