2015	7	3	210	6
	908	420	227.000000	15.000000	1.009609e+03
	674	423	168.500000	15.750000	1.008847e+03
	661	429	165.250000	17.250000	1.009677e+03
	662	429	165.500000	17.250000	1.009677e+03
	740	430	185.000000	17.500000	1.010831e+03
	745	430	186.250000	17.500000	1.010778e+03
	745	431	186.250000	17.750000	1.010778e+03
	815	436	203.750000	19.000000	1.012204e+03
	774	438	193.500000	19.500000	1.010894e+03
	814	438	203.500000	19.500000	1.012194e+03
	774	439	193.500000	19.750000	1.010894e+03
	812	439	203.000000	19.750000	1.012095e+03
	815	440	203.750000	20.000000	1.012176e+03
	821	440	205.250000	20.000000	1.012809e+03
	805	441	201.250000	20.250000	1.012073e+03
	810	441	202.500000	20.250000	1.012039e+03
	779	442	194.750000	20.500000	1.011006e+03
	818	442	204.500000	20.500000	1.012329e+03
	775	444	193.750000	21.000000	1.011005e+03
	813	444	203.250000	21.000000	1.012166e+03
	817	444	204.250000	21.000000	1.012615e+03
	811	446	202.750000	21.500000	1.012286e+03
	778	447	194.500000	21.750000	1.011044e+03
	804	447	201.000000	21.750000	1.012260e+03
	807	448	201.750000	22.000000	1.012326e+03
	782	450	195.500000	22.500000	1.011059e+03
	786	452	196.500000	23.000000	1.011071e+03
	787	454	196.750000	23.500000	1.011069e+03
	996	455	249.000000	23.750000	1.011261e+03
	994	459	248.500000	24.750000	1.011051e+03
	793	464	198.250000	26.000000	1.010954e+03
	990	465	247.500000	26.250000	1.010199e+03
	778	467	194.500000	26.750000	1.010394e+03
	909	468	227.250000	27.000000	1.016459e+03
	995	470	248.750000	27.500000	1.009405e+03
	772	471	193.000000	27.750000	1.010629e+03
	786	471	196.500000	27.750000	1.010601e+03
	997	471	249.250000	27.750000	1.009354e+03
	894	472	223.500000	28.000000	1.016105e+03
	945	473	236.250000	28.250000	1.016680e+03
	783	474	195.750000	28.500000	1.010415e+03
	916	475	229.000000	28.750000	1.016398e+03
	919	475	229.750000	28.750000	1.016386e+03
	988	475	247.000000	28.750000	1.008850e+03
	783	476	195.750000	29.000000	1.010426e+03
	993	476	248.250000	29.000000	1.008511e+03
	940	477	235.000000	29.250000	1.016635e+03
	980	477	245.000000	29.250000	1.012266e+03
	910	478	227.500000	29.500000	1.016356e+03
	928	478	232.000000	29.500000	1.016489e+03
	989	478	247.250000	29.500000	1.008634e+03
	786	481	196.500000	30.250000	1.010374e+03
	976	482	244.000000	30.500000	1.013601e+03
	975	484	243.750000	31.000000	1.013628e+03
	792	487	198.000000	31.750000	1.010455e+03
	973	487	243.250000	31.750000	1.013825e+03
	1000	488	250.000000	32.000000	1.011883e+03
	795	489	198.750000	32.250000	1.010417e+03
	923	489	230.750000	32.250000	1.016669e+03
	981	489	245.250000	32.250000	1.006754e+03
	985	491	246.250000	32.750000	1.006450e+03
	922	492	230.500000	33.000000	1.016689e+03
	978	492	244.500000	33.000000	1.007376e+03
	988	492	247.000000	33.000000	1.006464e+03
	798	493	199.500000	33.250000	1.010523e+03
	940	493	235.000000	33.250000	1.016023e+03
	969	493	242.250000	33.250000	1.013654e+03
	998	493	249.500000	33.250000	1.009968e+03
	991	494	247.750000	33.500000	1.006474e+03
	970	495	242.500000	33.750000	1.013560e+03
	967	496	241.750000	34.000000	1.013203e+03
	962	497	240.500000	34.250000	1.012747e+03
	979	497	244.750000	34.250000	1.006934e+03
	983	497	245.750000	34.250000	1.006380e+03
	944	498	236.000000	34.500000	1.015016e+03
	982	499	245.500000	34.750000	1.006614e+03
	990	499	247.500000	34.750000	1.011552e+03
	969	500	242.250000	35.000000	1.011395e+03
	1000	501	250.000000	35.250000	1.010351e+03
	963	502	240.750000	35.500000	1.010720e+03
	996	502	249.000000	35.500000	1.009825e+03
	971	503	242.750000	35.750000	1.009236e+03
	975	503	243.750000	35.750000	1.007710e+03
	990	504	247.500000	36.000000	1.011464e+03
	995	504	248.750000	36.000000	1.008898e+03
	956	505	239.000000	36.250000	1.013204e+03
	982	505	245.500000	36.250000	1.005679e+03
	987	505	246.750000	36.250000	1.010628e+03
	960	506	240.000000	36.500000	1.009980e+03
	972	506	243.000000	36.500000	1.007435e+03
	988	507	247.000000	36.750000	1.010122e+03
	995	508	248.750000	37.000000	1.007951e+03
	1000	508	250.000000	37.000000	1.006969e+03
	952	510	238.000000	37.500000	1.013524e+03
	997	510	249.250000	37.500000	1.005774e+03
	946	511	236.500000	37.750000	1.013764e+03
	981	511	245.250000	37.750000	1.010633e+03
	986	511	246.500000	37.750000	1.010703e+03
	969	512	242.250000	38.000000	1.011492e+03
	955	514	238.750000	38.500000	1.011532e+03
	978	514	244.500000	38.500000	1.012201e+03
	1000	515	250.000000	38.750000	1.005355e+03
	967	516	241.750000	39.000000	1.013371e+03
	972	517	243.000000	39.250000	1.014831e+03
	989	517	247.250000	39.250000	1.007820e+03
	947	519	236.750000	39.750000	1.012432e+03
	966	519	241.500000	39.750000	1.011804e+03
	969	520	242.250000	40.000000	1.012232e+03
	951	521	237.750000	40.250000	1.010936e+03
	962	522	240.500000	40.500000	1.013227e+03
	730	523	182.500000	40.750000	9.990187e+02
	947	523	236.750000	40.750000	1.011569e+03
	972	524	243.000000	41.000000	1.010024e+03
	976	524	244.000000	41.000000	1.011996e+03
	986	524	246.500000	41.000000	1.007086e+03
	725	525	181.250000	41.250000	9.988250e+02
	721	526	180.250000	41.500000	9.989213e+02
	967	526	241.750000	41.500000	1.010195e+03
	1000	526	250.000000	41.500000	1.010959e+03
	946	527	236.500000	41.750000	1.011407e+03
	950	527	237.500000	41.750000	1.011296e+03
	943	528	235.750000	42.000000	1.011052e+03
	955	528	238.750000	42.000000	1.011326e+03
	973	528	243.250000	42.000000	1.008920e+03
	995	528	248.750000	42.000000	1.011955e+03
	948	530	237.000000	42.500000	1.011256e+03
	969	531	242.250000	42.750000	1.007261e+03
	980	531	245.000000	42.750000	1.006420e+03
	999	531	249.750000	42.750000	1.013851e+03
	977	532	244.250000	43.000000	1.006046e+03
	984	532	246.000000	43.000000	1.006969e+03
	965	533	241.250000	43.250000	1.009479e+03
	973	535	243.250000	43.750000	1.005758e+03
	681	536	170.250000	44.000000	1.003184e+03
	948	536	237.000000	44.000000	1.012031e+03
	677	537	169.250000	44.250000	1.003284e+03
	956	537	239.000000	44.250000	1.011296e+03
	673	538	168.250000	44.500000	1.003367e+03
	984	538	246.000000	44.500000	1.011624e+03
	668	539	167.000000	44.750000	1.003396e+03
	955	539	238.750000	44.750000	1.011449e+03
	962	539	240.500000	44.750000	1.010979e+03
	979	539	244.750000	44.750000	1.013987e+03
	662	541	165.500000	45.250000	1.003216e+03
	990	541	247.500000	45.250000	1.012444e+03
	792	542	198.000000	45.500000	1.001029e+03
	950	542	237.500000	45.500000	1.012114e+03
	956	543	239.000000	45.750000	1.009591e+03
	962	544	240.500000	46.000000	1.006742e+03
	993	544	248.250000	46.000000	1.012301e+03
	963	546	240.750000	46.500000	1.006468e+03
	972	546	243.000000	46.500000	1.008544e+03
	988	546	247.000000	46.500000	1.012539e+03
	968	547	242.000000	46.750000	1.007361e+03
	984	547	246.000000	46.750000	1.010274e+03
	950	549	237.500000	47.250000	1.012294e+03
	982	550	245.500000	47.500000	1.009904e+03
	995	551	248.750000	47.750000	1.012131e+03
	950	552	237.500000	48.000000	1.012287e+03
	962	552	240.500000	48.000000	1.008116e+03
	970	552	242.500000	48.000000	1.008291e+03
	993	553	248.250000	48.250000	1.012306e+03
	999	554	249.750000	48.500000	1.012866e+03
	955	555	238.750000	48.750000	1.014441e+03
	968	555	242.000000	48.750000	1.008861e+03
	938	556	234.500000	49.000000	1.013333e+03
	947	556	236.750000	49.000000	1.011720e+03
	941	557	235.250000	49.250000	1.013730e+03
	977	558	244.250000	49.500000	1.010484e+03
	988	559	247.000000	49.750000	1.011749e+03
	951	560	237.750000	50.000000	1.013857e+03
	962	560	240.500000	50.000000	1.010551e+03
	991	560	247.750000	50.000000	1.011546e+03
	992	560	248.000000	50.000000	1.011546e+03
	766	561	191.500000	50.250000	1.003429e+03
	968	561	242.000000	50.250000	1.011367e+03
	728	562	182.000000	50.500000	9.994138e+02
	985	562	246.250000	50.500000	1.012107e+03
	958	563	239.500000	50.750000	1.010135e+03
	963	563	240.750000	50.750000	1.010073e+03
	975	563	243.750000	50.750000	1.012264e+03
	944	566	236.000000	51.500000	1.015291e+03
	970	566	242.500000	51.500000	1.012761e+03
	988	566	247.000000	51.500000	1.011626e+03
	952	568	238.000000	52.000000	1.010648e+03
	928	570	232.000000	52.500000	1.019955e+03
	963	571	240.750000	52.750000	1.012695e+03
	972	574	243.000000	53.500000	1.009698e+03
	954	576	238.500000	54.000000	1.011898e+03
	955	578	238.750000	54.500000	1.011916e+03
	982	581	245.500000	55.250000	1.007982e+03
	943	585	235.750000	56.250000	1.013085e+03
	800	586	200.000000	56.500000	1.017790e+03
	903	589	225.750000	57.250000	1.023430e+03
	810	590	202.500000	57.500000	1.018835e+03
	830	590	207.500000	57.500000	1.019586e+03
	928	591	232.000000	57.750000	1.017375e+03
	818	592	204.500000	58.000000	1.019205e+03
	976	593	244.000000	58.250000	1.001773e+03
	933	594	233.250000	58.500000	1.015340e+03
	982	594	245.500000	58.500000	1.001945e+03
	894	595	223.500000	58.750000	1.020773e+03
	970	597	242.500000	59.250000	1.001824e+03
	839	598	209.750000	59.500000	1.017385e+03
	804	599	201.000000	59.750000	1.018360e+03
	820	599	205.000000	59.750000	1.018726e+03
	828	599	207.000000	59.750000	1.017499e+03
	845	599	211.250000	59.750000	1.017504e+03
	874	599	218.500000	59.750000	1.019895e+03
	983	599	245.750000	59.750000	1.002895e+03
