2015	6	17	225	0
	995	437	248.750000	19.250000	1.010007e+03
	814	438	203.500000	19.500000	1.013462e+03
	984	438	246.000000	19.500000	1.010204e+03
	815	440	203.750000	20.000000	1.013274e+03
	820	441	205.000000	20.250000	1.014507e+03
	813	442	203.250000	20.500000	1.013607e+03
	998	458	249.500000	24.500000	1.006929e+03
	998	462	249.500000	25.500000	1.007009e+03
	991	464	247.750000	26.000000	1.009144e+03
	996	464	249.000000	26.000000	1.006912e+03
	989	466	247.250000	26.500000	1.009522e+03
	995	466	248.750000	26.500000	1.007079e+03
	988	468	247.000000	27.000000	1.008667e+03
	992	470	248.000000	27.500000	1.007157e+03
	990	472	247.500000	28.000000	1.007042e+03
	774	474	193.500000	28.500000	1.017447e+03
	775	476	193.750000	29.000000	1.017457e+03
	987	476	246.750000	29.000000	1.007067e+03
	798	477	199.500000	29.250000	1.018174e+03
	778	478	194.500000	29.500000	1.017449e+03
	997	478	249.250000	29.500000	1.005899e+03
	810	479	202.500000	29.750000	1.018299e+03
	984	480	246.000000	30.000000	1.006472e+03
	982	482	245.500000	30.500000	1.006037e+03
	994	482	248.500000	30.500000	1.006397e+03
	973	483	243.250000	30.750000	1.012214e+03
	988	483	247.000000	30.750000	1.006764e+03
	743	486	185.750000	31.500000	1.016804e+03
	747	486	186.750000	31.500000	1.016764e+03
	995	489	248.750000	32.250000	1.005479e+03
	749	490	187.250000	32.500000	1.016779e+03
	834	490	208.500000	32.500000	1.019382e+03
	978	491	244.500000	32.750000	1.003732e+03
	967	492	241.750000	33.000000	1.011599e+03
	988	492	247.000000	33.000000	1.004462e+03
	992	493	248.000000	33.250000	1.004619e+03
	998	493	249.500000	33.250000	1.006922e+03
	985	494	246.250000	33.500000	1.005269e+03
	971	495	242.750000	33.750000	1.009957e+03
	982	495	245.500000	33.750000	1.004214e+03
	967	496	241.750000	34.000000	1.010777e+03
	962	497	240.500000	34.250000	1.010967e+03
	978	497	244.500000	34.250000	1.004482e+03
	982	499	245.500000	34.750000	1.004684e+03
	744	500	186.000000	35.000000	1.016984e+03
	845	500	211.250000	35.000000	1.019362e+03
	975	500	243.750000	35.000000	1.004279e+03
	990	500	247.500000	35.000000	1.009604e+03
	1000	500	250.000000	35.000000	1.007844e+03
	837	502	209.250000	35.500000	1.018927e+03
	852	502	213.000000	35.500000	1.019274e+03
	996	502	249.000000	35.500000	1.007152e+03
	971	503	242.750000	35.750000	1.005479e+03
	974	503	243.500000	35.750000	1.004304e+03
	853	504	213.250000	36.000000	1.019272e+03
	956	504	239.000000	36.000000	1.009454e+03
	981	504	245.250000	36.000000	1.003874e+03
	990	504	247.500000	36.000000	1.008797e+03
	995	504	248.750000	36.000000	1.007194e+03
	960	505	240.000000	36.250000	1.007974e+03
	972	506	243.000000	36.500000	1.004144e+03
	982	506	245.500000	36.500000	1.003364e+03
	988	507	247.000000	36.750000	1.007067e+03
	744	508	186.000000	37.000000	1.017574e+03
	994	508	248.500000	37.000000	1.005807e+03
	1000	508	250.000000	37.000000	1.006592e+03
	957	509	239.250000	37.250000	1.008857e+03
	968	509	242.000000	37.250000	1.007759e+03
	741	510	185.250000	37.500000	1.017564e+03
	997	510	249.250000	37.500000	1.005439e+03
	980	511	245.000000	37.750000	1.006554e+03
	986	511	246.500000	37.750000	1.007782e+03
	798	512	199.500000	38.000000	1.011682e+03
	968	512	242.000000	38.000000	1.008834e+03
	803	513	200.750000	38.250000	1.011534e+03
	977	514	244.250000	38.500000	1.006112e+03
	999	515	249.750000	38.750000	1.003914e+03
	989	517	247.250000	39.250000	1.003989e+03
	952	518	238.000000	39.500000	1.008409e+03
	978	518	244.500000	39.500000	1.007712e+03
	985	518	246.250000	39.500000	1.004482e+03
	986	518	246.500000	39.500000	1.004482e+03
	965	519	241.250000	39.750000	1.008397e+03
	969	520	242.250000	40.000000	1.008719e+03
	982	520	245.500000	40.000000	1.007027e+03
	992	520	248.000000	40.000000	1.005669e+03
	950	522	237.500000	40.500000	1.008507e+03
	961	522	240.250000	40.500000	1.009359e+03
	986	522	246.500000	40.500000	1.005677e+03
	973	523	243.250000	40.750000	1.008132e+03
	749	524	187.250000	41.000000	1.017219e+03
	838	524	209.500000	41.000000	1.015629e+03
	964	524	241.000000	41.000000	1.008494e+03
	978	524	244.500000	41.000000	1.008134e+03
	991	524	247.750000	41.000000	1.007464e+03
	995	525	248.750000	41.250000	1.009957e+03
	746	526	186.500000	41.500000	1.017107e+03
	843	526	210.750000	41.500000	1.015714e+03
	956	526	239.000000	41.500000	1.009744e+03
	967	526	241.750000	41.500000	1.008509e+03
	1000	526	250.000000	41.500000	1.008762e+03
	746	527	186.500000	41.750000	1.017107e+03
	988	527	247.000000	41.750000	1.006402e+03
	973	528	243.250000	42.000000	1.008119e+03
	857	529	214.250000	42.250000	1.014954e+03
	946	529	236.500000	42.250000	1.013287e+03
	963	530	240.750000	42.500000	1.009962e+03
	1000	530	250.000000	42.500000	1.009834e+03
	959	531	239.750000	42.750000	1.010169e+03
	969	531	242.250000	42.750000	1.008114e+03
	980	531	245.000000	42.750000	1.007722e+03
	985	531	246.250000	42.750000	1.008102e+03
	977	532	244.250000	43.000000	1.007684e+03
	988	532	247.000000	43.000000	1.007899e+03
	957	533	239.250000	43.250000	1.009894e+03
	964	533	241.000000	43.250000	1.009702e+03
	725	534	181.250000	43.500000	1.018069e+03
	724	535	181.000000	43.750000	1.018069e+03
	990	535	247.500000	43.750000	1.006942e+03
	948	536	237.000000	44.000000	1.015539e+03
	971	536	242.750000	44.000000	1.007419e+03
	956	537	239.000000	44.250000	1.010657e+03
	962	537	240.500000	44.250000	1.010539e+03
	909	538	227.250000	44.500000	1.023567e+03
	984	538	246.000000	44.500000	1.009879e+03
	959	539	239.750000	44.750000	1.011099e+03
	910	540	227.500000	45.000000	1.023542e+03
	989	540	247.250000	45.000000	1.011417e+03
	983	541	245.750000	45.250000	1.010702e+03
	884	542	221.000000	45.500000	1.021667e+03
	950	542	237.500000	45.500000	1.016184e+03
	983	542	245.750000	45.500000	1.010702e+03
	889	543	222.250000	45.750000	1.021629e+03
	995	544	248.750000	46.000000	1.011497e+03
	917	545	229.250000	46.250000	1.023232e+03
	959	546	239.750000	46.500000	1.009304e+03
	963	546	240.750000	46.500000	1.008669e+03
	972	546	243.000000	46.500000	1.010189e+03
	975	546	243.750000	46.500000	1.010072e+03
	988	546	247.000000	46.500000	1.010134e+03
	691	547	172.750000	46.750000	1.011087e+03
	968	547	242.000000	46.750000	1.009329e+03
	984	547	246.000000	46.750000	1.009217e+03
	992	547	248.000000	46.750000	1.011147e+03
	994	549	248.500000	47.250000	1.011507e+03
	950	550	237.500000	47.500000	1.016762e+03
	982	550	245.500000	47.500000	1.009827e+03
	947	551	236.750000	47.750000	1.016459e+03
	968	551	242.000000	47.750000	1.009579e+03
	978	551	244.500000	47.750000	1.010594e+03
	962	552	240.500000	48.000000	1.008849e+03
	995	552	248.750000	48.000000	1.010892e+03
	968	555	242.000000	48.750000	1.009422e+03
	989	555	247.250000	48.750000	1.011264e+03
	945	556	236.250000	49.000000	1.015397e+03
	977	558	244.250000	49.500000	1.010364e+03
	987	559	246.750000	49.750000	1.010032e+03
	939	560	234.750000	50.000000	1.015789e+03
	981	560	245.250000	50.000000	1.011102e+03
	966	561	241.500000	50.250000	1.009924e+03
	982	562	245.500000	50.500000	1.011179e+03
	881	563	220.250000	50.750000	1.015179e+03
	958	563	239.500000	50.750000	1.009019e+03
	962	563	240.500000	50.750000	1.008479e+03
	975	563	243.750000	50.750000	1.010784e+03
	987	564	246.750000	51.000000	1.009847e+03
	992	564	248.000000	51.000000	1.010044e+03
	955	566	238.750000	51.500000	1.009047e+03
	970	566	242.500000	51.500000	1.011484e+03
	998	566	249.500000	51.500000	1.010197e+03
	951	567	237.750000	51.750000	1.009259e+03
	981	567	245.250000	51.750000	1.011637e+03
	975	568	243.750000	52.000000	1.012984e+03
	972	570	243.000000	52.500000	1.013929e+03
	989	570	247.250000	52.500000	1.011559e+03
	913	572	228.250000	53.000000	1.019404e+03
	961	572	240.250000	53.000000	1.012587e+03
	767	573	191.750000	53.250000	1.025237e+03
	968	573	242.000000	53.250000	1.012622e+03
	979	573	244.750000	53.250000	1.012677e+03
	957	574	239.250000	53.500000	1.011714e+03
	774	575	193.500000	53.750000	1.023784e+03
	911	575	227.750000	53.750000	1.019017e+03
	949	576	237.250000	54.000000	1.010259e+03
	966	577	241.500000	54.250000	1.015389e+03
	943	578	235.750000	54.500000	1.010809e+03
	786	579	196.500000	54.750000	1.021712e+03
	968	579	242.000000	54.750000	1.015867e+03
	910	582	227.500000	55.500000	1.018419e+03
	929	582	232.250000	55.500000	1.013742e+03
	935	582	233.750000	55.500000	1.011729e+03
	804	584	201.000000	56.000000	1.017779e+03
	924	584	231.000000	56.000000	1.014519e+03
	989	587	247.250000	56.750000	1.015987e+03
	814	588	203.500000	57.000000	1.016237e+03
	874	588	218.500000	57.000000	1.014682e+03
	927	588	231.750000	57.000000	1.012982e+03
	934	588	233.500000	57.000000	1.013862e+03
	938	589	234.500000	57.250000	1.014577e+03
	820	591	205.000000	57.750000	1.014412e+03
	830	591	207.500000	57.750000	1.014527e+03
	916	591	229.000000	57.750000	1.013057e+03
	960	591	240.000000	57.750000	1.018887e+03
	974	591	243.500000	57.750000	1.017389e+03
	926	592	231.500000	58.000000	1.014207e+03
	952	593	238.000000	58.250000	1.019187e+03
	982	593	245.500000	58.250000	1.016849e+03
	824	594	206.000000	58.500000	1.014387e+03
	876	594	219.000000	58.500000	1.015024e+03
	913	594	228.250000	58.500000	1.014824e+03
	908	595	227.000000	58.750000	1.014709e+03
	869	596	217.250000	59.000000	1.015157e+03
	898	596	224.500000	59.000000	1.014824e+03
	899	596	224.750000	59.000000	1.014824e+03
	951	596	237.750000	59.000000	1.019249e+03
	970	597	242.500000	59.250000	1.018474e+03
	825	598	206.250000	59.500000	1.013984e+03
	884	598	221.000000	59.500000	1.015709e+03
	888	598	222.000000	59.500000	1.015419e+03
	945	598	236.250000	59.500000	1.019467e+03
	845	599	211.250000	59.750000	1.014424e+03
	874	599	218.500000	59.750000	1.014982e+03
	864	600	216.000000	60.000000	1.014257e+03
	906	600	226.500000	60.000000	1.014977e+03
	964	600	241.000000	60.000000	1.019659e+03
