2014	12	9	179	15
	662	423	165.500000	15.750000	1.012879e+03
	999	427	249.750000	16.750000	1.015829e+03
	722	436	180.500000	19.000000	1.014079e+03
	820	436	205.000000	19.000000	1.016497e+03
	725	437	181.250000	19.250000	1.014062e+03
	989	438	247.250000	19.500000	1.016497e+03
	821	440	205.250000	20.000000	1.016669e+03
	816	441	204.000000	20.250000	1.016924e+03
	840	442	210.000000	20.500000	1.017197e+03
	821	443	205.250000	20.750000	1.016869e+03
	690	444	172.500000	21.000000	1.015829e+03
	817	444	204.250000	21.000000	1.016909e+03
	818	444	204.500000	21.000000	1.016909e+03
	800	446	200.000000	21.500000	1.016839e+03
	811	446	202.750000	21.500000	1.017089e+03
	819	446	204.750000	21.500000	1.016954e+03
	806	447	201.500000	21.750000	1.017007e+03
	838	448	209.500000	22.000000	1.017217e+03
	750	449	187.500000	22.250000	1.015312e+03
	841	450	210.250000	22.500000	1.017172e+03
	759	451	189.750000	22.750000	1.015129e+03
	765	452	191.250000	23.000000	1.015077e+03
	999	452	249.750000	23.000000	1.015142e+03
	769	453	192.250000	23.250000	1.015039e+03
	995	455	248.750000	23.750000	1.015292e+03
	775	457	193.750000	24.250000	1.015022e+03
	777	459	194.250000	24.750000	1.014904e+03
	933	461	233.250000	25.250000	1.021889e+03
	872	462	218.000000	25.500000	1.018874e+03
	935	463	233.750000	25.750000	1.021877e+03
	991	463	247.750000	25.750000	1.015317e+03
	843	464	210.750000	26.000000	1.017162e+03
	873	464	218.250000	26.000000	1.018869e+03
	937	465	234.250000	26.250000	1.021837e+03
	935	468	233.750000	27.000000	1.021817e+03
	940	468	235.000000	27.000000	1.021864e+03
	1000	469	250.000000	27.250000	1.014512e+03
	984	473	246.000000	28.250000	1.016892e+03
	983	474	245.750000	28.500000	1.016892e+03
	704	476	176.000000	29.000000	1.020179e+03
	699	477	174.750000	29.250000	1.020149e+03
	980	477	245.000000	29.250000	1.017082e+03
	994	478	248.500000	29.500000	1.014689e+03
	997	478	249.250000	29.500000	1.014729e+03
	936	481	234.000000	30.250000	1.022762e+03
	976	481	244.000000	30.250000	1.017744e+03
	988	482	247.000000	30.500000	1.015802e+03
	938	483	234.500000	30.750000	1.022757e+03
	994	484	248.500000	31.000000	1.015812e+03
	988	485	247.000000	31.250000	1.015764e+03
	973	486	243.250000	31.500000	1.017842e+03
	972	490	243.000000	32.500000	1.017922e+03
	996	491	249.000000	32.750000	1.016484e+03
	965	492	241.250000	33.000000	1.017799e+03
	977	492	244.250000	33.000000	1.017809e+03
	985	492	246.250000	33.000000	1.016629e+03
	965	494	241.250000	33.500000	1.017774e+03
	988	494	247.000000	33.500000	1.016417e+03
	979	499	244.750000	34.750000	1.019189e+03
	992	500	248.000000	35.000000	1.020022e+03
	973	501	243.250000	35.250000	1.020929e+03
	949	502	237.250000	35.500000	1.021667e+03
	955	502	238.750000	35.500000	1.021414e+03
	968	503	242.000000	35.750000	1.020497e+03
	999	503	249.750000	35.750000	1.022344e+03
	948	504	237.000000	36.000000	1.021614e+03
	952	504	238.000000	36.000000	1.021637e+03
	972	504	243.000000	36.000000	1.021087e+03
	957	505	239.250000	36.250000	1.021744e+03
	976	505	244.000000	36.250000	1.020479e+03
	979	505	244.750000	36.250000	1.021127e+03
	984	506	246.000000	36.500000	1.021269e+03
	990	506	247.500000	36.500000	1.023572e+03
	964	507	241.000000	36.750000	1.021867e+03
	975	507	243.750000	36.750000	1.021202e+03
	981	508	245.250000	37.000000	1.021379e+03
	952	510	238.000000	37.500000	1.021767e+03
	961	510	240.250000	37.500000	1.021664e+03
	988	510	247.000000	37.500000	1.021969e+03
	964	512	241.000000	38.000000	1.021692e+03
	958	513	239.500000	38.250000	1.021354e+03
	981	513	245.250000	38.250000	1.022362e+03
	957	515	239.250000	38.750000	1.021447e+03
	962	515	240.500000	38.750000	1.022212e+03
	970	516	242.500000	39.000000	1.022529e+03
	974	516	243.500000	39.000000	1.021727e+03
	979	516	244.750000	39.000000	1.021984e+03
	955	517	238.750000	39.250000	1.021792e+03
	960	517	240.000000	39.250000	1.022187e+03
	971	518	242.750000	39.500000	1.022654e+03
	987	518	246.750000	39.500000	1.024752e+03
	993	518	248.250000	39.500000	1.023417e+03
	994	518	248.500000	39.500000	1.023417e+03
	981	520	245.250000	40.000000	1.022339e+03
	963	521	240.750000	40.250000	1.026477e+03
	990	521	247.500000	40.250000	1.023832e+03
	953	522	238.250000	40.500000	1.021449e+03
	978	522	244.500000	40.500000	1.022642e+03
	994	523	248.500000	40.750000	1.022729e+03
	955	524	238.750000	41.000000	1.022042e+03
	981	524	245.250000	41.000000	1.023214e+03
	997	524	249.250000	41.000000	1.022754e+03
	958	526	239.500000	41.500000	1.021509e+03
	993	526	248.250000	41.500000	1.023302e+03
	979	528	244.750000	42.000000	1.020779e+03
	963	529	240.750000	42.250000	1.020497e+03
	985	529	246.250000	42.250000	1.022124e+03
	994	529	248.500000	42.250000	1.023764e+03
	970	530	242.500000	42.500000	1.020562e+03
	989	530	247.250000	42.500000	1.023752e+03
	997	530	249.250000	42.500000	1.023272e+03
	972	532	243.000000	43.000000	1.020322e+03
	993	532	248.250000	43.000000	1.023757e+03
	957	533	239.250000	43.250000	1.018744e+03
	966	533	241.500000	43.250000	1.019707e+03
	994	534	248.500000	43.500000	1.023872e+03
	984	536	246.000000	44.000000	1.021654e+03
	975	537	243.750000	44.250000	1.021054e+03
	996	538	249.000000	44.500000	1.025704e+03
	981	539	245.250000	44.750000	1.021369e+03
	980	541	245.000000	45.250000	1.021514e+03
	963	542	240.750000	45.500000	1.015194e+03
	995	542	248.750000	45.500000	1.019949e+03
	957	545	239.250000	46.250000	1.015202e+03
	968	545	242.000000	46.250000	1.015787e+03
	987	545	246.750000	46.250000	1.018707e+03
	990	545	247.500000	46.250000	1.018972e+03
	1000	545	250.000000	46.250000	1.017377e+03
	980	547	245.000000	46.750000	1.017789e+03
	965	549	241.250000	47.250000	1.016094e+03
	998	550	249.500000	47.500000	1.014384e+03
	976	552	244.000000	48.000000	1.016517e+03
	989	554	247.250000	48.500000	1.012917e+03
	970	557	242.500000	49.250000	1.016544e+03
	977	557	244.250000	49.250000	1.017889e+03
	900	563	225.000000	50.750000	9.599543e+02
	973	563	243.250000	50.750000	1.013604e+03
	982	563	245.500000	50.750000	1.005739e+03
	945	567	236.250000	51.750000	9.902994e+02
	972	572	243.000000	53.000000	9.990844e+02
	938	573	234.500000	53.250000	9.875094e+02
	983	573	245.750000	53.250000	1.001597e+03
	902	574	225.500000	53.500000	9.665219e+02
	988	574	247.000000	53.500000	1.001959e+03
	984	575	246.000000	53.750000	1.001719e+03
	934	576	233.500000	54.000000	9.867043e+02
	817	579	204.250000	54.750000	9.627469e+02
	811	580	202.750000	55.000000	9.628844e+02
	994	581	248.500000	55.250000	1.005094e+03
	952	582	238.000000	55.500000	9.915069e+02
	872	583	218.000000	55.750000	9.742344e+02
	925	583	231.250000	55.750000	9.833819e+02
	981	583	245.250000	55.750000	9.994094e+02
	949	585	237.250000	56.250000	9.915519e+02
	993	586	248.250000	56.500000	1.003007e+03
	994	586	248.500000	56.500000	1.003007e+03
	870	587	217.500000	56.750000	9.743494e+02
	981	587	245.250000	56.750000	9.995444e+02
	961	588	240.250000	57.000000	9.941819e+02
	946	590	236.500000	57.500000	9.892693e+02
	940	591	235.000000	57.750000	9.888844e+02
	976	592	244.000000	58.000000	9.960394e+02
	990	592	247.500000	58.000000	9.974644e+02
	920	593	230.000000	58.250000	9.835744e+02
	942	593	235.500000	58.250000	9.882769e+02
	958	594	239.500000	58.500000	9.919568e+02
	861	596	215.250000	59.000000	9.738494e+02
	869	596	217.250000	59.000000	9.738769e+02
	893	596	223.250000	59.000000	9.794744e+02
	926	596	231.500000	59.000000	9.849144e+02
	936	596	234.000000	59.000000	9.863544e+02
	865	597	216.250000	59.250000	9.738969e+02
	896	598	224.000000	59.500000	9.793219e+02
	981	598	245.250000	59.500000	9.937544e+02
	906	599	226.500000	59.750000	9.809119e+02
	913	599	228.250000	59.750000	9.824369e+02
	936	599	234.000000	59.750000	9.892068e+02
	836	600	209.000000	60.000000	9.720219e+02
	893	600	223.250000	60.000000	9.783894e+02
