2014	11	8	183	18
	807	436	201.750000	19.000000	1.012462e+03
	810	436	202.500000	19.000000	1.012454e+03
	815	436	203.750000	19.000000	1.012407e+03
	820	436	205.000000	19.000000	1.012702e+03
	883	436	220.750000	19.000000	1.016684e+03
	812	437	203.000000	19.250000	1.012462e+03
	814	438	203.500000	19.500000	1.012379e+03
	981	438	245.250000	19.500000	1.014092e+03
	815	440	203.750000	20.000000	1.012497e+03
	822	440	205.500000	20.000000	1.012729e+03
	820	441	205.000000	20.250000	1.012692e+03
	821	443	205.250000	20.750000	1.012652e+03
	981	456	245.250000	24.000000	1.015114e+03
	994	459	248.500000	24.750000	1.014589e+03
	981	461	245.250000	25.250000	1.015109e+03
	982	461	245.500000	25.250000	1.015109e+03
	991	464	247.750000	26.000000	1.015127e+03
	984	467	246.000000	26.750000	1.015492e+03
	988	467	247.000000	26.750000	1.015422e+03
	1000	470	250.000000	27.500000	1.013822e+03
	986	471	246.500000	27.750000	1.015544e+03
	718	473	179.500000	28.250000	1.020634e+03
	984	473	246.000000	28.250000	1.015672e+03
	998	473	249.500000	28.250000	1.013999e+03
	983	475	245.750000	28.750000	1.015692e+03
	851	476	212.750000	29.000000	1.008267e+03
	660	477	165.000000	29.250000	1.021312e+03
	845	477	211.250000	29.250000	1.006134e+03
	980	477	245.000000	29.250000	1.015937e+03
	663	478	165.750000	29.500000	1.021229e+03
	853	478	213.250000	29.500000	1.008457e+03
	990	478	247.500000	29.500000	1.015389e+03
	846	480	211.500000	30.000000	1.006142e+03
	732	482	183.000000	30.500000	1.021057e+03
	992	482	248.000000	30.500000	1.015947e+03
	772	484	193.000000	31.000000	1.021797e+03
	975	484	243.750000	31.000000	1.016644e+03
	988	484	247.000000	31.000000	1.015862e+03
	973	488	243.250000	32.000000	1.016754e+03
	979	489	244.750000	32.250000	1.017707e+03
	994	489	248.500000	32.250000	1.017744e+03
	972	490	243.000000	32.500000	1.016734e+03
	971	492	242.750000	33.000000	1.016752e+03
	977	492	244.250000	33.000000	1.017732e+03
	968	495	242.000000	33.750000	1.017017e+03
	991	495	247.750000	33.750000	1.018319e+03
	962	497	240.500000	34.250000	1.017542e+03
	986	497	246.500000	34.250000	1.018567e+03
	958	499	239.500000	34.750000	1.018079e+03
	991	500	247.750000	35.000000	1.021387e+03
	964	501	241.000000	35.250000	1.019172e+03
	976	501	244.000000	35.250000	1.020397e+03
	955	502	238.750000	35.500000	1.018614e+03
	970	503	242.500000	35.750000	1.021369e+03
	999	503	249.750000	35.750000	1.024377e+03
	963	504	240.750000	36.000000	1.019649e+03
	980	504	245.000000	36.000000	1.021472e+03
	960	505	240.000000	36.250000	1.019647e+03
	984	505	246.000000	36.250000	1.021279e+03
	990	506	247.500000	36.500000	1.023569e+03
	962	507	240.500000	36.750000	1.019637e+03
	961	508	240.250000	37.000000	1.019637e+03
	987	509	246.750000	37.250000	1.023414e+03
	964	511	241.000000	37.750000	1.023682e+03
	993	511	248.250000	37.750000	1.025427e+03
	864	514	216.000000	38.500000	1.014284e+03
	970	514	242.500000	38.500000	1.025252e+03
	992	515	248.000000	38.750000	1.025602e+03
	969	516	242.250000	39.000000	1.025129e+03
	819	517	204.750000	39.250000	1.019679e+03
	946	517	236.500000	39.250000	1.020577e+03
	974	517	243.500000	39.250000	1.025194e+03
	981	517	245.250000	39.250000	1.025737e+03
	1000	518	250.000000	39.500000	1.025627e+03
	952	519	238.000000	39.750000	1.020569e+03
	996	519	249.000000	39.750000	1.025694e+03
	945	520	236.250000	40.000000	1.020587e+03
	982	520	245.500000	40.000000	1.025919e+03
	965	521	241.250000	40.250000	1.026547e+03
	978	522	244.500000	40.500000	1.026197e+03
	990	522	247.500000	40.500000	1.026982e+03
	999	523	249.750000	40.750000	1.024307e+03
	946	524	236.500000	41.000000	1.021054e+03
	999	524	249.750000	41.000000	1.024307e+03
	957	525	239.250000	41.250000	1.025079e+03
	975	526	243.750000	41.500000	1.026422e+03
	875	527	218.750000	41.750000	1.016119e+03
	943	528	235.750000	42.000000	1.020824e+03
	962	528	240.500000	42.000000	1.025724e+03
	970	528	242.500000	42.000000	1.026384e+03
	979	528	244.750000	42.000000	1.026159e+03
	985	529	246.250000	42.250000	1.026234e+03
	957	530	239.250000	42.500000	1.024637e+03
	988	530	247.000000	42.500000	1.026509e+03
	999	530	249.750000	42.500000	1.024839e+03
	974	531	243.500000	42.750000	1.026702e+03
	873	532	218.250000	43.000000	1.016154e+03
	966	532	241.500000	43.000000	1.026399e+03
	950	533	237.500000	43.250000	1.022627e+03
	874	534	218.500000	43.500000	1.016137e+03
	993	534	248.250000	43.500000	1.026547e+03
	983	536	245.750000	44.000000	1.025024e+03
	962	537	240.500000	44.250000	1.026122e+03
	951	538	237.750000	44.500000	1.022857e+03
	957	538	239.250000	44.500000	1.024874e+03
	859	539	214.750000	44.750000	1.017157e+03
	966	541	241.500000	45.250000	1.024609e+03
	882	542	220.500000	45.500000	1.015357e+03
	944	542	236.000000	45.500000	1.024339e+03
	970	542	242.500000	45.500000	1.025502e+03
	996	542	249.000000	45.500000	1.020202e+03
	867	543	216.750000	45.750000	1.017264e+03
	978	543	244.500000	45.750000	1.025379e+03
	870	545	217.500000	46.250000	1.017264e+03
	969	545	242.250000	46.250000	1.025207e+03
	888	546	222.000000	46.500000	1.014937e+03
	954	546	238.500000	46.500000	1.023432e+03
	984	546	246.000000	46.500000	1.024634e+03
	971	548	242.750000	47.000000	1.026422e+03
	892	549	223.000000	47.250000	1.014827e+03
	956	549	239.000000	47.250000	1.024307e+03
	975	549	243.750000	47.250000	1.026302e+03
	1000	549	250.000000	47.250000	1.015972e+03
	894	550	223.500000	47.500000	1.014827e+03
	946	551	236.500000	47.750000	1.024304e+03
	979	552	244.750000	48.000000	1.025644e+03
	957	553	239.250000	48.250000	1.023489e+03
	982	553	245.500000	48.250000	1.025742e+03
	991	553	247.750000	48.250000	1.015824e+03
	878	555	219.500000	48.750000	1.017237e+03
	879	555	219.750000	48.750000	1.017237e+03
	959	556	239.750000	49.000000	1.022004e+03
	997	556	249.250000	49.000000	1.016354e+03
	942	557	235.500000	49.250000	1.025549e+03
	880	558	220.000000	49.500000	1.017234e+03
	909	558	227.250000	49.500000	1.016802e+03
	948	558	237.000000	49.500000	1.025829e+03
	939	559	234.750000	49.750000	1.025232e+03
	944	559	236.000000	49.750000	1.025699e+03
	915	560	228.750000	50.000000	1.017244e+03
	947	560	236.750000	50.000000	1.025524e+03
	960	560	240.000000	50.000000	1.023484e+03
	953	562	238.250000	50.500000	1.023444e+03
	975	563	243.750000	50.750000	1.021687e+03
	983	563	245.750000	50.750000	1.013512e+03
	972	565	243.000000	51.250000	1.021657e+03
	949	566	237.250000	51.500000	1.019542e+03
	925	567	231.250000	51.750000	1.018204e+03
	980	567	245.000000	51.750000	1.012469e+03
	953	569	238.250000	52.250000	1.021534e+03
	939	570	234.750000	52.500000	1.020464e+03
	948	570	237.000000	52.500000	1.020274e+03
	972	572	243.000000	53.000000	1.015807e+03
	967	574	241.750000	53.500000	1.016329e+03
	928	576	232.000000	54.000000	1.019827e+03
	962	576	240.500000	54.000000	1.016422e+03
	693	577	173.250000	54.250000	9.350894e+02
	932	577	233.000000	54.250000	1.019469e+03
	943	578	235.750000	54.500000	1.018064e+03
	957	578	239.250000	54.500000	1.018029e+03
	946	579	236.500000	54.750000	1.018402e+03
	945	583	236.250000	55.750000	1.018662e+03
	919	584	229.750000	56.000000	1.020029e+03
	924	584	231.000000	56.000000	1.020484e+03
	940	587	235.000000	56.750000	1.019352e+03
	902	588	225.500000	57.000000	1.016847e+03
	944	589	236.000000	57.250000	1.019662e+03
	992	589	248.000000	57.250000	1.028042e+03
	926	591	231.500000	57.750000	1.021584e+03
	840	593	210.000000	58.250000	9.982419e+02
	918	593	229.500000	58.250000	1.019872e+03
	942	593	235.500000	58.250000	1.019724e+03
	910	594	227.500000	58.500000	1.017207e+03
	832	595	208.000000	58.750000	9.987319e+02
	924	595	231.000000	58.750000	1.020922e+03
	824	596	206.000000	59.000000	9.987094e+02
	975	596	243.750000	59.000000	1.030137e+03
	976	596	244.000000	59.000000	1.030137e+03
	821	599	205.250000	59.750000	9.982068e+02
	951	599	237.750000	59.750000	1.027489e+03
	962	599	240.500000	59.750000	1.029214e+03
	900	600	225.000000	60.000000	1.015364e+03
	937	600	234.250000	60.000000	1.024092e+03
