2015	5	6	145	3
	814	438	203.500000	19.500000	1.015013e+03
	815	440	203.750000	20.000000	1.015062e+03
	820	441	205.000000	20.250000	1.016872e+03
	811	442	202.750000	20.500000	1.015593e+03
	990	465	247.500000	26.250000	1.012820e+03
	995	466	248.750000	26.500000	1.010780e+03
	1000	469	250.000000	27.250000	1.010732e+03
	996	472	249.000000	28.000000	1.010597e+03
	989	474	247.250000	28.500000	1.010400e+03
	993	477	248.250000	29.250000	1.010300e+03
	766	478	191.500000	29.500000	1.019335e+03
	997	478	249.250000	29.500000	1.010365e+03
	995	482	248.750000	30.500000	1.009547e+03
	981	484	245.250000	31.000000	1.007718e+03
	974	485	243.500000	31.250000	1.014023e+03
	1000	487	250.000000	31.750000	1.009405e+03
	995	489	248.750000	32.250000	1.008292e+03
	969	490	242.250000	32.500000	1.013432e+03
	782	491	195.500000	32.750000	1.019030e+03
	978	491	244.500000	32.750000	1.006438e+03
	984	491	246.000000	32.750000	1.007213e+03
	970	492	242.500000	33.000000	1.013240e+03
	988	493	247.000000	33.250000	1.007148e+03
	992	493	248.000000	33.250000	1.007222e+03
	985	494	246.250000	33.500000	1.007282e+03
	978	497	244.500000	34.250000	1.005657e+03
	976	500	244.000000	35.000000	1.005035e+03
	981	500	245.250000	35.000000	1.005970e+03
	989	500	247.250000	35.000000	1.009955e+03
	995	503	248.750000	35.750000	1.008208e+03
	962	505	240.500000	36.250000	1.007833e+03
	980	505	245.000000	36.250000	1.003190e+03
	972	506	243.000000	36.500000	1.001835e+03
	981	507	245.250000	36.750000	1.003143e+03
	995	509	248.750000	37.250000	1.005835e+03
	958	510	239.500000	37.500000	1.009023e+03
	979	511	244.750000	37.750000	1.003930e+03
	972	512	243.000000	38.000000	1.004820e+03
	975	512	243.750000	38.000000	1.004838e+03
	969	513	242.250000	38.250000	1.004657e+03
	999	515	249.750000	38.750000	1.003080e+03
	967	516	241.750000	39.000000	1.004240e+03
	988	516	247.000000	39.000000	1.006218e+03
	972	517	243.000000	39.250000	1.006000e+03
	952	518	238.000000	39.500000	1.007035e+03
	984	518	246.000000	39.500000	1.005430e+03
	990	518	247.500000	39.500000	1.006718e+03
	966	519	241.500000	39.750000	1.004295e+03
	969	520	242.250000	40.000000	1.004275e+03
	982	520	245.500000	40.000000	1.004903e+03
	992	521	248.000000	40.250000	1.006042e+03
	951	522	237.750000	40.500000	1.007655e+03
	981	522	245.250000	40.500000	1.004797e+03
	972	523	243.000000	40.750000	1.003807e+03
	955	524	238.750000	41.000000	1.008845e+03
	980	524	245.000000	41.000000	1.005172e+03
	984	526	246.000000	41.500000	1.004682e+03
	988	527	247.000000	41.750000	1.004698e+03
	962	528	240.500000	42.000000	1.008338e+03
	971	532	242.750000	43.000000	1.007532e+03
	989	533	247.250000	43.250000	1.001920e+03
	950	537	237.500000	44.250000	1.017775e+03
	984	537	246.000000	44.250000	1.005915e+03
	948	541	237.000000	45.250000	1.018193e+03
	992	542	248.000000	45.500000	1.007282e+03
	946	546	236.500000	46.500000	1.018775e+03
	963	546	240.750000	46.500000	1.012112e+03
	964	546	241.000000	46.500000	1.012112e+03
	794	547	198.500000	46.750000	1.004435e+03
	974	547	243.500000	46.750000	1.012540e+03
	967	548	241.750000	47.000000	1.012157e+03
	947	550	236.750000	47.500000	1.018047e+03
	936	551	234.000000	47.750000	1.018320e+03
	969	553	242.250000	48.250000	1.011055e+03
	948	554	237.000000	48.500000	1.017835e+03
	954	554	238.500000	48.500000	1.018520e+03
	983	554	245.750000	48.500000	1.010047e+03
	999	554	249.750000	48.500000	1.002713e+03
	973	555	243.250000	48.750000	1.011203e+03
	948	556	237.000000	49.000000	1.017685e+03
	963	556	240.750000	49.000000	1.013677e+03
	663	557	165.750000	49.250000	1.021625e+03
	951	557	237.750000	49.250000	1.018013e+03
	979	557	244.750000	49.250000	1.010302e+03
	945	558	236.250000	49.500000	1.017430e+03
	740	559	185.000000	49.750000	9.949300e+02
	962	559	240.500000	49.750000	1.013585e+03
	939	561	234.750000	50.250000	1.017438e+03
	968	562	242.000000	50.500000	1.013580e+03
	965	563	241.250000	50.750000	1.013648e+03
	957	564	239.250000	51.000000	1.012955e+03
	973	564	243.250000	51.000000	1.011367e+03
	993	564	248.250000	51.000000	1.001602e+03
	938	565	234.500000	51.250000	1.017057e+03
	978	565	244.500000	51.250000	1.010830e+03
	960	566	240.000000	51.500000	1.013455e+03
	970	566	242.500000	51.500000	1.013088e+03
	974	567	243.500000	51.750000	1.012167e+03
	946	568	236.500000	52.000000	1.017035e+03
	962	568	240.500000	52.000000	1.013328e+03
	953	569	238.250000	52.250000	1.015112e+03
	998	569	249.500000	52.250000	1.000802e+03
	956	570	239.000000	52.500000	1.015138e+03
	968	570	242.000000	52.500000	1.013438e+03
	930	571	232.500000	52.750000	1.019693e+03
	913	572	228.250000	53.000000	1.020508e+03
	927	572	231.750000	53.000000	1.019482e+03
	936	573	234.000000	53.250000	1.020412e+03
	951	573	237.750000	53.250000	1.016508e+03
	959	573	239.750000	53.250000	1.015883e+03
	911	574	227.750000	53.500000	1.020532e+03
	952	576	238.000000	54.000000	1.016833e+03
	835	577	208.750000	54.250000	1.014840e+03
	924	577	231.000000	54.250000	1.019060e+03
	783	580	195.750000	55.000000	1.009557e+03
	921	581	230.250000	55.250000	1.019400e+03
	935	582	233.750000	55.500000	1.018987e+03
	793	583	198.250000	55.750000	1.011090e+03
	912	583	228.000000	55.750000	1.018768e+03
	928	583	232.000000	55.750000	1.018898e+03
	804	586	201.000000	56.500000	1.011742e+03
	908	586	227.000000	56.500000	1.018875e+03
	925	586	231.250000	56.500000	1.019195e+03
	930	586	232.500000	56.500000	1.019325e+03
	942	587	235.500000	56.750000	1.019740e+03
	806	588	201.500000	57.000000	1.011645e+03
	904	590	226.000000	57.500000	1.019120e+03
	980	592	245.000000	58.000000	1.021405e+03
	991	593	247.750000	58.250000	1.022282e+03
	894	594	223.500000	58.500000	1.019338e+03
	918	594	229.500000	58.500000	1.017380e+03
	966	594	241.500000	58.500000	1.019982e+03
	973	595	243.250000	58.750000	1.020362e+03
	892	596	223.000000	59.000000	1.019320e+03
	952	596	238.000000	59.000000	1.019667e+03
	930	597	232.500000	59.250000	1.016755e+03
	958	597	239.500000	59.250000	1.020062e+03
	896	598	224.000000	59.500000	1.018917e+03
	949	598	237.250000	59.500000	1.019705e+03
	834	599	208.500000	59.750000	1.019155e+03
	877	599	219.250000	59.750000	1.020888e+03
	926	599	231.500000	59.750000	1.016940e+03
	999	599	249.750000	59.750000	1.023107e+03
	1000	599	250.000000	59.750000	1.023107e+03
	873	600	218.250000	60.000000	1.020903e+03
