2014	10	28	132	21
	998	420	249.500000	15.000000	1.010838e+03
	696	423	174.000000	15.750000	1.012693e+03
	694	424	173.500000	16.000000	1.012680e+03
	668	428	167.000000	17.000000	1.013208e+03
	685	434	171.250000	18.500000	1.013417e+03
	706	437	176.500000	19.250000	1.013258e+03
	814	438	203.500000	19.500000	1.015625e+03
	815	440	203.750000	20.000000	1.015380e+03
	820	441	205.000000	20.250000	1.016695e+03
	817	442	204.250000	20.500000	1.016528e+03
	821	443	205.250000	20.750000	1.016792e+03
	719	445	179.750000	21.250000	1.015138e+03
	715	447	178.750000	21.750000	1.014997e+03
	800	447	200.000000	21.750000	1.017062e+03
	723	449	180.750000	22.250000	1.015795e+03
	998	456	249.500000	24.000000	1.011545e+03
	996	458	249.000000	24.500000	1.011653e+03
	990	466	247.500000	26.500000	1.012458e+03
	994	466	248.500000	26.500000	1.012080e+03
	988	468	247.000000	27.000000	1.012415e+03
	838	469	209.500000	27.250000	1.020162e+03
	824	472	206.000000	28.000000	1.020497e+03
	986	472	246.500000	28.000000	1.012917e+03
	827	473	206.750000	28.250000	1.020472e+03
	830	474	207.500000	28.500000	1.020417e+03
	998	475	249.500000	28.750000	1.011175e+03
	980	479	245.000000	29.750000	1.013628e+03
	995	481	248.750000	30.250000	1.012410e+03
	841	482	210.250000	30.500000	1.019222e+03
	992	482	248.000000	30.500000	1.012388e+03
	845	483	211.250000	30.750000	1.019218e+03
	852	486	213.000000	31.500000	1.019037e+03
	976	486	244.000000	31.500000	1.013987e+03
	964	488	241.000000	32.000000	1.015213e+03
	981	488	245.250000	32.000000	1.013427e+03
	858	489	214.500000	32.250000	1.019095e+03
	995	489	248.750000	32.250000	1.013635e+03
	974	490	243.500000	32.500000	1.013958e+03
	978	491	244.500000	32.750000	1.013628e+03
	984	491	246.000000	32.750000	1.013333e+03
	988	492	247.000000	33.000000	1.013340e+03
	993	492	248.250000	33.000000	1.013333e+03
	867	495	216.750000	33.750000	1.018682e+03
	971	495	242.750000	33.750000	1.013593e+03
	984	495	246.000000	33.750000	1.014122e+03
	966	497	241.500000	34.250000	1.014253e+03
	962	498	240.500000	34.500000	1.015340e+03
	1000	498	250.000000	34.500000	1.015355e+03
	881	500	220.250000	35.000000	1.019273e+03
	972	500	243.000000	35.000000	1.016050e+03
	884	501	221.000000	35.250000	1.019195e+03
	957	501	239.250000	35.250000	1.015812e+03
	966	501	241.500000	35.250000	1.016345e+03
	976	501	244.000000	35.250000	1.015667e+03
	887	502	221.750000	35.500000	1.019155e+03
	995	502	248.750000	35.500000	1.016255e+03
	892	504	223.000000	36.000000	1.019172e+03
	963	504	240.750000	36.000000	1.016562e+03
	978	504	244.500000	36.000000	1.016720e+03
	991	504	247.750000	36.000000	1.016047e+03
	960	505	240.000000	36.250000	1.016698e+03
	983	505	245.750000	36.250000	1.016282e+03
	962	507	240.500000	36.750000	1.016745e+03
	986	508	246.500000	37.000000	1.016468e+03
	967	509	241.750000	37.250000	1.017275e+03
	964	511	241.000000	37.750000	1.016800e+03
	991	511	247.750000	37.750000	1.016990e+03
	974	513	243.500000	38.250000	1.018213e+03
	962	514	240.500000	38.500000	1.017490e+03
	993	514	248.250000	38.500000	1.017680e+03
	972	515	243.000000	38.750000	1.017960e+03
	981	516	245.250000	39.000000	1.018430e+03
	959	518	239.750000	39.500000	1.017258e+03
	996	518	249.000000	39.500000	1.018635e+03
	952	519	238.000000	39.750000	1.017555e+03
	1000	519	250.000000	39.750000	1.018987e+03
	979	521	244.750000	40.250000	1.019193e+03
	998	521	249.500000	40.250000	1.018117e+03
	964	522	241.000000	40.500000	1.020060e+03
	957	526	239.250000	41.500000	1.017148e+03
	953	527	238.250000	41.750000	1.016562e+03
	978	528	244.500000	42.000000	1.019188e+03
	972	529	243.000000	42.250000	1.018833e+03
	985	529	246.250000	42.250000	1.020075e+03
	1000	529	250.000000	42.250000	1.019133e+03
	949	530	237.250000	42.500000	1.016150e+03
	1000	530	250.000000	42.500000	1.019133e+03
	968	531	242.000000	42.750000	1.017935e+03
	957	533	239.250000	43.250000	1.015208e+03
	957	541	239.250000	45.250000	1.012910e+03
	962	542	240.500000	45.500000	1.012890e+03
	981	543	245.250000	45.750000	1.016907e+03
	995	543	248.750000	45.750000	1.016070e+03
	957	545	239.250000	46.250000	1.013805e+03
	989	545	247.250000	46.250000	1.015175e+03
	983	549	245.750000	47.250000	1.017015e+03
	999	549	249.750000	47.250000	1.013760e+03
	947	552	236.750000	48.000000	1.007343e+03
	983	553	245.750000	48.250000	1.016995e+03
	991	553	247.750000	48.250000	1.011903e+03
	968	554	242.000000	48.500000	1.017350e+03
	979	557	244.750000	49.250000	1.016312e+03
	953	558	238.250000	49.500000	1.010045e+03
	957	560	239.250000	50.000000	1.009445e+03
	975	563	243.750000	50.750000	1.012763e+03
	982	563	245.500000	50.750000	1.006830e+03
	972	565	243.000000	51.250000	1.013898e+03
	945	567	236.250000	51.750000	9.984750e+02
	978	568	244.500000	52.000000	1.004607e+03
	974	571	243.500000	52.750000	1.006083e+03
	938	573	234.500000	53.250000	9.985750e+02
	969	573	242.250000	53.250000	1.006797e+03
	932	574	233.000000	53.500000	9.996925e+02
	965	575	241.250000	53.750000	1.005307e+03
	962	576	240.500000	54.000000	1.005682e+03
	814	578	203.500000	54.500000	9.896200e+02
	905	578	226.250000	54.500000	9.897775e+02
	822	586	205.500000	56.500000	9.913500e+02
	960	586	240.000000	56.500000	1.011195e+03
	952	587	238.000000	56.750000	1.011545e+03
	812	590	203.000000	57.500000	9.926125e+02
	876	590	219.000000	57.500000	9.972375e+02
	900	591	225.000000	57.750000	9.964250e+02
	916	591	229.000000	57.750000	9.999800e+02
	878	592	219.500000	58.000000	9.971300e+02
	886	594	221.500000	58.500000	9.964075e+02
	890	594	222.500000	58.500000	9.961250e+02
	869	596	217.250000	59.000000	9.976400e+02
	975	596	243.750000	59.000000	1.016237e+03
	874	599	218.500000	59.750000	9.976000e+02
	879	599	219.750000	59.750000	9.977050e+02
	870	600	217.500000	60.000000	9.973650e+02
