2015	1	27	188	3
	941	420	235.250000	15.000000	1.010640e+03
	879	432	219.750000	18.000000	1.008535e+03
	938	437	234.500000	19.250000	1.012105e+03
	815	440	203.750000	20.000000	1.010995e+03
	820	441	205.000000	20.250000	1.013085e+03
	905	445	226.250000	21.250000	1.010843e+03
	906	445	226.500000	21.250000	1.010843e+03
	910	445	227.500000	21.250000	1.010903e+03
	915	446	228.750000	21.500000	1.010972e+03
	906	450	226.500000	22.500000	1.011050e+03
	911	450	227.750000	22.500000	1.011060e+03
	945	451	236.250000	22.750000	1.014253e+03
	946	451	236.500000	22.750000	1.014253e+03
	903	455	225.750000	23.750000	1.011013e+03
	885	456	221.250000	24.000000	1.010470e+03
	956	456	239.000000	24.000000	1.014910e+03
	885	457	221.250000	24.250000	1.010470e+03
	904	457	226.000000	24.250000	1.011020e+03
	910	457	227.500000	24.250000	1.011193e+03
	998	457	249.500000	24.250000	1.016740e+03
	890	460	222.500000	25.000000	1.010585e+03
	898	460	224.500000	25.000000	1.010955e+03
	899	460	224.750000	25.000000	1.010955e+03
	984	463	246.000000	25.750000	1.015943e+03
	888	466	222.000000	26.500000	1.010330e+03
	895	466	223.750000	26.500000	1.011148e+03
	899	467	224.750000	26.750000	1.011218e+03
	899	469	224.750000	27.250000	1.011213e+03
	985	470	246.250000	27.500000	1.016458e+03
	983	472	245.750000	28.000000	1.016468e+03
	998	473	249.500000	28.250000	1.017977e+03
	989	474	247.250000	28.500000	1.017800e+03
	894	475	223.500000	28.750000	1.011213e+03
	995	475	248.750000	28.750000	1.018090e+03
	993	477	248.250000	29.250000	1.018155e+03
	825	478	206.250000	29.500000	1.017750e+03
	827	479	206.750000	29.750000	1.017773e+03
	945	479	236.250000	29.750000	1.015458e+03
	971	479	242.750000	29.750000	1.016662e+03
	985	479	246.250000	29.750000	1.018128e+03
	945	481	236.250000	30.250000	1.015458e+03
	970	481	242.500000	30.250000	1.016703e+03
	964	482	241.000000	30.500000	1.016917e+03
	973	483	243.250000	30.750000	1.016790e+03
	990	483	247.500000	30.750000	1.018073e+03
	944	485	236.000000	31.250000	1.015492e+03
	974	485	243.500000	31.250000	1.016480e+03
	983	487	245.750000	31.750000	1.019055e+03
	844	488	211.000000	32.000000	1.018403e+03
	955	488	238.750000	32.000000	1.016422e+03
	996	488	249.000000	32.000000	1.019690e+03
	993	490	248.250000	32.500000	1.019100e+03
	942	491	235.500000	32.750000	1.015325e+03
	988	491	247.000000	32.750000	1.018987e+03
	996	492	249.000000	33.000000	1.019797e+03
	983	493	245.750000	33.250000	1.019495e+03
	977	494	244.250000	33.500000	1.020297e+03
	989	494	247.250000	33.500000	1.019383e+03
	949	495	237.250000	33.750000	1.015745e+03
	928	496	232.000000	34.000000	1.014145e+03
	993	496	248.250000	34.000000	1.019100e+03
	971	497	242.750000	34.250000	1.018682e+03
	987	498	246.750000	34.500000	1.019295e+03
	992	498	248.000000	34.500000	1.019075e+03
	941	499	235.250000	34.750000	1.015540e+03
	963	500	240.750000	35.000000	1.015992e+03
	978	500	244.500000	35.000000	1.019305e+03
	990	500	247.500000	35.000000	1.019015e+03
	1000	501	250.000000	35.250000	1.020930e+03
	957	502	239.250000	35.500000	1.015115e+03
	963	502	240.750000	35.500000	1.015997e+03
	952	503	238.000000	35.750000	1.015145e+03
	999	503	249.750000	35.750000	1.021268e+03
	986	504	246.500000	36.000000	1.018800e+03
	960	505	240.000000	36.250000	1.015727e+03
	954	506	238.500000	36.500000	1.015028e+03
	971	506	242.750000	36.500000	1.018920e+03
	962	507	240.500000	36.750000	1.015960e+03
	981	507	245.250000	36.750000	1.017855e+03
	909	508	227.250000	37.000000	1.013965e+03
	984	508	246.000000	37.000000	1.018225e+03
	995	508	248.750000	37.000000	1.021953e+03
	968	509	242.000000	37.250000	1.017633e+03
	977	510	244.250000	37.500000	1.018565e+03
	958	511	239.500000	37.750000	1.015607e+03
	998	511	249.500000	37.750000	1.021730e+03
	913	512	228.250000	38.000000	1.014165e+03
	944	512	236.000000	38.000000	1.014338e+03
	980	512	245.000000	38.000000	1.018812e+03
	987	512	246.750000	38.000000	1.019990e+03
	977	514	244.250000	38.500000	1.018088e+03
	997	514	249.250000	38.500000	1.021770e+03
	990	515	247.500000	38.750000	1.020112e+03
	1000	515	250.000000	38.750000	1.021828e+03
	955	516	238.750000	39.000000	1.014915e+03
	966	516	241.500000	39.000000	1.014458e+03
	985	517	246.250000	39.250000	1.020450e+03
	960	518	240.000000	39.500000	1.015915e+03
	992	518	248.000000	39.500000	1.020325e+03
	945	519	236.250000	39.750000	1.014008e+03
	969	519	242.250000	39.750000	1.014807e+03
	989	520	247.250000	40.000000	1.020800e+03
	951	523	237.750000	40.750000	1.013965e+03
	973	523	243.250000	40.750000	1.016378e+03
	994	523	248.500000	40.750000	1.020145e+03
	958	527	239.500000	41.750000	1.014682e+03
	973	527	243.250000	41.750000	1.016352e+03
	993	527	248.250000	41.750000	1.020555e+03
	970	528	242.500000	42.000000	1.016230e+03
	984	529	246.000000	42.250000	1.018528e+03
	947	530	236.750000	42.500000	1.013958e+03
	960	530	240.000000	42.500000	1.014580e+03
	990	530	247.500000	42.500000	1.019815e+03
	976	532	244.000000	43.000000	1.019010e+03
	993	532	248.250000	43.000000	1.018807e+03
	947	533	236.750000	43.250000	1.013907e+03
	948	535	237.000000	43.750000	1.013843e+03
	978	537	244.500000	44.250000	1.017140e+03
	999	537	249.750000	44.250000	1.020550e+03
	951	538	237.750000	44.500000	1.013720e+03
	986	538	246.500000	44.500000	1.018825e+03
	957	539	239.250000	44.750000	1.014100e+03
	992	540	248.000000	45.000000	1.019292e+03
	952	541	238.000000	45.250000	1.013802e+03
	961	541	240.250000	45.250000	1.014273e+03
	952	542	238.000000	45.500000	1.013802e+03
	965	542	241.250000	45.500000	1.014580e+03
	996	543	249.000000	45.750000	1.016195e+03
	958	544	239.500000	46.000000	1.014167e+03
	952	546	238.000000	46.500000	1.013405e+03
	970	546	242.500000	46.500000	1.014278e+03
	955	547	238.750000	46.750000	1.013045e+03
	972	549	243.000000	47.250000	1.014638e+03
	818	550	204.500000	47.500000	9.840950e+02
	999	551	249.750000	47.750000	1.009232e+03
	949	552	237.250000	48.000000	1.012995e+03
	980	552	245.000000	48.000000	1.014195e+03
	765	553	191.250000	48.250000	9.856350e+02
	989	554	247.250000	48.500000	1.009432e+03
	1000	560	250.000000	50.000000	1.006838e+03
	990	561	247.500000	50.250000	1.006040e+03
	954	562	238.500000	50.500000	1.009787e+03
	965	562	241.250000	50.500000	1.013117e+03
	995	562	248.750000	50.500000	1.006177e+03
	977	563	244.250000	50.750000	1.010925e+03
	983	563	245.750000	50.750000	1.005125e+03
	972	566	243.000000	51.500000	1.011693e+03
	947	567	236.750000	51.750000	1.005218e+03
	943	568	235.750000	52.000000	1.006065e+03
	978	568	244.500000	52.000000	1.004552e+03
	993	569	248.250000	52.250000	1.007870e+03
	932	570	233.000000	52.500000	1.004407e+03
	947	570	236.750000	52.500000	1.006060e+03
	976	570	244.000000	52.500000	1.005148e+03
	938	571	234.500000	52.750000	1.004885e+03
	973	571	243.250000	52.750000	1.004438e+03
	916	572	229.000000	53.000000	9.986450e+02
	988	572	247.000000	53.000000	1.007688e+03
	956	573	239.000000	53.250000	1.006175e+03
	966	574	241.500000	53.500000	1.006285e+03
	978	574	244.500000	53.500000	1.008145e+03
	959	575	239.750000	53.750000	1.007260e+03
	972	575	243.000000	53.750000	1.007568e+03
	962	576	240.500000	54.000000	1.007097e+03
	998	576	249.500000	54.000000	1.009638e+03
	979	579	244.750000	54.750000	1.008523e+03
	764	580	191.000000	55.000000	9.912250e+02
	935	581	233.750000	55.250000	1.007427e+03
	985	581	246.250000	55.250000	1.008605e+03
	945	582	236.250000	55.500000	1.008990e+03
	960	583	240.000000	55.750000	1.010128e+03
	994	583	248.500000	55.750000	1.008968e+03
	908	589	227.000000	57.250000	1.007343e+03
	877	590	219.250000	57.500000	1.013177e+03
	855	592	213.750000	58.000000	1.011867e+03
	940	593	235.000000	58.250000	1.011770e+03
	858	594	214.500000	58.500000	1.011953e+03
	890	594	222.500000	58.500000	1.010537e+03
	902	594	225.500000	58.500000	1.010857e+03
	978	594	244.500000	58.500000	1.015912e+03
	881	596	220.250000	59.000000	1.012395e+03
	863	598	215.750000	59.500000	1.012460e+03
	872	598	218.000000	59.500000	1.012508e+03
	924	598	231.000000	59.500000	1.012960e+03
	857	599	214.250000	59.750000	1.012352e+03
	868	599	217.000000	59.750000	1.012482e+03
	879	599	219.750000	59.750000	1.012532e+03
	973	600	243.250000	60.000000	1.022347e+03
