2015	9	18	166	18
	731	420	182.750000	15.000000	1.005953e+03
	783	420	195.750000	15.000000	1.010113e+03
	784	420	196.000000	15.000000	1.010113e+03
	963	420	240.750000	15.000000	1.008448e+03
	778	421	194.500000	15.250000	1.009933e+03
	961	421	240.250000	15.250000	1.008491e+03
	973	422	243.250000	15.500000	1.009056e+03
	976	422	244.000000	15.500000	1.009146e+03
	683	423	170.750000	15.750000	1.008131e+03
	733	423	183.250000	15.750000	1.006093e+03
	774	427	193.500000	16.750000	1.010306e+03
	992	427	248.000000	16.750000	1.006861e+03
	738	428	184.500000	17.000000	1.002646e+03
	748	428	187.000000	17.000000	1.007316e+03
	784	429	196.000000	17.250000	1.010446e+03
	992	429	248.000000	17.250000	1.006861e+03
	721	430	180.250000	17.500000	1.006701e+03
	996	430	249.000000	17.500000	1.006748e+03
	997	432	249.250000	18.000000	1.006721e+03
	754	433	188.500000	18.250000	1.008598e+03
	666	435	166.500000	18.750000	1.009536e+03
	814	438	203.500000	19.500000	1.012286e+03
	776	439	194.000000	19.750000	1.011203e+03
	812	439	203.000000	19.750000	1.012351e+03
	679	440	169.750000	20.000000	1.010481e+03
	815	440	203.750000	20.000000	1.012221e+03
	820	441	205.000000	20.250000	1.013688e+03
	817	442	204.250000	20.500000	1.013323e+03
	821	443	205.250000	20.750000	1.013718e+03
	817	444	204.250000	21.000000	1.013666e+03
	1000	444	250.000000	21.000000	1.008253e+03
	814	445	203.500000	21.250000	1.013528e+03
	687	446	171.750000	21.500000	1.011001e+03
	997	455	249.250000	23.750000	1.008186e+03
	999	458	249.750000	24.500000	1.007986e+03
	994	459	248.500000	24.750000	1.007721e+03
	999	461	249.750000	25.250000	1.007978e+03
	993	462	248.250000	25.500000	1.007878e+03
	1000	463	250.000000	25.750000	1.008093e+03
	991	464	247.750000	26.000000	1.007928e+03
	995	466	248.750000	26.500000	1.008288e+03
	988	467	247.000000	26.750000	1.008553e+03
	993	467	248.250000	26.750000	1.008301e+03
	1000	469	250.000000	27.250000	1.007848e+03
	995	470	248.750000	27.500000	1.008373e+03
	985	472	246.250000	28.000000	1.009436e+03
	990	472	247.500000	28.000000	1.008546e+03
	983	475	245.750000	28.750000	1.009863e+03
	988	475	247.000000	28.750000	1.008766e+03
	994	475	248.500000	28.750000	1.008118e+03
	986	477	246.500000	29.250000	1.008916e+03
	997	477	249.250000	29.250000	1.008483e+03
	980	478	245.000000	29.500000	1.009941e+03
	990	478	247.500000	29.500000	1.008568e+03
	979	480	244.750000	30.000000	1.009911e+03
	984	480	246.000000	30.000000	1.009031e+03
	988	483	247.000000	30.750000	1.008743e+03
	975	485	243.750000	31.250000	1.010121e+03
	987	485	246.750000	31.250000	1.008951e+03
	1000	487	250.000000	31.750000	1.011748e+03
	974	488	243.500000	32.000000	1.010373e+03
	995	489	248.750000	32.250000	1.010323e+03
	981	490	245.250000	32.500000	1.009468e+03
	717	491	179.250000	32.750000	1.015426e+03
	978	491	244.500000	32.750000	1.009546e+03
	984	491	246.000000	32.750000	1.009516e+03
	972	492	243.000000	33.000000	1.010473e+03
	988	492	247.000000	33.000000	1.009646e+03
	993	493	248.250000	33.250000	1.009781e+03
	720	494	180.000000	33.500000	1.015401e+03
	971	495	242.750000	33.750000	1.010773e+03
	967	496	241.750000	34.000000	1.010771e+03
	983	496	245.750000	34.000000	1.010128e+03
	962	497	240.500000	34.250000	1.010968e+03
	959	498	239.750000	34.500000	1.011196e+03
	1000	498	250.000000	34.500000	1.014096e+03
	964	500	241.000000	35.000000	1.013826e+03
	969	500	242.250000	35.000000	1.013066e+03
	972	500	243.000000	35.000000	1.013008e+03
	976	501	244.000000	35.250000	1.012151e+03
	996	502	249.000000	35.500000	1.014186e+03
	965	503	241.250000	35.750000	1.013708e+03
	971	503	242.750000	35.750000	1.013021e+03
	975	503	243.750000	35.750000	1.012663e+03
	991	504	247.750000	36.000000	1.014158e+03
	960	505	240.000000	36.250000	1.013638e+03
	983	505	245.750000	36.250000	1.012288e+03
	989	506	247.250000	36.500000	1.014376e+03
	962	507	240.500000	36.750000	1.013376e+03
	953	508	238.250000	37.000000	1.014098e+03
	961	508	240.250000	37.000000	1.013376e+03
	994	508	248.500000	37.000000	1.014976e+03
	967	509	241.750000	37.250000	1.016636e+03
	989	511	247.250000	37.750000	1.016671e+03
	958	513	239.500000	38.250000	1.013873e+03
	767	514	191.750000	38.500000	1.013193e+03
	997	514	249.250000	38.500000	1.016413e+03
	767	515	191.750000	38.750000	1.013193e+03
	957	515	239.250000	38.750000	1.013838e+03
	1000	515	250.000000	38.750000	1.015671e+03
	686	519	171.500000	39.750000	1.015563e+03
	952	519	238.000000	39.750000	1.013591e+03
	740	522	185.000000	40.500000	1.011288e+03
	741	522	185.250000	40.500000	1.011288e+03
	668	523	167.000000	40.750000	1.011588e+03
	755	527	188.750000	41.750000	1.011811e+03
	789	527	197.250000	41.750000	1.011193e+03
	944	528	236.000000	42.000000	1.017631e+03
	955	528	238.750000	42.000000	1.017746e+03
	661	529	165.250000	42.250000	1.013156e+03
	984	529	246.000000	42.250000	1.021363e+03
	997	529	249.250000	42.250000	1.021448e+03
	969	530	242.250000	42.500000	1.019978e+03
	981	530	245.250000	42.500000	1.021136e+03
	766	532	191.500000	43.000000	1.011158e+03
	992	534	248.000000	43.500000	1.022293e+03
	978	535	244.500000	43.750000	1.021111e+03
	981	535	245.250000	43.750000	1.020886e+03
	955	536	238.750000	44.000000	1.018908e+03
	948	537	237.000000	44.250000	1.019491e+03
	981	537	245.250000	44.250000	1.020918e+03
	959	538	239.750000	44.500000	1.019113e+03
	946	539	236.500000	44.750000	1.019351e+03
	983	540	245.750000	45.000000	1.021571e+03
	821	542	205.250000	45.500000	1.007621e+03
	972	542	243.000000	45.500000	1.020056e+03
	996	542	249.000000	45.500000	1.019998e+03
	956	546	239.000000	46.500000	1.018431e+03
	969	546	242.250000	46.500000	1.019341e+03
	987	546	246.750000	46.500000	1.019983e+03
	951	549	237.750000	47.250000	1.019286e+03
	958	549	239.500000	47.250000	1.018568e+03
	947	552	236.750000	48.000000	1.017953e+03
	934	555	233.500000	48.750000	1.014968e+03
	964	555	241.000000	48.750000	1.017418e+03
	951	556	237.750000	49.000000	1.018966e+03
	975	563	243.750000	50.750000	1.014801e+03
	972	565	243.000000	51.250000	1.015171e+03
	944	567	236.000000	51.750000	1.011023e+03
	939	569	234.750000	52.250000	1.011131e+03
	740	570	185.000000	52.500000	1.015776e+03
	936	572	234.000000	53.000000	1.009646e+03
	946	573	236.500000	53.250000	1.010811e+03
	950	576	237.500000	54.000000	1.010768e+03
	951	576	237.750000	54.000000	1.010768e+03
	902	588	225.500000	57.000000	9.938756e+02
	904	590	226.000000	57.500000	9.935156e+02
	918	593	229.500000	58.250000	9.946881e+02
	990	593	247.500000	58.250000	1.001403e+03
	886	594	221.500000	58.500000	9.939881e+02
	890	594	222.500000	58.500000	9.939832e+02
	894	594	223.500000	58.500000	9.933706e+02
	911	594	227.750000	58.500000	9.943406e+02
	1000	594	250.000000	58.500000	1.002051e+03
	886	595	221.500000	58.750000	9.939881e+02
	892	596	223.000000	59.000000	9.935681e+02
	942	596	235.500000	59.000000	9.967681e+02
	830	598	207.500000	59.500000	9.906981e+02
	842	598	210.500000	59.500000	9.922957e+02
	896	598	224.000000	59.500000	9.935531e+02
	913	598	228.250000	59.500000	9.936431e+02
	979	598	244.750000	59.500000	9.990457e+02
	868	599	217.000000	59.750000	9.932606e+02
	877	599	219.250000	59.750000	9.932081e+02
	861	600	215.250000	60.000000	9.931856e+02
	938	600	234.500000	60.000000	9.959681e+02
