2015	6	16	169	6
	947	420	236.750000	15.000000	1.011562e+03
	974	433	243.500000	18.250000	1.012275e+03
	814	438	203.500000	19.500000	1.013487e+03
	812	439	203.000000	19.750000	1.013615e+03
	815	440	203.750000	20.000000	1.013405e+03
	820	441	205.000000	20.250000	1.014565e+03
	811	442	202.750000	20.500000	1.013740e+03
	817	442	204.250000	20.500000	1.014417e+03
	817	444	204.250000	21.000000	1.014778e+03
	980	445	245.000000	21.250000	1.012460e+03
	986	445	246.500000	21.250000	1.012295e+03
	979	447	244.750000	21.750000	1.012463e+03
	804	450	201.000000	22.500000	1.014953e+03
	662	452	165.500000	23.000000	1.012222e+03
	998	453	249.500000	23.250000	1.011665e+03
	661	455	165.250000	23.750000	1.012190e+03
	673	455	168.250000	23.750000	1.012532e+03
	990	465	247.500000	26.250000	1.011318e+03
	988	468	247.000000	27.000000	1.010898e+03
	981	469	245.250000	27.250000	1.011547e+03
	995	469	248.750000	27.250000	1.007758e+03
	994	471	248.500000	27.750000	1.007760e+03
	756	473	189.000000	28.250000	1.015025e+03
	993	473	248.250000	28.250000	1.007680e+03
	760	474	190.000000	28.500000	1.015025e+03
	988	475	247.000000	28.750000	1.007540e+03
	984	480	246.000000	30.000000	1.006443e+03
	999	481	249.750000	30.250000	1.010812e+03
	982	482	245.500000	30.500000	1.006057e+03
	975	485	243.750000	31.250000	1.010205e+03
	736	487	184.000000	31.750000	1.013492e+03
	974	487	243.500000	31.750000	1.010695e+03
	980	487	245.000000	31.750000	1.005355e+03
	999	488	249.750000	32.000000	1.009605e+03
	979	489	244.750000	32.250000	1.004968e+03
	985	491	246.250000	32.750000	1.005968e+03
	977	492	244.250000	33.000000	1.004675e+03
	988	492	247.000000	33.000000	1.005888e+03
	969	493	242.250000	33.250000	1.011630e+03
	992	493	248.000000	33.250000	1.005785e+03
	971	495	242.750000	33.750000	1.011150e+03
	967	496	241.750000	34.000000	1.011343e+03
	961	497	240.250000	34.250000	1.010722e+03
	982	497	245.500000	34.250000	1.004905e+03
	969	500	242.250000	35.000000	1.008583e+03
	1000	500	250.000000	35.000000	1.009597e+03
	963	501	240.750000	35.250000	1.008635e+03
	996	502	249.000000	35.500000	1.008330e+03
	971	503	242.750000	35.750000	1.006295e+03
	963	504	240.750000	36.000000	1.008395e+03
	974	504	243.500000	36.000000	1.004903e+03
	990	504	247.500000	36.000000	1.009857e+03
	995	504	248.750000	36.000000	1.008280e+03
	960	505	240.000000	36.250000	1.009225e+03
	982	505	245.500000	36.250000	1.003515e+03
	972	506	243.000000	36.500000	1.003055e+03
	772	507	193.000000	36.750000	1.008900e+03
	994	508	248.500000	37.000000	1.006852e+03
	1000	508	250.000000	37.000000	1.009622e+03
	777	510	194.250000	37.500000	1.009100e+03
	778	510	194.500000	37.500000	1.009100e+03
	986	511	246.500000	37.750000	1.008028e+03
	977	514	244.250000	38.500000	1.006357e+03
	997	514	249.250000	38.500000	1.007328e+03
	1000	515	250.000000	38.750000	1.006662e+03
	718	516	179.500000	39.000000	1.015638e+03
	719	516	179.750000	39.000000	1.015638e+03
	967	516	241.750000	39.000000	1.009742e+03
	972	517	243.000000	39.250000	1.010253e+03
	952	518	238.000000	39.500000	1.009625e+03
	986	518	246.500000	39.500000	1.003888e+03
	978	519	244.500000	39.750000	1.009318e+03
	969	520	242.250000	40.000000	1.007672e+03
	988	520	247.000000	40.000000	1.003323e+03
	753	522	188.250000	40.500000	1.011477e+03
	833	522	208.250000	40.500000	1.011455e+03
	968	524	242.000000	41.000000	1.007302e+03
	971	524	242.750000	41.000000	1.007138e+03
	990	524	247.500000	41.000000	1.004602e+03
	996	526	249.000000	41.500000	1.011102e+03
	950	527	237.500000	41.750000	1.013818e+03
	974	528	243.500000	42.000000	1.008405e+03
	949	530	237.250000	42.500000	1.014990e+03
	967	530	241.750000	42.500000	1.009172e+03
	981	531	245.250000	42.750000	1.005145e+03
	969	532	242.250000	43.000000	1.008367e+03
	977	532	244.250000	43.000000	1.005102e+03
	984	532	246.000000	43.000000	1.005265e+03
	965	533	241.250000	43.250000	1.009440e+03
	973	535	243.250000	43.750000	1.005698e+03
	957	537	239.250000	44.250000	1.012155e+03
	962	539	240.500000	44.750000	1.011523e+03
	996	539	249.000000	44.750000	1.014805e+03
	989	540	247.250000	45.000000	1.014835e+03
	981	544	245.250000	46.000000	1.010828e+03
	965	545	241.250000	46.250000	1.008232e+03
	953	546	238.250000	46.500000	1.014310e+03
	975	546	243.750000	46.500000	1.008932e+03
	968	547	242.000000	46.750000	1.008760e+03
	700	548	175.000000	47.000000	1.007968e+03
	992	548	248.000000	47.000000	1.016032e+03
	950	551	237.500000	47.750000	1.012708e+03
	962	552	240.500000	48.000000	1.009940e+03
	954	554	238.500000	48.500000	1.013465e+03
	947	556	236.750000	49.000000	1.011105e+03
	951	557	237.750000	49.250000	1.012218e+03
	987	558	246.750000	49.500000	1.017073e+03
	954	559	238.500000	49.750000	1.012830e+03
	962	560	240.500000	50.000000	1.012078e+03
	949	561	237.250000	50.250000	1.013112e+03
	977	561	244.250000	50.250000	1.014992e+03
	986	561	246.500000	50.250000	1.017210e+03
	958	563	239.500000	50.750000	1.011573e+03
	975	563	243.750000	50.750000	1.015295e+03
	970	566	242.500000	51.500000	1.015685e+03
	946	568	236.500000	52.000000	1.012200e+03
	952	568	238.000000	52.000000	1.011530e+03
	885	570	221.250000	52.500000	1.015415e+03
	950	572	237.500000	53.000000	1.012025e+03
	871	573	217.750000	53.250000	1.015198e+03
	973	573	243.250000	53.250000	1.014715e+03
	772	574	193.000000	53.500000	1.025900e+03
	969	574	242.250000	53.500000	1.014545e+03
	977	575	244.250000	53.750000	1.014830e+03
	949	576	237.250000	54.000000	1.012023e+03
	964	576	241.000000	54.000000	1.013747e+03
	946	577	236.500000	54.250000	1.012190e+03
	784	578	196.000000	54.500000	1.023602e+03
	925	578	231.250000	54.500000	1.014170e+03
	943	578	235.750000	54.500000	1.012320e+03
	925	579	231.250000	54.750000	1.014170e+03
	967	579	241.750000	54.750000	1.013835e+03
	935	580	233.750000	55.000000	1.013042e+03
	945	581	236.250000	55.250000	1.012780e+03
	802	582	200.500000	55.500000	1.021375e+03
	929	582	232.250000	55.500000	1.013680e+03
	935	582	233.750000	55.500000	1.013052e+03
	987	582	246.750000	55.500000	1.014620e+03
	988	582	247.000000	55.500000	1.014620e+03
	939	583	234.750000	55.750000	1.013023e+03
	966	583	241.500000	55.750000	1.013997e+03
	881	584	220.250000	56.000000	1.014818e+03
	943	584	235.750000	56.000000	1.012948e+03
	954	584	238.500000	56.000000	1.013475e+03
	977	584	244.250000	56.000000	1.014278e+03
	912	586	228.000000	56.500000	1.013703e+03
	916	586	229.000000	56.500000	1.013885e+03
	926	587	231.500000	56.750000	1.013305e+03
	931	587	232.750000	56.750000	1.013622e+03
	822	588	205.500000	57.000000	1.019345e+03
	940	588	235.000000	57.000000	1.013203e+03
	822	589	205.500000	57.250000	1.019345e+03
	904	589	226.000000	57.250000	1.012795e+03
	896	590	224.000000	57.500000	1.013302e+03
	820	591	205.000000	57.750000	1.019515e+03
	900	591	225.000000	57.750000	1.013265e+03
	826	593	206.500000	58.250000	1.019403e+03
	918	593	229.500000	58.250000	1.015232e+03
	1000	593	250.000000	58.250000	1.013117e+03
	886	594	221.500000	58.500000	1.014112e+03
	886	595	221.500000	58.750000	1.014112e+03
	908	595	227.000000	58.750000	1.015005e+03
	920	596	230.000000	59.000000	1.015420e+03
	828	598	207.000000	59.500000	1.018453e+03
	924	598	231.000000	59.500000	1.014847e+03
	820	599	205.000000	59.750000	1.018343e+03
	864	600	216.000000	60.000000	1.016292e+03
	905	600	226.250000	60.000000	1.015825e+03
	911	600	227.750000	60.000000	1.015490e+03
