2015	2	21	180	3
	665	420	166.250000	15.000000	1.010068e+03
	946	420	236.500000	15.000000	1.012838e+03
	942	425	235.500000	16.250000	1.012790e+03
	664	426	166.000000	16.500000	1.010050e+03
	947	426	236.750000	16.500000	1.012927e+03
	987	426	246.750000	16.500000	1.013107e+03
	666	428	166.500000	17.000000	1.010015e+03
	988	428	247.000000	17.000000	1.013120e+03
	989	430	247.250000	17.500000	1.013135e+03
	954	433	238.500000	18.250000	1.014278e+03
	989	433	247.250000	18.250000	1.013130e+03
	692	434	173.000000	18.500000	1.009472e+03
	817	435	204.250000	18.750000	1.012438e+03
	895	435	223.750000	18.750000	1.013607e+03
	812	436	203.000000	19.000000	1.012690e+03
	815	436	203.750000	19.000000	1.012545e+03
	895	436	223.750000	19.000000	1.013607e+03
	980	436	245.000000	19.000000	1.014250e+03
	680	437	170.000000	19.250000	1.008385e+03
	681	437	170.250000	19.250000	1.008385e+03
	695	438	173.750000	19.500000	1.009393e+03
	684	439	171.000000	19.750000	1.008523e+03
	815	440	203.750000	20.000000	1.012917e+03
	820	441	205.000000	20.250000	1.013073e+03
	825	441	206.250000	20.250000	1.012922e+03
	818	442	204.500000	20.500000	1.013088e+03
	827	443	206.750000	20.750000	1.012977e+03
	689	445	172.250000	21.250000	1.008992e+03
	802	446	200.500000	21.500000	1.013997e+03
	811	446	202.750000	21.500000	1.014023e+03
	833	447	208.250000	21.750000	1.013210e+03
	836	448	209.000000	22.000000	1.013232e+03
	828	449	207.000000	22.250000	1.013285e+03
	852	449	213.000000	22.250000	1.014180e+03
	841	451	210.250000	22.750000	1.013310e+03
	832	452	208.000000	23.000000	1.013405e+03
	841	452	210.250000	23.000000	1.013310e+03
	976	452	244.000000	23.000000	1.015155e+03
	834	454	208.500000	23.500000	1.013328e+03
	843	454	210.750000	23.500000	1.013330e+03
	997	455	249.250000	23.750000	1.013117e+03
	790	456	197.500000	24.000000	1.015140e+03
	987	456	246.750000	24.000000	1.013992e+03
	791	457	197.750000	24.250000	1.015140e+03
	996	464	249.000000	26.000000	1.012188e+03
	990	465	247.500000	26.250000	1.013620e+03
	987	467	246.750000	26.750000	1.013725e+03
	994	467	248.500000	26.750000	1.012050e+03
	847	470	211.750000	27.500000	1.011162e+03
	849	472	212.250000	28.000000	1.010955e+03
	985	472	246.250000	28.000000	1.014177e+03
	990	472	247.500000	28.000000	1.011722e+03
	996	472	249.000000	28.000000	1.011987e+03
	851	474	212.750000	28.500000	1.010763e+03
	962	474	240.500000	28.500000	1.015482e+03
	989	474	247.250000	28.500000	1.011450e+03
	994	475	248.500000	28.750000	1.011602e+03
	854	477	213.500000	29.250000	1.011157e+03
	982	482	245.500000	30.500000	1.009667e+03
	855	484	213.750000	31.000000	1.011170e+03
	860	487	215.000000	31.750000	1.010565e+03
	974	488	243.500000	32.000000	1.013725e+03
	859	489	214.750000	32.250000	1.010688e+03
	979	489	244.750000	32.250000	1.009398e+03
	965	490	241.250000	32.500000	1.013302e+03
	981	491	245.250000	32.750000	1.009357e+03
	984	491	246.000000	32.750000	1.009495e+03
	977	492	244.250000	33.000000	1.009250e+03
	993	492	248.250000	33.000000	1.009977e+03
	988	493	247.000000	33.250000	1.009612e+03
	982	495	245.500000	33.750000	1.009255e+03
	979	497	244.750000	34.250000	1.009495e+03
	982	497	245.500000	34.250000	1.009255e+03
	960	499	240.000000	34.750000	1.013085e+03
	981	499	245.250000	34.750000	1.009242e+03
	992	499	248.000000	34.750000	1.011023e+03
	969	500	242.250000	35.000000	1.010917e+03
	975	501	243.750000	35.250000	1.009795e+03
	672	502	168.000000	35.500000	9.848250e+02
	712	502	178.000000	35.500000	9.933125e+02
	864	503	216.000000	35.750000	1.008835e+03
	957	503	239.250000	35.750000	1.013400e+03
	960	504	240.000000	36.000000	1.013730e+03
	974	504	243.500000	36.000000	1.009352e+03
	980	504	245.000000	36.000000	1.008287e+03
	995	504	248.750000	36.000000	1.007615e+03
	956	505	239.000000	36.250000	1.013343e+03
	972	506	243.000000	36.500000	1.008970e+03
	981	507	245.250000	36.750000	1.008510e+03
	953	508	238.250000	37.000000	1.013870e+03
	958	508	239.500000	37.000000	1.014307e+03
	995	508	248.750000	37.000000	1.006850e+03
	968	509	242.000000	37.250000	1.010645e+03
	985	509	246.250000	37.250000	1.008795e+03
	986	511	246.500000	37.750000	1.010385e+03
	958	513	239.500000	38.250000	1.014155e+03
	966	516	241.500000	39.000000	1.014715e+03
	946	518	236.500000	39.500000	1.014145e+03
	952	519	238.000000	39.750000	1.012513e+03
	966	519	241.500000	39.750000	1.015037e+03
	988	520	247.000000	40.000000	1.013945e+03
	958	522	239.500000	40.500000	1.015792e+03
	964	524	241.000000	41.000000	1.016480e+03
	970	525	242.500000	41.250000	1.016977e+03
	955	528	238.750000	42.000000	1.017843e+03
	973	529	243.250000	42.250000	1.018682e+03
	969	532	242.250000	43.000000	1.017828e+03
	976	533	244.000000	43.250000	1.017708e+03
	984	533	246.000000	43.250000	1.015828e+03
	990	534	247.500000	43.500000	1.014338e+03
	973	535	243.250000	43.750000	1.017720e+03
	789	536	197.250000	44.000000	9.903700e+02
	954	537	238.500000	44.250000	1.021705e+03
	984	538	246.000000	44.500000	1.018013e+03
	960	539	240.000000	44.750000	1.021508e+03
	929	541	232.250000	45.250000	1.027020e+03
	990	541	247.500000	45.250000	1.017695e+03
	950	542	237.500000	45.500000	1.023878e+03
	998	543	249.500000	45.750000	1.017468e+03
	986	544	246.500000	46.000000	1.019775e+03
	993	544	248.250000	46.000000	1.017100e+03
	963	546	240.750000	46.500000	1.019278e+03
	975	546	243.750000	46.500000	1.020660e+03
	968	547	242.000000	46.750000	1.019458e+03
	984	547	246.000000	46.750000	1.019530e+03
	948	549	237.000000	47.250000	1.024223e+03
	981	549	245.250000	47.250000	1.019688e+03
	951	552	237.750000	48.000000	1.024435e+03
	971	553	242.750000	48.250000	1.018830e+03
	948	554	237.000000	48.500000	1.024330e+03
	948	556	237.000000	49.000000	1.024363e+03
	973	556	243.250000	49.000000	1.018843e+03
	935	558	233.750000	49.500000	1.024743e+03
	945	558	236.250000	49.500000	1.024402e+03
	976	558	244.000000	49.500000	1.019715e+03
	942	559	235.500000	49.750000	1.024573e+03
	777	560	194.250000	50.000000	9.857600e+02
	957	560	239.250000	50.000000	1.023550e+03
	950	561	237.500000	50.250000	1.022910e+03
	962	561	240.500000	50.250000	1.022455e+03
	963	563	240.750000	50.750000	1.022432e+03
	940	564	235.000000	51.000000	1.024522e+03
	975	564	243.750000	51.000000	1.021407e+03
	678	565	169.500000	51.250000	1.011677e+03
	778	565	194.500000	51.250000	9.857125e+02
	704	566	176.000000	51.500000	1.009080e+03
	955	566	238.750000	51.500000	1.025767e+03
	970	566	242.500000	51.500000	1.022417e+03
	951	567	237.750000	51.750000	1.025943e+03
	965	567	241.250000	51.750000	1.022742e+03
	943	568	235.750000	52.000000	1.025998e+03
	789	569	197.250000	52.250000	9.856950e+02
	933	570	233.250000	52.500000	1.026578e+03
	977	570	244.250000	52.500000	1.027262e+03
	709	573	177.250000	53.250000	1.008872e+03
	950	573	237.500000	53.250000	1.026557e+03
	981	574	245.250000	53.500000	1.027345e+03
	949	576	237.250000	54.000000	1.026635e+03
	955	576	238.750000	54.000000	1.027000e+03
	919	578	229.750000	54.500000	1.028730e+03
	805	579	201.250000	54.750000	9.836925e+02
	941	580	235.250000	55.000000	1.027605e+03
	662	581	165.500000	55.250000	1.013013e+03
	707	581	176.750000	55.250000	1.008852e+03
	961	584	240.250000	56.000000	1.030345e+03
	694	588	173.500000	57.000000	1.006953e+03
	922	591	230.500000	57.750000	1.032025e+03
	930	591	232.500000	57.750000	1.031810e+03
	918	593	229.500000	58.250000	1.031998e+03
	976	593	244.000000	58.250000	1.034218e+03
	890	594	222.500000	58.500000	1.027560e+03
	911	594	227.750000	58.500000	1.032640e+03
	954	594	238.500000	58.500000	1.033828e+03
	915	595	228.750000	58.750000	1.032550e+03
	687	598	171.750000	59.500000	1.011542e+03
	821	599	205.250000	59.750000	1.006912e+03
	911	599	227.750000	59.750000	1.032127e+03
	896	600	224.000000	60.000000	1.029422e+03
	930	600	232.500000	60.000000	1.032583e+03
	951	600	237.750000	60.000000	1.034772e+03
