2014	10	18	177	21
	824	420	206.000000	15.000000	1.015857e+03
	678	421	169.500000	15.250000	1.011455e+03
	826	421	206.500000	15.250000	1.015850e+03
	672	424	168.000000	16.000000	1.011343e+03
	673	424	168.250000	16.000000	1.011343e+03
	698	425	174.500000	16.250000	1.012075e+03
	766	425	191.500000	16.250000	1.014427e+03
	666	427	166.500000	16.750000	1.011195e+03
	660	428	165.000000	17.000000	1.011330e+03
	823	429	205.750000	17.250000	1.016110e+03
	669	431	167.250000	17.750000	1.011500e+03
	720	432	180.000000	18.000000	1.013405e+03
	822	435	205.500000	18.750000	1.016357e+03
	668	436	167.000000	19.000000	1.011635e+03
	805	437	201.250000	19.250000	1.007055e+03
	685	440	171.250000	20.000000	1.012715e+03
	821	440	205.250000	20.000000	1.016260e+03
	816	441	204.000000	20.250000	1.015625e+03
	818	442	204.500000	20.500000	1.015350e+03
	817	444	204.250000	21.000000	1.015593e+03
	729	446	182.250000	21.500000	1.014595e+03
	811	446	202.750000	21.500000	1.014620e+03
	934	447	233.500000	21.750000	1.015287e+03
	817	456	204.250000	24.000000	1.017593e+03
	996	464	249.000000	26.000000	1.007388e+03
	988	467	247.000000	26.750000	1.009145e+03
	993	467	248.250000	26.750000	1.007005e+03
	990	472	247.500000	28.000000	1.007580e+03
	999	474	249.750000	28.500000	1.005838e+03
	988	475	247.000000	28.750000	1.007628e+03
	986	477	246.500000	29.250000	1.007500e+03
	998	477	249.500000	29.250000	1.006013e+03
	988	478	247.000000	29.500000	1.007648e+03
	992	478	248.000000	29.500000	1.007188e+03
	983	482	245.750000	30.500000	1.007555e+03
	994	482	248.500000	30.500000	1.006468e+03
	996	488	249.000000	32.000000	1.007360e+03
	953	490	238.250000	32.500000	1.013185e+03
	993	490	248.250000	32.500000	1.006420e+03
	978	491	244.500000	32.750000	1.007060e+03
	982	491	245.500000	32.750000	1.006747e+03
	985	491	246.250000	32.750000	1.006612e+03
	946	492	236.500000	33.000000	1.012800e+03
	978	492	244.500000	33.000000	1.007060e+03
	988	492	247.000000	33.000000	1.006708e+03
	982	495	245.500000	33.750000	1.006935e+03
	970	496	242.500000	34.000000	1.010068e+03
	966	497	241.500000	34.250000	1.010213e+03
	979	497	244.750000	34.250000	1.007780e+03
	960	499	240.000000	34.750000	1.010795e+03
	990	499	247.500000	34.750000	1.009470e+03
	1000	499	250.000000	34.750000	1.009693e+03
	976	500	244.000000	35.000000	1.008768e+03
	937	502	234.250000	35.500000	1.013560e+03
	948	503	237.000000	35.750000	1.013300e+03
	975	503	243.750000	35.750000	1.009273e+03
	956	504	239.000000	36.000000	1.011910e+03
	963	504	240.750000	36.000000	1.011547e+03
	990	504	247.500000	36.000000	1.010648e+03
	944	505	236.000000	36.250000	1.013287e+03
	960	505	240.000000	36.250000	1.011547e+03
	982	505	245.500000	36.250000	1.009357e+03
	973	506	243.250000	36.500000	1.010050e+03
	989	506	247.250000	36.500000	1.010472e+03
	961	507	240.250000	36.750000	1.011763e+03
	965	507	241.250000	36.750000	1.012620e+03
	986	508	246.500000	37.000000	1.010685e+03
	994	508	248.500000	37.000000	1.011245e+03
	1000	508	250.000000	37.000000	1.012035e+03
	997	509	249.250000	37.250000	1.011705e+03
	952	510	238.000000	37.500000	1.012650e+03
	964	510	241.000000	37.500000	1.012465e+03
	986	511	246.500000	37.750000	1.011595e+03
	991	513	247.750000	38.250000	1.012242e+03
	997	513	249.250000	38.250000	1.012910e+03
	1000	513	250.000000	38.250000	1.012585e+03
	959	514	239.750000	38.500000	1.012432e+03
	977	514	244.250000	38.500000	1.012633e+03
	954	515	238.500000	38.750000	1.012215e+03
	992	515	248.000000	38.750000	1.012372e+03
	989	516	247.250000	39.000000	1.012318e+03
	998	516	249.500000	39.000000	1.013282e+03
	972	517	243.000000	39.250000	1.012742e+03
	980	517	245.000000	39.250000	1.013065e+03
	986	518	246.500000	39.500000	1.012960e+03
	990	518	247.500000	39.500000	1.012320e+03
	997	518	249.250000	39.500000	1.013352e+03
	952	519	238.000000	39.750000	1.011900e+03
	675	520	168.750000	40.000000	1.014755e+03
	982	520	245.500000	40.000000	1.013090e+03
	988	520	247.000000	40.000000	1.012893e+03
	992	520	248.000000	40.000000	1.012545e+03
	979	521	244.750000	40.250000	1.013073e+03
	955	524	238.750000	41.000000	1.012807e+03
	978	524	244.500000	41.000000	1.012965e+03
	681	525	170.250000	41.250000	1.016318e+03
	995	525	248.750000	41.250000	1.013412e+03
	949	526	237.250000	41.500000	1.013357e+03
	984	526	246.000000	41.500000	1.013422e+03
	999	526	249.750000	41.500000	1.013107e+03
	946	527	236.500000	41.750000	1.013583e+03
	952	527	238.000000	41.750000	1.013620e+03
	965	528	241.250000	42.000000	1.015088e+03
	988	528	247.000000	42.000000	1.013305e+03
	1000	528	250.000000	42.000000	1.013188e+03
	948	530	237.000000	42.500000	1.013245e+03
	969	530	242.250000	42.500000	1.015167e+03
	986	530	246.500000	42.500000	1.013768e+03
	956	531	239.000000	42.750000	1.013845e+03
	963	531	240.750000	42.750000	1.015055e+03
	999	531	249.750000	42.750000	1.013510e+03
	977	532	244.250000	43.000000	1.014403e+03
	984	532	246.000000	43.000000	1.013845e+03
	996	532	249.000000	43.000000	1.014032e+03
	946	533	236.500000	43.250000	1.013090e+03
	954	533	238.500000	43.250000	1.014060e+03
	988	533	247.000000	43.250000	1.013523e+03
	987	534	246.750000	43.500000	1.013523e+03
	993	535	248.250000	43.750000	1.013638e+03
	997	535	249.250000	43.750000	1.014232e+03
	954	537	238.500000	44.250000	1.013355e+03
	963	538	240.750000	44.500000	1.014355e+03
	966	538	241.500000	44.500000	1.014367e+03
	958	539	239.500000	44.750000	1.014037e+03
	998	539	249.500000	44.750000	1.014030e+03
	946	540	236.500000	45.000000	1.013420e+03
	984	540	246.000000	45.000000	1.013805e+03
	973	542	243.250000	45.500000	1.014610e+03
	993	544	248.250000	46.000000	1.011523e+03
	989	545	247.250000	46.250000	1.013385e+03
	957	546	239.250000	46.500000	1.013547e+03
	969	546	242.250000	46.500000	1.014372e+03
	986	547	246.500000	46.750000	1.013705e+03
	981	549	245.250000	47.250000	1.014443e+03
	947	552	236.750000	48.000000	1.011812e+03
	942	557	235.500000	49.250000	1.010885e+03
	975	563	243.750000	50.750000	1.011328e+03
	993	564	248.250000	51.000000	1.005120e+03
	941	568	235.250000	52.000000	1.003318e+03
	663	569	165.750000	52.250000	9.930875e+02
	663	570	165.750000	52.500000	9.930875e+02
	938	572	234.500000	53.000000	1.001222e+03
	867	574	216.750000	53.500000	9.747750e+02
	935	575	233.750000	53.750000	1.001833e+03
	945	581	236.250000	55.250000	1.002568e+03
	925	583	231.250000	55.750000	9.991700e+02
	935	583	233.750000	55.750000	1.001562e+03
	963	584	240.750000	56.000000	1.001407e+03
	964	584	241.000000	56.000000	1.001407e+03
	968	584	242.000000	56.000000	1.001515e+03
	991	584	247.750000	56.000000	1.000948e+03
	995	584	248.750000	56.000000	1.000872e+03
	939	586	234.750000	56.500000	1.001693e+03
	978	587	244.500000	56.750000	1.000532e+03
	954	588	238.500000	57.000000	9.998450e+02
	961	588	240.250000	57.000000	1.000787e+03
	938	589	234.500000	57.250000	1.001443e+03
	968	589	242.000000	57.250000	9.998600e+02
	947	590	236.750000	57.500000	9.992725e+02
	916	591	229.000000	57.750000	9.972550e+02
	978	591	244.500000	57.750000	1.000330e+03
	992	591	248.000000	57.750000	1.000015e+03
	822	592	205.500000	58.000000	9.925550e+02
	944	592	236.000000	58.000000	9.989200e+02
	910	594	227.500000	58.500000	9.965600e+02
	729	595	182.250000	58.750000	1.015677e+03
	931	596	232.750000	59.000000	9.983500e+02
	936	596	234.000000	59.000000	9.990950e+02
	980	596	245.000000	59.000000	1.000240e+03
	924	597	231.000000	59.250000	9.981800e+02
	956	597	239.000000	59.250000	1.002830e+03
	957	597	239.250000	59.250000	1.002830e+03
	896	598	224.000000	59.500000	9.963900e+02
	966	599	241.500000	59.750000	1.002432e+03
	892	600	223.000000	60.000000	9.953850e+02
	906	600	226.500000	60.000000	9.959575e+02
	997	600	249.250000	60.000000	9.997500e+02
