2015	8	23	306	21
	736	420	184.000000	15.000000	1.010205e+03
	975	420	243.750000	15.000000	1.009403e+03
	991	420	247.750000	15.000000	1.010265e+03
	687	421	171.750000	15.250000	1.009525e+03
	956	421	239.000000	15.250000	1.009427e+03
	670	422	167.500000	15.500000	1.009195e+03
	737	422	184.250000	15.500000	1.010195e+03
	783	422	195.750000	15.500000	1.007655e+03
	947	422	236.750000	15.500000	1.009565e+03
	948	422	237.000000	15.500000	1.009565e+03
	685	423	171.250000	15.750000	1.009475e+03
	732	423	183.000000	15.750000	1.010235e+03
	737	423	184.250000	15.750000	1.010195e+03
	780	423	195.000000	15.750000	1.007552e+03
	973	423	243.250000	15.750000	1.009440e+03
	669	424	167.250000	16.000000	1.009155e+03
	952	424	238.000000	16.000000	1.009443e+03
	956	424	239.000000	16.000000	1.009455e+03
	971	424	242.750000	16.000000	1.009443e+03
	985	424	246.250000	16.000000	1.009725e+03
	678	425	169.500000	16.250000	1.009330e+03
	708	425	177.000000	16.250000	1.009307e+03
	748	425	187.000000	16.250000	1.010715e+03
	753	425	188.250000	16.250000	1.010695e+03
	754	425	188.500000	16.250000	1.010695e+03
	822	425	205.500000	16.250000	1.012770e+03
	954	425	238.500000	16.250000	1.009417e+03
	683	426	170.750000	16.500000	1.009370e+03
	736	427	184.000000	16.750000	1.010222e+03
	747	427	186.750000	16.750000	1.010705e+03
	961	427	240.250000	16.750000	1.009435e+03
	987	427	246.750000	16.750000	1.009865e+03
	828	428	207.000000	17.000000	1.013318e+03
	989	428	247.250000	17.000000	1.009912e+03
	818	429	204.500000	17.250000	1.013037e+03
	662	431	165.500000	17.750000	1.009100e+03
	671	431	167.750000	17.750000	1.009242e+03
	815	432	203.750000	18.000000	1.013080e+03
	668	435	167.000000	18.750000	1.009240e+03
	744	435	186.000000	18.750000	1.010758e+03
	822	435	205.500000	18.750000	1.013645e+03
	682	436	170.500000	19.000000	1.008852e+03
	744	436	186.000000	19.000000	1.010758e+03
	815	436	203.750000	19.000000	1.013102e+03
	700	440	175.000000	20.000000	1.008943e+03
	821	440	205.250000	20.000000	1.014052e+03
	810	441	202.500000	20.250000	1.013025e+03
	816	441	204.000000	20.250000	1.012890e+03
	813	443	203.250000	20.750000	1.012785e+03
	697	444	174.250000	21.000000	1.008990e+03
	801	444	200.250000	21.000000	1.012638e+03
	809	444	202.250000	21.000000	1.012995e+03
	813	444	203.250000	21.000000	1.012785e+03
	817	444	204.250000	21.000000	1.012980e+03
	814	445	203.500000	21.250000	1.012785e+03
	722	446	180.500000	21.500000	1.002802e+03
	704	447	176.000000	21.750000	1.008865e+03
	797	448	199.250000	22.000000	1.012398e+03
	799	449	199.750000	22.250000	1.012390e+03
	803	449	200.750000	22.250000	1.012562e+03
	881	449	220.250000	22.250000	1.014472e+03
	692	450	173.000000	22.500000	1.009102e+03
	693	451	173.250000	22.750000	1.009102e+03
	750	451	187.500000	22.750000	1.011745e+03
	797	451	199.250000	22.750000	1.012362e+03
	999	452	249.750000	23.000000	1.011635e+03
	746	453	186.500000	23.250000	1.011755e+03
	695	454	173.750000	23.500000	1.009162e+03
	743	454	185.750000	23.500000	1.011667e+03
	687	455	171.750000	23.750000	1.009383e+03
	742	455	185.500000	23.750000	1.011667e+03
	743	455	185.750000	23.750000	1.011667e+03
	696	456	174.000000	24.000000	1.009195e+03
	998	460	249.500000	25.000000	1.010700e+03
	705	461	176.250000	25.250000	1.009263e+03
	807	462	201.750000	25.500000	1.013422e+03
	747	463	186.750000	25.750000	1.012047e+03
	901	463	225.250000	25.750000	1.015060e+03
	889	464	222.250000	26.000000	1.014760e+03
	890	464	222.500000	26.000000	1.014760e+03
	991	464	247.750000	26.000000	1.011825e+03
	996	464	249.000000	26.000000	1.010312e+03
	990	465	247.500000	26.250000	1.011825e+03
	892	466	223.000000	26.500000	1.014730e+03
	903	466	225.750000	26.500000	1.015023e+03
	911	467	227.750000	26.750000	1.015333e+03
	993	467	248.250000	26.750000	1.009963e+03
	999	467	249.750000	26.750000	1.010703e+03
	893	468	223.250000	27.000000	1.014705e+03
	986	469	246.500000	27.250000	1.011343e+03
	1000	469	250.000000	27.250000	1.010490e+03
	714	471	178.500000	27.750000	1.009655e+03
	990	472	247.500000	28.000000	1.010490e+03
	997	473	249.250000	28.250000	1.010648e+03
	716	474	179.000000	28.500000	1.009640e+03
	840	475	210.000000	28.750000	1.016872e+03
	987	476	246.750000	29.000000	1.010420e+03
	994	476	248.500000	29.000000	1.009927e+03
	717	477	179.250000	29.250000	1.009612e+03
	997	477	249.250000	29.250000	1.010547e+03
	703	478	175.750000	29.500000	1.010055e+03
	819	478	204.750000	29.500000	1.016375e+03
	985	478	246.250000	29.500000	1.009960e+03
	698	479	174.500000	29.750000	1.010172e+03
	707	479	176.750000	29.750000	1.010047e+03
	813	480	203.250000	30.000000	1.016463e+03
	671	481	167.750000	30.250000	1.011505e+03
	697	481	174.250000	30.250000	1.010140e+03
	814	481	203.500000	30.250000	1.016463e+03
	697	482	174.250000	30.500000	1.010140e+03
	982	482	245.500000	30.500000	1.009480e+03
	1000	482	250.000000	30.500000	1.013412e+03
	753	483	188.250000	30.750000	1.011943e+03
	795	483	198.750000	30.750000	1.014602e+03
	902	483	225.500000	30.750000	1.014417e+03
	973	483	243.250000	30.750000	1.014110e+03
	990	483	247.500000	30.750000	1.010030e+03
	724	484	181.000000	31.000000	1.009545e+03
	759	484	189.750000	31.000000	1.011910e+03
	825	484	206.250000	31.000000	1.017150e+03
	981	484	245.250000	31.000000	1.009855e+03
	744	485	186.000000	31.250000	1.012023e+03
	976	485	244.000000	31.250000	1.013270e+03
	987	485	246.750000	31.250000	1.010352e+03
	710	488	177.500000	32.000000	1.009735e+03
	979	489	244.750000	32.250000	1.008898e+03
	995	489	248.750000	32.250000	1.011398e+03
	683	491	170.750000	32.750000	1.011280e+03
	978	491	244.500000	32.750000	1.008740e+03
	985	491	246.250000	32.750000	1.009622e+03
	988	492	247.000000	33.000000	1.009732e+03
	725	493	181.250000	33.250000	1.007703e+03
	992	493	248.000000	33.250000	1.009805e+03
	985	494	246.250000	33.500000	1.010755e+03
	971	495	242.750000	33.750000	1.012333e+03
	982	495	245.500000	33.750000	1.009565e+03
	967	496	241.750000	34.000000	1.012968e+03
	689	497	172.250000	34.250000	1.010843e+03
	978	497	244.500000	34.250000	1.010265e+03
	689	498	172.250000	34.500000	1.010843e+03
	690	499	172.500000	34.750000	1.010843e+03
	982	499	245.500000	34.750000	1.010208e+03
	969	500	242.250000	35.000000	1.010862e+03
	972	500	243.000000	35.000000	1.011195e+03
	975	500	243.750000	35.000000	1.010320e+03
	1000	500	250.000000	35.000000	1.013070e+03
	660	502	165.000000	35.500000	1.009008e+03
	684	502	171.000000	35.500000	1.010747e+03
	963	502	240.750000	35.500000	1.011578e+03
	996	502	249.000000	35.500000	1.012662e+03
	684	503	171.000000	35.750000	1.010747e+03
	971	503	242.750000	35.750000	1.010532e+03
	974	503	243.500000	35.750000	1.010120e+03
	691	504	172.750000	36.000000	1.010727e+03
	962	504	240.500000	36.000000	1.011393e+03
	990	504	247.500000	36.000000	1.013635e+03
	714	505	178.500000	36.250000	1.008705e+03
	956	505	239.000000	36.250000	1.013177e+03
	982	505	245.500000	36.250000	1.009750e+03
	972	506	243.000000	36.500000	1.009242e+03
	988	506	247.000000	36.500000	1.012972e+03
	976	507	244.000000	36.750000	1.011515e+03
	692	508	173.000000	37.000000	1.010768e+03
	994	508	248.500000	37.000000	1.012550e+03
	1000	508	250.000000	37.000000	1.012615e+03
	957	509	239.250000	37.250000	1.012768e+03
	968	509	242.000000	37.250000	1.012040e+03
	972	510	243.000000	37.500000	1.011857e+03
	997	510	249.250000	37.500000	1.012302e+03
	980	511	245.000000	37.750000	1.012713e+03
	986	511	246.500000	37.750000	1.013190e+03
	969	512	242.250000	38.000000	1.011083e+03
	708	514	177.000000	38.500000	1.009703e+03
	977	514	244.250000	38.500000	1.012028e+03
	982	514	245.500000	38.500000	1.013640e+03
	997	514	249.250000	38.500000	1.012655e+03
	941	515	235.250000	38.750000	1.015847e+03
	1000	515	250.000000	38.750000	1.011888e+03
	941	516	235.250000	39.000000	1.015847e+03
	967	516	241.750000	39.000000	1.010920e+03
	985	517	246.250000	39.250000	1.011852e+03
	989	517	247.250000	39.250000	1.011610e+03
	965	518	241.250000	39.500000	1.010550e+03
	706	519	176.500000	39.750000	1.009580e+03
	948	519	237.000000	39.750000	1.013300e+03
	952	519	238.000000	39.750000	1.012708e+03
	691	520	172.750000	40.000000	1.010472e+03
	969	520	242.250000	40.000000	1.010693e+03
	986	520	246.500000	40.000000	1.011790e+03
	950	521	237.500000	40.250000	1.012430e+03
	961	521	240.250000	40.250000	1.011422e+03
	979	521	244.750000	40.250000	1.012188e+03
	967	522	241.750000	40.500000	1.011190e+03
	974	522	243.500000	40.500000	1.010200e+03
	991	522	247.750000	40.500000	1.012407e+03
	947	523	236.750000	40.750000	1.012438e+03
	964	524	241.000000	41.000000	1.011102e+03
	978	524	244.500000	41.000000	1.011722e+03
	995	525	248.750000	41.250000	1.014242e+03
	957	526	239.250000	41.500000	1.011898e+03
	961	526	240.250000	41.500000	1.011922e+03
	968	526	242.000000	41.500000	1.010763e+03
	981	526	245.250000	41.500000	1.012615e+03
	949	527	237.250000	41.750000	1.011120e+03
	973	527	243.250000	41.750000	1.011032e+03
	991	527	247.750000	41.750000	1.013410e+03
	954	528	238.500000	42.000000	1.011290e+03
	969	528	242.250000	42.000000	1.010990e+03
	988	528	247.000000	42.000000	1.013655e+03
	999	528	249.750000	42.000000	1.015440e+03
	965	529	241.250000	42.250000	1.010602e+03
	948	530	237.000000	42.500000	1.011032e+03
	963	531	240.750000	42.750000	1.010362e+03
	969	531	242.250000	42.750000	1.010630e+03
	980	531	245.000000	42.750000	1.011867e+03
	999	531	249.750000	42.750000	1.015090e+03
	841	532	210.250000	43.000000	1.024532e+03
	977	532	244.250000	43.000000	1.011657e+03
	957	533	239.250000	43.250000	1.010188e+03
	991	534	247.750000	43.500000	1.013945e+03
	973	535	243.250000	43.750000	1.011672e+03
	997	535	249.250000	43.750000	1.016055e+03
	865	537	216.250000	44.250000	1.023802e+03
	866	537	216.500000	44.250000	1.023802e+03
	956	537	239.000000	44.250000	1.010115e+03
	962	538	240.500000	44.500000	1.010000e+03
	983	538	245.750000	44.500000	1.013770e+03
	969	539	242.250000	44.750000	1.012950e+03
	900	541	225.000000	45.250000	1.021922e+03
	989	541	247.250000	45.250000	1.014260e+03
	950	542	237.500000	45.500000	1.011838e+03
	968	542	242.000000	45.500000	1.011542e+03
	978	542	244.500000	45.500000	1.013165e+03
	982	542	245.500000	45.500000	1.013662e+03
	997	542	249.250000	45.500000	1.014997e+03
	955	543	238.750000	45.750000	1.011847e+03
	993	544	248.250000	46.000000	1.014143e+03
	966	545	241.500000	46.250000	1.011320e+03
	976	545	244.000000	46.250000	1.012220e+03
	989	545	247.250000	46.250000	1.014015e+03
	952	546	238.000000	46.500000	1.012275e+03
	963	546	240.750000	46.500000	1.011425e+03
	999	546	249.750000	46.500000	1.015128e+03
	984	547	246.000000	46.750000	1.013165e+03
	955	548	238.750000	47.000000	1.012713e+03
	1000	548	250.000000	47.000000	1.015357e+03
	972	549	243.000000	47.250000	1.012497e+03
	981	549	245.250000	47.250000	1.013242e+03
	951	550	237.750000	47.500000	1.012645e+03
	991	550	247.750000	47.500000	1.013550e+03
	989	554	247.250000	48.500000	1.014162e+03
	1000	554	250.000000	48.500000	1.015895e+03
	955	555	238.750000	48.750000	1.013055e+03
	968	555	242.000000	48.750000	1.013128e+03
	945	556	236.250000	49.000000	1.013030e+03
	950	556	237.500000	49.000000	1.012948e+03
	965	556	241.250000	49.000000	1.013045e+03
	942	557	235.500000	49.250000	1.013482e+03
	953	557	238.250000	49.250000	1.013090e+03
	977	558	244.250000	49.500000	1.013997e+03
	941	560	235.250000	50.000000	1.013495e+03
	961	560	240.250000	50.000000	1.011997e+03
	958	562	239.500000	50.500000	1.010638e+03
	963	562	240.750000	50.500000	1.011885e+03
	975	562	243.750000	50.500000	1.013595e+03
	953	563	238.250000	50.750000	1.010270e+03
	983	563	245.750000	50.750000	1.013155e+03
	950	566	237.500000	51.500000	1.009310e+03
	970	566	242.500000	51.500000	1.013407e+03
	948	571	237.000000	52.750000	1.010843e+03
	963	571	240.750000	52.750000	1.011667e+03
	959	573	239.750000	53.250000	1.011430e+03
	974	574	243.500000	53.500000	1.009557e+03
	775	575	193.750000	53.750000	1.029218e+03
	968	575	242.000000	53.750000	1.009552e+03
	971	578	242.750000	54.500000	1.009665e+03
	942	579	235.500000	54.750000	1.012657e+03
	921	580	230.250000	55.000000	1.015380e+03
	945	581	236.250000	55.250000	1.012180e+03
	974	581	243.500000	55.250000	1.009755e+03
	927	582	231.750000	55.500000	1.014460e+03
	933	582	233.250000	55.500000	1.013415e+03
	973	582	243.250000	55.500000	1.009755e+03
	919	583	229.750000	55.750000	1.015095e+03
	943	584	235.750000	56.000000	1.012005e+03
	806	585	201.500000	56.250000	1.019585e+03
	941	586	235.250000	56.500000	1.011662e+03
	938	589	234.500000	57.250000	1.010955e+03
	953	589	238.250000	57.250000	1.008537e+03
	822	592	205.500000	58.000000	1.011965e+03
	918	592	229.500000	58.000000	1.010685e+03
	926	592	231.500000	58.000000	1.010412e+03
	970	592	242.500000	58.000000	1.007355e+03
	882	594	220.500000	58.500000	9.994500e+02
	910	595	227.500000	58.750000	1.009235e+03
	944	595	236.000000	58.750000	1.008388e+03
	966	595	241.500000	58.750000	1.007417e+03
	961	596	240.250000	59.000000	1.007528e+03
	936	597	234.000000	59.250000	1.008740e+03
	862	598	215.500000	59.500000	1.001458e+03
	954	598	238.500000	59.500000	1.007422e+03
	975	598	243.750000	59.500000	1.008297e+03
	841	599	210.250000	59.750000	1.004065e+03
	879	599	219.750000	59.750000	1.001843e+03
	928	599	232.000000	59.750000	1.007935e+03
	922	600	230.500000	60.000000	1.007465e+03
