2014	11	8	195	12
	823	430	205.750000	17.500000	1.011651e+03
	829	433	207.250000	18.250000	1.011851e+03
	802	435	200.500000	18.750000	1.013061e+03
	820	436	205.000000	19.000000	1.012244e+03
	802	437	200.500000	19.250000	1.013059e+03
	814	438	203.500000	19.500000	1.012919e+03
	822	439	205.500000	19.750000	1.012274e+03
	839	439	209.750000	19.750000	1.011589e+03
	812	440	203.000000	20.000000	1.012911e+03
	985	440	246.250000	20.000000	1.012244e+03
	810	441	202.500000	20.250000	1.012901e+03
	816	441	204.000000	20.250000	1.012819e+03
	808	442	202.000000	20.500000	1.012939e+03
	811	443	202.750000	20.750000	1.012906e+03
	821	443	205.250000	20.750000	1.012449e+03
	800	445	200.000000	21.250000	1.013771e+03
	843	445	210.750000	21.250000	1.011696e+03
	988	458	247.000000	24.500000	1.013241e+03
	984	462	246.000000	25.500000	1.013079e+03
	839	469	209.750000	27.250000	1.007481e+03
	985	471	246.250000	27.750000	1.014174e+03
	838	473	209.500000	28.250000	1.007519e+03
	994	473	248.500000	28.250000	1.013769e+03
	845	475	211.250000	28.750000	1.007716e+03
	982	475	245.500000	28.750000	1.014164e+03
	849	477	212.250000	29.250000	1.008026e+03
	989	478	247.250000	29.500000	1.014044e+03
	832	480	208.000000	30.000000	1.009176e+03
	837	482	209.250000	30.500000	1.009299e+03
	975	482	243.750000	30.500000	1.014999e+03
	834	483	208.500000	30.750000	1.009206e+03
	844	484	211.000000	31.000000	1.007639e+03
	973	486	243.250000	31.500000	1.015196e+03
	850	487	212.500000	31.750000	1.008451e+03
	979	488	244.750000	32.000000	1.016104e+03
	978	491	244.500000	32.750000	1.016294e+03
	984	491	246.000000	32.750000	1.015984e+03
	988	491	247.000000	32.750000	1.016221e+03
	852	492	213.000000	33.000000	1.008524e+03
	965	492	241.250000	33.000000	1.015631e+03
	772	493	193.000000	33.250000	1.023291e+03
	968	493	242.000000	33.250000	1.015659e+03
	993	493	248.250000	33.250000	1.017166e+03
	964	494	241.000000	33.500000	1.015609e+03
	962	496	240.500000	34.000000	1.015706e+03
	999	499	249.750000	34.750000	1.023784e+03
	957	500	239.250000	35.000000	1.016796e+03
	991	500	247.750000	35.000000	1.021271e+03
	965	501	241.250000	35.250000	1.019024e+03
	968	501	242.000000	35.250000	1.019836e+03
	969	503	242.250000	35.750000	1.020066e+03
	998	503	249.500000	35.750000	1.023106e+03
	980	504	245.000000	36.000000	1.020276e+03
	960	505	240.000000	36.250000	1.019231e+03
	984	505	246.000000	36.250000	1.020299e+03
	993	505	248.250000	36.250000	1.023449e+03
	997	505	249.250000	36.250000	1.023371e+03
	989	506	247.250000	36.500000	1.023226e+03
	961	508	240.250000	37.000000	1.018971e+03
	1000	508	250.000000	37.000000	1.023439e+03
	988	509	247.000000	37.250000	1.023156e+03
	952	510	238.000000	37.500000	1.018374e+03
	995	510	248.750000	37.500000	1.023856e+03
	959	511	239.750000	37.750000	1.019024e+03
	721	514	180.250000	38.500000	1.006976e+03
	947	514	236.750000	38.500000	1.018426e+03
	956	514	239.000000	38.500000	1.018789e+03
	970	514	242.500000	38.500000	1.024471e+03
	996	514	249.000000	38.500000	1.025231e+03
	987	516	246.750000	39.000000	1.027029e+03
	871	517	217.750000	39.250000	1.014181e+03
	954	517	238.500000	39.250000	1.018941e+03
	984	517	246.000000	39.250000	1.027109e+03
	968	518	242.000000	39.500000	1.024909e+03
	862	519	215.500000	39.750000	1.013436e+03
	952	519	238.000000	39.750000	1.018759e+03
	944	520	236.000000	40.000000	1.018544e+03
	966	521	241.500000	40.250000	1.025134e+03
	976	521	244.000000	40.250000	1.026334e+03
	989	522	247.250000	40.500000	1.027214e+03
	983	523	245.750000	40.750000	1.027319e+03
	999	523	249.750000	40.750000	1.025544e+03
	974	525	243.500000	41.250000	1.026256e+03
	963	526	240.750000	41.500000	1.026004e+03
	991	526	247.750000	41.500000	1.027081e+03
	970	527	242.500000	41.750000	1.026504e+03
	977	528	244.250000	42.000000	1.026414e+03
	985	528	246.250000	42.000000	1.027131e+03
	852	529	213.000000	42.250000	1.014549e+03
	948	529	237.000000	42.250000	1.023181e+03
	956	530	239.000000	42.500000	1.024976e+03
	998	530	249.500000	42.500000	1.027531e+03
	966	531	241.500000	42.750000	1.027044e+03
	974	531	243.500000	42.750000	1.027111e+03
	949	533	237.250000	43.250000	1.022786e+03
	968	533	242.000000	43.250000	1.028226e+03
	993	533	248.250000	43.250000	1.027821e+03
	871	534	217.750000	43.500000	1.013361e+03
	981	535	245.250000	43.750000	1.026821e+03
	985	535	246.250000	43.750000	1.026776e+03
	951	537	237.750000	44.250000	1.023296e+03
	962	537	240.500000	44.250000	1.027151e+03
	966	537	241.500000	44.250000	1.027309e+03
	855	538	213.750000	44.500000	1.014634e+03
	957	538	239.250000	44.500000	1.025609e+03
	987	538	246.750000	44.500000	1.027244e+03
	966	540	241.500000	45.000000	1.025724e+03
	978	540	244.500000	45.000000	1.027381e+03
	992	540	248.000000	45.000000	1.026959e+03
	880	541	220.000000	45.250000	1.014244e+03
	944	542	236.000000	45.500000	1.024811e+03
	970	542	242.500000	45.500000	1.026269e+03
	996	542	249.000000	45.500000	1.023721e+03
	977	543	244.250000	45.750000	1.027159e+03
	884	544	221.000000	46.000000	1.014796e+03
	958	544	239.500000	46.000000	1.027279e+03
	952	545	238.000000	46.250000	1.024256e+03
	969	545	242.250000	46.250000	1.026864e+03
	987	545	246.750000	46.250000	1.026096e+03
	1000	545	250.000000	46.250000	1.020596e+03
	982	546	245.500000	46.500000	1.027224e+03
	954	547	238.500000	46.750000	1.023179e+03
	964	549	241.000000	47.250000	1.027511e+03
	971	549	242.750000	47.250000	1.027681e+03
	972	549	243.000000	47.250000	1.027681e+03
	999	549	249.750000	47.250000	1.019199e+03
	946	551	236.500000	47.750000	1.025329e+03
	957	553	239.250000	48.250000	1.023959e+03
	983	553	245.750000	48.250000	1.026476e+03
	990	553	247.500000	48.250000	1.018771e+03
	942	555	235.500000	48.750000	1.027356e+03
	952	555	238.000000	48.750000	1.026629e+03
	989	555	247.250000	48.750000	1.018859e+03
	959	556	239.750000	49.000000	1.023344e+03
	997	556	249.250000	49.000000	1.019721e+03
	909	558	227.250000	49.500000	1.019376e+03
	948	558	237.000000	49.500000	1.027194e+03
	936	559	234.000000	49.750000	1.026926e+03
	989	559	247.250000	49.750000	1.018841e+03
	960	560	240.000000	50.000000	1.025116e+03
	1000	560	250.000000	50.000000	1.019159e+03
	914	561	228.500000	50.250000	1.019794e+03
	915	561	228.750000	50.250000	1.019794e+03
	975	561	243.750000	50.250000	1.023699e+03
	965	562	241.250000	50.500000	1.024729e+03
	983	563	245.750000	50.750000	1.017411e+03
	973	564	243.250000	51.000000	1.024449e+03
	960	565	240.000000	51.250000	1.024944e+03
	997	565	249.250000	51.250000	1.019826e+03
	949	566	237.250000	51.500000	1.020606e+03
	972	566	243.000000	51.500000	1.024081e+03
	993	566	248.250000	51.500000	1.019871e+03
	979	569	244.750000	52.250000	1.015626e+03
	936	572	234.000000	53.000000	1.019769e+03
	974	572	243.500000	53.000000	1.014769e+03
	923	573	230.750000	53.250000	1.018616e+03
	967	575	241.750000	53.750000	1.015716e+03
	919	576	229.750000	54.000000	1.018854e+03
	951	576	237.750000	54.000000	1.018836e+03
	937	577	234.250000	54.250000	1.018476e+03
	962	577	240.500000	54.250000	1.015901e+03
	917	578	229.250000	54.500000	1.018706e+03
	943	578	235.750000	54.500000	1.017954e+03
	682	579	170.500000	54.750000	9.306663e+02
	920	579	230.000000	54.750000	1.018791e+03
	930	579	232.500000	54.750000	1.018534e+03
	937	579	234.250000	54.750000	1.018539e+03
	958	579	239.500000	54.750000	1.016306e+03
	915	580	228.750000	55.000000	1.018689e+03
	935	581	233.750000	55.250000	1.018406e+03
	945	581	236.250000	55.250000	1.017961e+03
	919	584	229.750000	56.000000	1.019309e+03
	924	584	231.000000	56.000000	1.019641e+03
	944	584	236.000000	56.000000	1.017724e+03
	945	584	236.250000	56.000000	1.017724e+03
	936	585	234.000000	56.250000	1.018779e+03
	940	588	235.000000	57.000000	1.018584e+03
	832	589	208.000000	57.250000	9.942488e+02
	992	589	248.000000	57.250000	1.029776e+03
	925	592	231.250000	58.000000	1.020589e+03
	826	593	206.500000	58.250000	9.948738e+02
	909	593	227.250000	58.250000	1.017616e+03
	918	593	229.500000	58.250000	1.019631e+03
	940	593	235.000000	58.250000	1.018849e+03
	821	594	205.250000	58.500000	9.959338e+02
	922	594	230.500000	58.500000	1.019981e+03
	929	594	232.250000	58.500000	1.020306e+03
	936	595	234.000000	58.750000	1.019391e+03
	814	596	203.500000	59.000000	9.958212e+02
	899	596	224.750000	59.000000	1.015836e+03
	975	596	243.750000	59.000000	1.030541e+03
	820	597	205.000000	59.250000	9.953887e+02
	919	598	229.750000	59.500000	1.019709e+03
	962	599	240.500000	59.750000	1.029799e+03
	902	600	225.500000	60.000000	1.015479e+03
