2015	8	4	239	18
	844	420	211.000000	15.000000	1.009250e+03
	992	420	248.000000	15.000000	1.010568e+03
	833	421	208.250000	15.250000	1.008999e+03
	834	423	208.500000	15.750000	1.008996e+03
	664	425	166.000000	16.250000	1.009357e+03
	983	430	245.750000	17.500000	1.011406e+03
	816	434	204.000000	18.500000	1.010796e+03
	815	436	203.750000	19.000000	1.010755e+03
	819	436	204.750000	19.000000	1.010559e+03
	812	437	203.000000	19.250000	1.010862e+03
	685	438	171.250000	19.500000	1.011311e+03
	688	438	172.000000	19.500000	1.011339e+03
	814	438	203.500000	19.500000	1.010662e+03
	845	438	211.250000	19.500000	1.001626e+03
	679	439	169.750000	19.750000	1.011350e+03
	815	440	203.750000	20.000000	1.010611e+03
	820	441	205.000000	20.250000	1.011403e+03
	817	442	204.250000	20.500000	1.011380e+03
	821	443	205.250000	20.750000	1.011562e+03
	805	445	201.250000	21.250000	1.011599e+03
	814	445	203.500000	21.250000	1.011655e+03
	800	447	200.000000	21.750000	1.011826e+03
	806	447	201.500000	21.750000	1.011619e+03
	810	447	202.500000	21.750000	1.011791e+03
	805	449	201.250000	22.250000	1.011630e+03
	702	452	175.500000	23.000000	1.013456e+03
	999	452	249.750000	23.000000	1.011182e+03
	998	455	249.500000	23.750000	1.011146e+03
	699	459	174.750000	24.750000	1.014045e+03
	994	459	248.500000	24.750000	1.010976e+03
	996	464	249.000000	26.000000	1.010625e+03
	990	465	247.500000	26.250000	1.011080e+03
	993	467	248.250000	26.750000	1.010321e+03
	988	468	247.000000	27.000000	1.010782e+03
	992	470	248.000000	27.500000	1.010425e+03
	999	470	249.750000	27.500000	1.010631e+03
	986	472	246.500000	28.000000	1.011258e+03
	990	472	247.500000	28.000000	1.010169e+03
	996	472	249.000000	28.000000	1.010669e+03
	917	475	229.250000	28.750000	1.019335e+03
	994	475	248.500000	28.750000	1.009980e+03
	987	476	246.750000	29.000000	1.010023e+03
	670	477	167.500000	29.250000	1.012251e+03
	989	478	247.250000	29.500000	1.009916e+03
	662	479	165.500000	29.750000	1.011980e+03
	985	479	246.250000	29.750000	1.008968e+03
	999	481	249.750000	30.250000	1.012792e+03
	977	482	244.250000	30.500000	1.012406e+03
	988	483	247.000000	30.750000	1.009349e+03
	981	484	245.250000	31.000000	1.009364e+03
	975	485	243.750000	31.250000	1.012167e+03
	680	487	170.000000	31.750000	1.011898e+03
	979	488	244.750000	32.000000	1.009106e+03
	995	489	248.750000	32.250000	1.011215e+03
	969	490	242.250000	32.500000	1.013497e+03
	985	491	246.250000	32.750000	1.009489e+03
	731	492	182.750000	33.000000	1.014780e+03
	972	492	243.000000	33.000000	1.013134e+03
	977	492	244.250000	33.000000	1.008970e+03
	988	492	247.000000	33.000000	1.009644e+03
	992	493	248.000000	33.250000	1.010020e+03
	998	493	249.500000	33.250000	1.012492e+03
	724	495	181.000000	33.750000	1.014664e+03
	982	495	245.500000	33.750000	1.009449e+03
	967	496	241.750000	34.000000	1.012906e+03
	970	496	242.500000	34.000000	1.012919e+03
	962	497	240.500000	34.250000	1.012871e+03
	979	497	244.750000	34.250000	1.009875e+03
	982	499	245.500000	34.750000	1.009950e+03
	990	499	247.500000	34.750000	1.013876e+03
	706	500	176.500000	35.000000	1.014989e+03
	969	500	242.250000	35.000000	1.011106e+03
	975	500	243.750000	35.000000	1.010366e+03
	1000	500	250.000000	35.000000	1.014589e+03
	964	501	241.000000	35.250000	1.012711e+03
	988	501	247.000000	35.250000	1.014394e+03
	995	502	248.750000	35.500000	1.013645e+03
	704	503	176.000000	35.750000	1.015050e+03
	971	503	242.750000	35.750000	1.010649e+03
	974	503	243.500000	35.750000	1.009963e+03
	963	504	240.750000	36.000000	1.012609e+03
	990	504	247.500000	36.000000	1.014171e+03
	960	505	240.000000	36.250000	1.012792e+03
	982	505	245.500000	36.250000	1.009369e+03
	972	506	243.000000	36.500000	1.009104e+03
	945	507	236.250000	36.750000	1.015940e+03
	976	507	244.000000	36.750000	1.010841e+03
	747	508	186.750000	37.000000	1.013206e+03
	951	508	237.750000	37.000000	1.016176e+03
	961	508	240.250000	37.000000	1.012910e+03
	980	508	245.000000	37.000000	1.011079e+03
	994	508	248.500000	37.000000	1.012904e+03
	1000	508	250.000000	37.000000	1.014051e+03
	940	510	235.000000	37.500000	1.016004e+03
	997	510	249.250000	37.500000	1.013271e+03
	724	511	181.000000	37.750000	1.013840e+03
	735	511	183.750000	37.750000	1.013417e+03
	959	511	239.750000	37.750000	1.013407e+03
	980	511	245.000000	37.750000	1.011976e+03
	986	511	246.500000	37.750000	1.012919e+03
	970	512	242.500000	38.000000	1.012021e+03
	958	513	239.500000	38.250000	1.013509e+03
	997	513	249.250000	38.250000	1.014275e+03
	977	514	244.250000	38.500000	1.011878e+03
	987	514	246.750000	38.500000	1.012320e+03
	1000	515	250.000000	38.750000	1.013975e+03
	665	516	166.250000	39.000000	1.006266e+03
	956	516	239.000000	39.000000	1.013334e+03
	967	516	241.750000	39.000000	1.012236e+03
	735	518	183.750000	39.500000	1.013715e+03
	736	518	184.000000	39.500000	1.013715e+03
	973	518	243.250000	39.500000	1.011871e+03
	948	519	237.000000	39.750000	1.012839e+03
	966	519	241.500000	39.750000	1.011656e+03
	956	520	239.000000	40.000000	1.013089e+03
	969	520	242.250000	40.000000	1.011455e+03
	987	520	246.750000	40.000000	1.013179e+03
	979	521	244.750000	40.250000	1.012201e+03
	998	521	249.500000	40.250000	1.015314e+03
	962	522	240.500000	40.500000	1.012709e+03
	974	522	243.500000	40.500000	1.011422e+03
	991	522	247.750000	40.500000	1.013814e+03
	946	523	236.500000	40.750000	1.012849e+03
	951	523	237.750000	40.750000	1.012089e+03
	955	524	238.750000	41.000000	1.012638e+03
	965	524	241.250000	41.000000	1.012716e+03
	978	524	244.500000	41.000000	1.012000e+03
	970	525	242.500000	41.250000	1.012249e+03
	961	526	240.250000	41.500000	1.013532e+03
	1000	526	250.000000	41.500000	1.015080e+03
	946	527	236.500000	41.750000	1.012876e+03
	950	527	237.500000	41.750000	1.012746e+03
	992	527	248.000000	41.750000	1.015045e+03
	684	528	171.000000	42.000000	1.013049e+03
	953	528	238.250000	42.000000	1.013068e+03
	962	528	240.500000	42.000000	1.013528e+03
	974	528	243.500000	42.000000	1.012246e+03
	966	529	241.500000	42.250000	1.012825e+03
	948	530	237.000000	42.500000	1.012816e+03
	959	530	239.750000	42.500000	1.013595e+03
	963	530	240.750000	42.500000	1.013573e+03
	1000	530	250.000000	42.500000	1.015025e+03
	695	531	173.750000	42.750000	1.013201e+03
	969	531	242.250000	42.750000	1.012497e+03
	980	531	245.000000	42.750000	1.011638e+03
	751	532	187.750000	43.000000	1.012224e+03
	988	532	247.000000	43.000000	1.012924e+03
	694	533	173.500000	43.250000	1.013219e+03
	957	533	239.250000	43.250000	1.013458e+03
	954	534	238.500000	43.500000	1.013253e+03
	974	534	243.500000	43.500000	1.011429e+03
	989	535	247.250000	43.750000	1.013119e+03
	972	536	243.000000	44.000000	1.011004e+03
	955	539	238.750000	44.750000	1.012338e+03
	959	539	239.750000	44.750000	1.012175e+03
	962	539	240.500000	44.750000	1.012188e+03
	969	539	242.250000	44.750000	1.011851e+03
	980	541	245.000000	45.250000	1.012343e+03
	983	541	245.750000	45.250000	1.011996e+03
	684	542	171.000000	45.500000	1.012014e+03
	990	542	247.500000	45.500000	1.011490e+03
	993	544	248.250000	46.000000	1.010242e+03
	792	546	198.000000	46.500000	1.015997e+03
	972	546	243.000000	46.500000	1.010564e+03
	975	546	243.750000	46.500000	1.010812e+03
	989	546	247.250000	46.500000	1.010722e+03
	968	547	242.000000	46.750000	1.010195e+03
	984	547	246.000000	46.750000	1.010110e+03
	801	548	200.250000	47.000000	1.015597e+03
	963	549	240.750000	47.250000	1.009667e+03
	808	550	202.000000	47.500000	1.015258e+03
	946	551	236.500000	47.750000	1.014676e+03
	962	553	240.500000	48.250000	1.009095e+03
	982	553	245.500000	48.250000	1.009251e+03
	997	553	249.250000	48.250000	1.008014e+03
	992	554	248.000000	48.500000	1.008190e+03
	968	555	242.000000	48.750000	1.008091e+03
	830	556	207.500000	49.000000	1.016344e+03
	895	556	223.750000	49.000000	1.019909e+03
	945	556	236.250000	49.000000	1.014318e+03
	974	556	243.500000	49.000000	1.009430e+03
	940	557	235.000000	49.250000	1.014604e+03
	892	558	223.000000	49.500000	1.019901e+03
	937	558	234.250000	49.500000	1.014429e+03
	977	558	244.250000	49.500000	1.008541e+03
	985	558	246.250000	49.500000	1.008305e+03
	989	558	247.250000	49.500000	1.008549e+03
	941	559	235.250000	49.750000	1.014792e+03
	889	561	222.250000	50.250000	1.020030e+03
	968	561	242.000000	50.250000	1.009735e+03
	982	562	245.500000	50.500000	1.010268e+03
	963	563	240.750000	50.750000	1.010024e+03
	976	563	244.000000	50.750000	1.010638e+03
	973	564	243.250000	51.000000	1.010237e+03
	980	564	245.000000	51.000000	1.010881e+03
	948	565	237.000000	51.250000	1.011370e+03
	970	566	242.500000	51.500000	1.010490e+03
	979	566	244.750000	51.500000	1.011136e+03
	974	568	243.500000	52.000000	1.011047e+03
	968	572	242.000000	53.000000	1.010675e+03
	947	573	236.750000	53.250000	1.012539e+03
	974	574	243.500000	53.500000	1.011731e+03
	977	575	244.250000	53.750000	1.011760e+03
	924	577	231.000000	54.250000	1.012847e+03
	964	577	241.000000	54.250000	1.011635e+03
	819	578	204.750000	54.500000	1.006401e+03
	932	579	233.000000	54.750000	1.012769e+03
	939	579	234.750000	54.750000	1.012441e+03
	911	580	227.750000	55.000000	1.011633e+03
	960	580	240.000000	55.000000	1.012134e+03
	943	583	235.750000	55.750000	1.012341e+03
	972	583	243.000000	55.750000	1.011665e+03
	973	583	243.250000	55.750000	1.011665e+03
	932	584	233.000000	56.000000	1.012541e+03
	985	584	246.250000	56.000000	1.010619e+03
	980	585	245.000000	56.250000	1.010815e+03
	930	586	232.500000	56.500000	1.012455e+03
	939	586	234.750000	56.500000	1.011693e+03
	934	587	233.500000	56.750000	1.012028e+03
	963	587	240.750000	56.750000	1.011495e+03
	908	588	227.000000	57.000000	1.010775e+03
	912	588	228.000000	57.000000	1.010990e+03
	950	589	237.500000	57.250000	1.009597e+03
	972	589	243.000000	57.250000	1.010667e+03
	904	590	226.000000	57.500000	1.010547e+03
	966	590	241.500000	57.500000	1.011191e+03
	982	590	245.500000	57.500000	1.010889e+03
	926	591	231.500000	57.750000	1.009845e+03
	940	592	235.000000	58.000000	1.011287e+03
	934	593	233.500000	58.250000	1.010958e+03
	897	594	224.250000	58.500000	1.012215e+03
	814	595	203.500000	58.750000	1.011166e+03
	886	596	221.500000	59.000000	1.013555e+03
	960	598	240.000000	59.500000	1.012667e+03
	843	599	210.750000	59.750000	1.015924e+03
	881	599	220.250000	59.750000	1.013651e+03
	934	599	233.500000	59.750000	1.013080e+03
	836	600	209.000000	60.000000	1.014581e+03
	911	600	227.750000	60.000000	1.014874e+03
