2014	11	20	186	18
	815	436	203.750000	19.000000	1.018093e+03
	814	438	203.500000	19.500000	1.018013e+03
	812	439	203.000000	19.750000	1.018126e+03
	815	440	203.750000	20.000000	1.017936e+03
	821	440	205.250000	20.000000	1.019921e+03
	817	442	204.250000	20.500000	1.019328e+03
	821	443	205.250000	20.750000	1.020011e+03
	817	444	204.250000	21.000000	1.019756e+03
	697	455	174.250000	23.750000	1.017733e+03
	715	455	178.750000	23.750000	1.017808e+03
	699	456	174.750000	24.000000	1.017736e+03
	694	458	173.500000	24.500000	1.017741e+03
	697	458	174.250000	24.500000	1.017748e+03
	995	458	248.750000	24.500000	1.016898e+03
	993	462	248.250000	25.500000	1.016926e+03
	991	464	247.750000	26.000000	1.016951e+03
	999	474	249.750000	28.500000	1.016168e+03
	873	476	218.250000	29.000000	1.027183e+03
	998	477	249.500000	29.250000	1.016358e+03
	980	479	245.000000	29.750000	1.017866e+03
	979	483	244.750000	30.750000	1.017831e+03
	985	483	246.250000	30.750000	1.017561e+03
	989	484	247.250000	31.000000	1.017418e+03
	1000	485	250.000000	31.250000	1.016951e+03
	977	486	244.250000	31.500000	1.017976e+03
	751	487	187.750000	31.750000	1.011226e+03
	989	489	247.250000	32.250000	1.017603e+03
	969	490	242.250000	32.500000	1.018938e+03
	976	490	244.000000	32.500000	1.018111e+03
	998	491	249.500000	32.750000	1.017436e+03
	996	493	249.000000	33.250000	1.017546e+03
	974	494	243.500000	33.500000	1.018156e+03
	977	494	244.250000	33.500000	1.018151e+03
	986	494	246.500000	33.500000	1.017838e+03
	1000	494	250.000000	33.500000	1.017518e+03
	964	495	241.000000	33.750000	1.019238e+03
	769	496	192.250000	34.000000	1.008098e+03
	972	498	243.000000	34.500000	1.017813e+03
	981	498	245.250000	34.500000	1.018253e+03
	989	498	247.250000	34.500000	1.017388e+03
	776	499	194.000000	34.750000	1.007843e+03
	996	499	249.000000	34.750000	1.016796e+03
	780	500	195.000000	35.000000	1.007841e+03
	951	500	237.750000	35.000000	1.020281e+03
	962	500	240.500000	35.000000	1.018441e+03
	963	500	240.750000	35.000000	1.018441e+03
	783	501	195.750000	35.250000	1.007961e+03
	972	501	243.000000	35.250000	1.018893e+03
	786	502	196.500000	35.500000	1.008018e+03
	979	502	244.750000	35.500000	1.017828e+03
	989	502	247.250000	35.500000	1.017426e+03
	993	502	248.250000	35.500000	1.016908e+03
	780	503	195.000000	35.750000	1.008061e+03
	790	503	197.500000	35.750000	1.007851e+03
	952	503	238.000000	35.750000	1.020153e+03
	960	505	240.000000	36.250000	1.018848e+03
	1000	505	250.000000	36.250000	1.017653e+03
	977	506	244.250000	36.500000	1.017638e+03
	987	506	246.750000	36.500000	1.017821e+03
	992	506	248.000000	36.500000	1.017161e+03
	967	508	241.750000	37.000000	1.016323e+03
	974	509	243.500000	37.250000	1.017338e+03
	966	510	241.500000	37.500000	1.016413e+03
	982	510	245.500000	37.500000	1.017976e+03
	991	511	247.750000	37.750000	1.016541e+03
	959	512	239.750000	38.000000	1.017978e+03
	964	512	241.000000	38.000000	1.016826e+03
	984	513	246.000000	38.250000	1.017391e+03
	963	514	240.750000	38.500000	1.017306e+03
	993	514	248.250000	38.500000	1.016748e+03
	972	515	243.000000	38.750000	1.017461e+03
	969	516	242.250000	39.000000	1.017241e+03
	969	517	242.250000	39.250000	1.017241e+03
	983	517	245.750000	39.250000	1.017483e+03
	990	520	247.500000	40.000000	1.019228e+03
	955	522	238.750000	40.500000	1.018161e+03
	964	522	241.000000	40.500000	1.018728e+03
	967	523	241.750000	40.750000	1.018413e+03
	977	523	244.250000	40.750000	1.019783e+03
	1000	523	250.000000	40.750000	1.015498e+03
	956	524	239.000000	41.000000	1.018281e+03
	982	524	245.500000	41.000000	1.019441e+03
	957	526	239.250000	41.500000	1.018161e+03
	974	527	243.500000	41.750000	1.019688e+03
	979	528	244.750000	42.000000	1.019058e+03
	985	528	246.250000	42.000000	1.019431e+03
	967	529	241.750000	42.250000	1.019248e+03
	970	529	242.500000	42.250000	1.019301e+03
	994	529	248.500000	42.250000	1.020108e+03
	998	529	249.500000	42.250000	1.017273e+03
	990	530	247.500000	42.500000	1.021071e+03
	956	532	239.000000	43.000000	1.018381e+03
	963	532	240.750000	43.000000	1.018528e+03
	928	534	232.000000	43.500000	1.010183e+03
	994	534	248.500000	43.500000	1.020301e+03
	948	535	237.000000	43.750000	1.015893e+03
	984	536	246.000000	44.000000	1.018051e+03
	996	537	249.000000	44.250000	1.020846e+03
	981	538	245.250000	44.500000	1.019341e+03
	986	538	246.500000	44.500000	1.019163e+03
	957	539	239.250000	44.750000	1.016871e+03
	992	540	248.000000	45.000000	1.018021e+03
	965	541	241.250000	45.250000	1.017126e+03
	995	542	248.750000	45.500000	1.015006e+03
	981	543	245.250000	45.750000	1.019678e+03
	957	544	239.250000	46.000000	1.018506e+03
	978	544	244.500000	46.000000	1.019753e+03
	969	545	242.250000	46.250000	1.018691e+03
	987	545	246.750000	46.250000	1.015068e+03
	991	545	247.750000	46.250000	1.013683e+03
	1000	545	250.000000	46.250000	1.011251e+03
	983	546	245.750000	46.500000	1.017661e+03
	982	548	245.500000	47.000000	1.017218e+03
	999	549	249.750000	47.250000	1.008716e+03
	979	550	244.750000	47.500000	1.017216e+03
	976	553	244.000000	48.250000	1.018503e+03
	990	553	247.500000	48.250000	1.008866e+03
	958	556	239.500000	49.000000	1.014466e+03
	995	556	248.750000	49.000000	1.010023e+03
	989	559	247.250000	49.750000	1.008301e+03
	1000	559	250.000000	49.750000	1.009851e+03
	765	561	191.250000	50.250000	9.764656e+02
	975	561	243.750000	50.250000	1.014668e+03
	982	563	245.500000	50.750000	1.005896e+03
	919	564	229.750000	51.000000	9.972706e+02
	766	565	191.500000	51.250000	9.764306e+02
	949	566	237.250000	51.500000	1.006476e+03
	969	566	242.250000	51.500000	1.014956e+03
	914	567	228.500000	51.750000	9.972281e+02
	944	567	236.000000	51.750000	1.005303e+03
	941	568	235.250000	52.000000	1.005261e+03
	979	569	244.750000	52.250000	1.003081e+03
	736	570	184.000000	52.500000	9.731981e+02
	934	571	233.500000	52.750000	1.003198e+03
	983	571	245.750000	52.750000	1.003348e+03
	940	572	235.000000	53.000000	1.003263e+03
	975	572	243.750000	53.000000	1.002018e+03
	934	574	233.500000	53.500000	1.004473e+03
	955	574	238.750000	53.500000	1.005741e+03
	815	575	203.750000	53.750000	9.513281e+02
	927	575	231.750000	53.750000	1.002333e+03
	948	575	237.000000	53.750000	1.006086e+03
	967	576	241.750000	54.000000	1.001966e+03
	974	577	243.500000	54.250000	1.002336e+03
	962	578	240.500000	54.500000	1.001401e+03
	969	578	242.250000	54.500000	1.002138e+03
	959	579	239.750000	54.750000	1.001693e+03
	979	579	244.750000	54.750000	1.001556e+03
	924	581	231.000000	55.250000	1.003858e+03
	971	581	242.750000	55.250000	1.002966e+03
	958	582	239.500000	55.500000	1.001633e+03
	958	583	239.500000	55.750000	1.001633e+03
	964	583	241.000000	55.750000	1.001683e+03
	983	583	245.750000	55.750000	1.003023e+03
	929	584	232.250000	56.000000	1.003893e+03
	917	585	229.250000	56.250000	1.003033e+03
	953	585	238.250000	56.250000	1.002103e+03
	962	587	240.500000	56.750000	1.002161e+03
	983	587	245.750000	56.750000	1.002611e+03
	936	588	234.000000	57.000000	1.002438e+03
	977	588	244.250000	57.000000	1.002393e+03
	966	589	241.500000	57.250000	1.001638e+03
	900	590	225.000000	57.500000	1.001843e+03
	908	590	227.000000	57.500000	1.001281e+03
	978	590	244.500000	57.500000	1.002266e+03
	986	590	246.500000	57.500000	1.002153e+03
	916	591	229.000000	57.750000	1.002573e+03
	926	591	231.500000	57.750000	1.002243e+03
	944	591	236.000000	57.750000	1.000078e+03
	962	591	240.500000	57.750000	1.001686e+03
	900	592	225.000000	58.000000	1.001866e+03
	990	592	247.500000	58.000000	1.002153e+03
	922	593	230.500000	58.250000	1.002368e+03
	930	593	232.500000	58.250000	1.001513e+03
	942	593	235.500000	58.250000	1.000058e+03
	670	595	167.500000	58.750000	9.989131e+02
	936	595	234.000000	58.750000	1.001666e+03
	954	595	238.500000	58.750000	1.003666e+03
	987	595	246.750000	58.750000	1.002941e+03
	890	596	222.500000	59.000000	1.001468e+03
	982	596	245.500000	59.000000	1.001343e+03
	676	598	169.000000	59.500000	9.991531e+02
	676	599	169.000000	59.750000	9.991531e+02
	896	600	224.000000	60.000000	1.003288e+03
	958	600	239.500000	60.000000	1.004853e+03
	973	600	243.250000	60.000000	1.003558e+03
