2014	12	10	176	15
	994	433	248.500000	18.250000	1.014479e+03
	993	434	248.250000	18.500000	1.014479e+03
	990	437	247.500000	19.250000	1.014451e+03
	810	440	202.500000	20.000000	1.019141e+03
	815	440	203.750000	20.000000	1.018991e+03
	820	441	205.000000	20.250000	1.019249e+03
	823	442	205.750000	20.500000	1.019326e+03
	821	443	205.250000	20.750000	1.019291e+03
	824	444	206.000000	21.000000	1.019304e+03
	815	445	203.750000	21.250000	1.019474e+03
	802	446	200.500000	21.500000	1.019451e+03
	811	446	202.750000	21.500000	1.019484e+03
	806	447	201.500000	21.750000	1.019481e+03
	813	447	203.250000	21.750000	1.019481e+03
	821	448	205.250000	22.000000	1.019436e+03
	826	448	206.500000	22.000000	1.019374e+03
	890	448	222.500000	22.000000	1.018741e+03
	661	450	165.250000	22.500000	1.014631e+03
	802	450	200.500000	22.500000	1.019569e+03
	999	451	249.750000	22.750000	1.014169e+03
	672	452	168.000000	23.000000	1.014314e+03
	813	452	203.250000	23.000000	1.019261e+03
	904	453	226.000000	23.250000	1.019019e+03
	905	453	226.250000	23.250000	1.019019e+03
	930	453	232.500000	23.250000	1.019026e+03
	998	453	249.500000	23.250000	1.014111e+03
	674	454	168.500000	23.500000	1.014314e+03
	923	454	230.750000	23.500000	1.019084e+03
	931	455	232.750000	23.750000	1.019014e+03
	995	455	248.750000	23.750000	1.014229e+03
	934	457	233.500000	24.250000	1.019036e+03
	990	462	247.500000	25.500000	1.014546e+03
	981	469	245.250000	27.250000	1.015381e+03
	987	470	246.750000	27.500000	1.015144e+03
	998	471	249.500000	27.750000	1.013796e+03
	999	471	249.750000	27.750000	1.013796e+03
	986	472	246.500000	28.000000	1.015121e+03
	983	474	245.750000	28.500000	1.015129e+03
	991	475	247.750000	28.750000	1.014434e+03
	980	477	245.000000	29.250000	1.015244e+03
	989	478	247.250000	29.500000	1.014481e+03
	687	482	171.750000	30.500000	1.004636e+03
	976	483	244.000000	30.750000	1.015891e+03
	975	485	243.750000	31.250000	1.015929e+03
	974	489	243.500000	32.250000	1.015871e+03
	992	489	248.000000	32.250000	1.015356e+03
	968	491	242.000000	32.750000	1.015526e+03
	996	491	249.000000	32.750000	1.015786e+03
	965	492	241.250000	33.000000	1.015534e+03
	984	492	246.000000	33.000000	1.015329e+03
	977	493	244.250000	33.250000	1.015976e+03
	987	493	246.750000	33.250000	1.015599e+03
	994	493	248.500000	33.250000	1.015821e+03
	964	494	241.000000	33.500000	1.015621e+03
	697	495	174.250000	33.750000	1.002341e+03
	990	495	247.500000	33.750000	1.015731e+03
	981	496	245.250000	34.000000	1.016391e+03
	960	497	240.000000	34.250000	1.015451e+03
	984	498	246.000000	34.500000	1.016091e+03
	979	499	244.750000	34.750000	1.016629e+03
	956	500	239.000000	35.000000	1.015799e+03
	992	500	248.000000	35.000000	1.018351e+03
	973	501	243.250000	35.250000	1.018329e+03
	952	503	238.000000	35.750000	1.016074e+03
	999	503	249.750000	35.750000	1.020851e+03
	965	504	241.250000	36.000000	1.016674e+03
	957	505	239.250000	36.250000	1.016131e+03
	979	505	244.750000	36.250000	1.018341e+03
	954	506	238.500000	36.500000	1.015909e+03
	984	506	246.000000	36.500000	1.018604e+03
	990	506	247.500000	36.500000	1.020959e+03
	964	507	241.000000	36.750000	1.017031e+03
	973	508	243.250000	37.000000	1.018226e+03
	981	508	245.250000	37.000000	1.018901e+03
	952	510	238.000000	37.500000	1.015681e+03
	965	510	241.250000	37.500000	1.017286e+03
	969	510	242.250000	37.500000	1.018354e+03
	988	510	247.000000	37.500000	1.019374e+03
	667	511	166.750000	37.750000	9.767737e+02
	960	511	240.000000	37.750000	1.016276e+03
	973	511	243.250000	37.750000	1.018719e+03
	990	514	247.500000	38.500000	1.020479e+03
	958	515	239.500000	38.750000	1.015231e+03
	962	515	240.500000	38.750000	1.015626e+03
	967	515	241.750000	38.750000	1.017919e+03
	992	516	248.000000	39.000000	1.020771e+03
	969	517	242.250000	39.250000	1.016519e+03
	973	517	243.250000	39.250000	1.017456e+03
	979	517	244.750000	39.250000	1.018771e+03
	959	518	239.750000	39.500000	1.014701e+03
	987	518	246.750000	39.500000	1.021729e+03
	971	519	242.750000	39.750000	1.017249e+03
	994	519	248.500000	39.750000	1.020256e+03
	981	520	245.250000	40.000000	1.018641e+03
	971	521	242.750000	40.250000	1.017514e+03
	990	521	247.500000	40.250000	1.021021e+03
	927	522	231.750000	40.500000	9.975187e+02
	953	522	238.250000	40.500000	1.013551e+03
	964	522	241.000000	40.500000	1.019669e+03
	978	522	244.500000	40.500000	1.018799e+03
	994	523	248.500000	40.750000	1.019601e+03
	981	524	245.250000	41.000000	1.019406e+03
	997	524	249.250000	41.000000	1.019134e+03
	994	526	248.500000	41.500000	1.020346e+03
	977	528	244.250000	42.000000	1.016066e+03
	970	529	242.500000	42.250000	1.015994e+03
	984	529	246.000000	42.250000	1.017926e+03
	994	529	248.500000	42.250000	1.021036e+03
	997	530	249.250000	42.500000	1.020324e+03
	974	531	243.500000	42.750000	1.016321e+03
	991	532	247.750000	43.000000	1.020641e+03
	955	533	238.750000	43.250000	1.008344e+03
	972	533	243.000000	43.250000	1.015466e+03
	994	534	248.500000	43.500000	1.020131e+03
	984	536	246.000000	44.000000	1.017864e+03
	975	537	243.750000	44.250000	1.016086e+03
	999	537	249.750000	44.250000	1.021144e+03
	986	538	246.500000	44.500000	1.018686e+03
	976	539	244.000000	44.750000	1.016166e+03
	956	540	239.000000	45.000000	1.004171e+03
	981	540	245.250000	45.000000	1.016829e+03
	992	540	248.000000	45.000000	1.020861e+03
	962	542	240.500000	45.500000	1.004224e+03
	995	542	248.750000	45.500000	1.017626e+03
	936	545	234.000000	46.250000	9.903488e+02
	966	545	241.500000	46.250000	1.005154e+03
	987	545	246.750000	46.250000	1.014784e+03
	1000	545	250.000000	46.250000	1.014929e+03
	990	546	247.500000	46.500000	1.015926e+03
	998	550	249.500000	47.500000	1.012591e+03
	946	553	236.500000	48.250000	9.928688e+02
	989	554	247.250000	48.500000	1.010991e+03
	975	557	243.750000	49.250000	1.010651e+03
	901	561	225.250000	50.250000	9.630737e+02
	902	561	225.500000	50.250000	9.630737e+02
	811	564	202.750000	51.000000	9.785287e+02
	945	566	236.250000	51.500000	9.885262e+02
	938	572	234.500000	53.000000	9.868038e+02
	981	572	245.250000	53.000000	1.000469e+03
	972	573	243.000000	53.250000	9.984012e+02
	807	579	201.750000	54.750000	9.770012e+02
	951	579	237.750000	54.750000	9.942587e+02
	807	580	201.750000	55.000000	9.770012e+02
	955	581	238.750000	55.250000	9.937637e+02
	944	585	236.000000	56.250000	9.959963e+02
	814	586	203.500000	56.500000	9.769213e+02
	950	586	237.500000	56.500000	9.937288e+02
	682	589	170.500000	57.250000	1.006789e+03
	814	590	203.500000	57.500000	9.770588e+02
	946	590	236.500000	57.500000	9.929738e+02
	964	590	241.000000	57.500000	9.948312e+02
	680	591	170.000000	57.750000	1.006889e+03
	806	591	201.500000	57.750000	9.767012e+02
	916	591	229.000000	57.750000	9.888762e+02
	978	591	244.500000	57.750000	9.950887e+02
	890	592	222.500000	58.000000	9.850488e+02
	992	592	248.000000	58.000000	9.938013e+02
	942	593	235.500000	58.250000	9.909263e+02
	997	593	249.250000	58.250000	9.942963e+02
	677	594	169.250000	58.500000	1.007059e+03
	875	594	218.750000	58.500000	9.849263e+02
	881	594	220.250000	58.500000	9.849938e+02
	886	594	221.500000	58.500000	9.850187e+02
	910	594	227.500000	58.500000	9.878438e+02
	985	594	246.250000	58.500000	9.944988e+02
	826	596	206.500000	59.000000	9.790538e+02
	936	596	234.000000	59.000000	9.903438e+02
	981	596	245.250000	59.000000	9.931487e+02
	673	597	168.250000	59.250000	1.007084e+03
	896	598	224.000000	59.500000	9.868787e+02
	919	598	229.750000	59.500000	9.874838e+02
	670	599	167.500000	59.750000	1.006556e+03
	868	599	217.000000	59.750000	9.846163e+02
	877	599	219.250000	59.750000	9.847388e+02
	903	599	225.750000	59.750000	9.857963e+02
	915	599	228.750000	59.750000	9.867988e+02
