2015	4	6	129	3
	815	436	203.750000	19.000000	1.013222e+03
	810	439	202.500000	19.750000	1.013930e+03
	815	440	203.750000	20.000000	1.012994e+03
	820	441	205.000000	20.250000	1.015671e+03
	800	448	200.000000	22.000000	1.015439e+03
	723	455	180.750000	23.750000	1.012825e+03
	695	459	173.750000	24.750000	1.012888e+03
	698	461	174.500000	25.250000	1.012857e+03
	730	462	182.500000	25.500000	1.012924e+03
	703	463	175.750000	25.750000	1.012746e+03
	706	464	176.500000	26.000000	1.012705e+03
	716	464	179.000000	26.000000	1.012704e+03
	991	464	247.750000	26.000000	1.009469e+03
	996	464	249.000000	26.000000	1.007646e+03
	708	465	177.000000	26.250000	1.012679e+03
	989	465	247.250000	26.250000	1.009350e+03
	995	466	248.750000	26.500000	1.007549e+03
	988	467	247.000000	26.750000	1.009191e+03
	997	467	249.250000	26.750000	1.007607e+03
	996	472	249.000000	28.000000	1.007575e+03
	989	474	247.250000	28.500000	1.007275e+03
	993	476	248.250000	29.000000	1.007284e+03
	989	478	247.250000	29.500000	1.007059e+03
	982	482	245.500000	30.500000	1.005732e+03
	796	487	199.000000	31.750000	1.020534e+03
	733	488	183.250000	32.000000	1.010114e+03
	713	489	178.250000	32.250000	1.010989e+03
	979	489	244.750000	32.250000	1.004554e+03
	982	491	245.500000	32.750000	1.004818e+03
	985	491	246.250000	32.750000	1.004666e+03
	725	492	181.250000	33.000000	1.010536e+03
	988	492	247.000000	33.000000	1.004656e+03
	977	493	244.250000	33.250000	1.005435e+03
	993	493	248.250000	33.250000	1.004427e+03
	985	494	246.250000	33.500000	1.004916e+03
	964	498	241.000000	34.500000	1.008941e+03
	978	498	244.500000	34.500000	1.003250e+03
	992	498	248.000000	34.500000	1.006369e+03
	981	499	245.250000	34.750000	1.003166e+03
	1000	501	250.000000	35.250000	1.006109e+03
	963	505	240.750000	36.250000	1.008328e+03
	753	508	188.250000	37.000000	1.018546e+03
	980	508	245.000000	37.000000	1.000616e+03
	994	508	248.500000	37.000000	1.001389e+03
	735	510	183.750000	37.500000	1.018562e+03
	751	510	187.750000	37.500000	1.018562e+03
	971	510	242.750000	37.500000	9.979900e+02
	997	510	249.250000	37.500000	9.997537e+02
	767	511	191.750000	37.750000	1.018310e+03
	768	511	192.000000	37.750000	1.018310e+03
	784	512	196.000000	38.000000	1.018066e+03
	956	512	239.000000	38.000000	1.011508e+03
	998	516	249.500000	39.000000	9.982850e+02
	979	518	244.750000	39.500000	9.968887e+02
	951	520	237.750000	40.000000	1.009551e+03
	986	520	246.500000	40.000000	9.954338e+02
	991	521	247.750000	40.250000	9.969313e+02
	951	522	237.750000	40.500000	1.009564e+03
	974	522	243.500000	40.500000	1.000841e+03
	767	524	191.750000	41.000000	1.018039e+03
	976	524	244.000000	41.000000	1.001146e+03
	991	524	247.750000	41.000000	9.974863e+02
	986	525	246.500000	41.250000	9.980550e+02
	995	525	248.750000	41.250000	9.981325e+02
	955	527	238.750000	41.750000	1.008525e+03
	966	527	241.500000	41.750000	1.005445e+03
	947	530	236.750000	42.500000	1.009516e+03
	977	530	244.250000	42.500000	1.001975e+03
	953	531	238.250000	42.750000	1.008375e+03
	986	531	246.500000	42.750000	1.002597e+03
	975	532	243.750000	43.000000	1.001929e+03
	989	533	247.250000	43.250000	1.002456e+03
	974	534	243.500000	43.500000	1.002205e+03
	991	536	247.750000	44.000000	1.001796e+03
	954	537	238.500000	44.250000	1.005365e+03
	984	538	246.000000	44.500000	1.003431e+03
	989	539	247.250000	44.750000	1.002299e+03
	918	540	229.500000	45.000000	1.002594e+03
	963	540	240.750000	45.000000	1.003682e+03
	966	541	241.500000	45.250000	1.004161e+03
	981	542	245.250000	45.500000	1.004078e+03
	975	543	243.750000	45.750000	1.004328e+03
	956	544	239.000000	46.000000	1.004920e+03
	961	546	240.250000	46.500000	1.004120e+03
	1000	546	250.000000	46.500000	1.013315e+03
	976	547	244.000000	46.750000	1.003657e+03
	947	548	236.750000	47.000000	1.003758e+03
	951	549	237.750000	47.250000	1.003500e+03
	943	550	235.750000	47.500000	1.004060e+03
	953	551	238.250000	47.750000	1.003705e+03
	971	551	242.750000	47.750000	1.002544e+03
	952	553	238.000000	48.250000	1.003727e+03
	949	554	237.250000	48.500000	1.003940e+03
	964	556	241.000000	49.000000	1.003958e+03
	958	558	239.500000	49.500000	1.005080e+03
	941	560	235.250000	50.000000	1.005607e+03
	965	561	241.250000	50.250000	1.004739e+03
	949	562	237.250000	50.500000	1.006180e+03
	990	563	247.500000	50.750000	1.017374e+03
	934	564	233.500000	51.000000	1.006351e+03
	987	565	246.750000	51.250000	1.017431e+03
	954	567	238.500000	51.750000	1.007157e+03
	947	568	236.750000	52.000000	1.007375e+03
	937	569	234.250000	52.250000	1.008266e+03
	930	571	232.500000	52.750000	1.007915e+03
	938	575	234.500000	53.750000	1.010599e+03
	934	576	233.500000	54.000000	1.010691e+03
	952	576	238.000000	54.000000	1.009654e+03
	930	580	232.500000	55.000000	1.010932e+03
	861	585	215.250000	56.250000	1.009356e+03
	907	586	226.750000	56.500000	1.011938e+03
	918	587	229.500000	56.750000	1.011979e+03
	933	587	233.250000	56.750000	1.012172e+03
	892	590	223.000000	57.500000	1.012936e+03
	944	591	236.000000	57.750000	1.012835e+03
	890	592	222.500000	58.000000	1.012760e+03
	904	592	226.000000	58.000000	1.012046e+03
	918	593	229.500000	58.250000	1.010466e+03
	924	593	231.000000	58.250000	1.010682e+03
	894	594	223.500000	58.500000	1.012323e+03
	884	595	221.000000	58.750000	1.012555e+03
	898	595	224.500000	58.750000	1.012431e+03
	892	596	223.000000	59.000000	1.012674e+03
	930	596	232.500000	59.000000	1.009989e+03
	924	597	231.000000	59.250000	1.009890e+03
	842	598	210.500000	59.500000	1.009323e+03
	896	598	224.000000	59.500000	1.012541e+03
	834	599	208.500000	59.750000	1.006990e+03
	877	599	219.250000	59.750000	1.012263e+03
