2015	3	25	142	9
	810	436	202.500000	19.000000	1.018511e+03
	820	436	205.000000	19.000000	1.018376e+03
	814	438	203.500000	19.500000	1.018261e+03
	812	439	203.000000	19.750000	1.018389e+03
	815	440	203.750000	20.000000	1.018206e+03
	820	441	205.000000	20.250000	1.018654e+03
	817	442	204.250000	20.500000	1.018591e+03
	818	442	204.500000	20.500000	1.018591e+03
	821	443	205.250000	20.750000	1.018759e+03
	817	444	204.250000	21.000000	1.018684e+03
	815	445	203.750000	21.250000	1.018779e+03
	802	446	200.500000	21.500000	1.019621e+03
	818	446	204.500000	21.500000	1.018824e+03
	811	454	202.750000	23.500000	1.019436e+03
	823	455	205.750000	23.750000	1.019156e+03
	997	455	249.250000	23.750000	1.014694e+03
	821	457	205.250000	24.250000	1.019181e+03
	824	458	206.000000	24.500000	1.019189e+03
	822	459	205.500000	24.750000	1.019184e+03
	994	459	248.500000	24.750000	1.014859e+03
	818	461	204.500000	25.250000	1.019144e+03
	996	464	249.000000	26.000000	1.012524e+03
	990	465	247.500000	26.250000	1.014299e+03
	995	466	248.750000	26.500000	1.012506e+03
	988	475	247.000000	28.750000	1.011826e+03
	991	475	247.750000	28.750000	1.012084e+03
	983	482	245.750000	30.500000	1.011454e+03
	1000	482	250.000000	30.500000	1.013904e+03
	977	483	244.250000	30.750000	1.015271e+03
	918	484	229.500000	31.000000	1.026906e+03
	975	485	243.750000	31.250000	1.015739e+03
	982	485	245.500000	31.250000	1.011464e+03
	973	488	243.250000	32.000000	1.015654e+03
	920	490	230.000000	32.500000	1.026904e+03
	968	491	242.000000	32.750000	1.015571e+03
	971	491	242.750000	32.750000	1.015486e+03
	978	491	244.500000	32.750000	1.012409e+03
	927	493	231.750000	33.250000	1.026814e+03
	992	493	248.000000	33.250000	1.010954e+03
	998	493	249.500000	33.250000	1.012574e+03
	923	494	230.750000	33.500000	1.026859e+03
	967	494	241.750000	33.500000	1.015579e+03
	925	496	231.250000	34.000000	1.026844e+03
	962	497	240.500000	34.250000	1.015886e+03
	983	497	245.750000	34.250000	1.011691e+03
	976	501	244.000000	35.250000	1.014974e+03
	996	502	249.000000	35.500000	1.012731e+03
	990	504	247.500000	36.000000	1.014279e+03
	995	504	248.750000	36.000000	1.012904e+03
	862	505	215.500000	36.250000	1.011356e+03
	963	505	240.750000	36.250000	1.021024e+03
	984	505	246.000000	36.250000	1.014809e+03
	960	506	240.000000	36.500000	1.021019e+03
	965	507	241.250000	36.750000	1.020679e+03
	952	508	238.000000	37.000000	1.022984e+03
	995	508	248.750000	37.000000	1.013549e+03
	865	510	216.250000	37.500000	1.010811e+03
	961	510	240.250000	37.500000	1.020346e+03
	960	512	240.000000	38.000000	1.020236e+03
	1000	513	250.000000	38.250000	1.015169e+03
	957	515	239.250000	38.750000	1.021341e+03
	967	516	241.750000	39.000000	1.023431e+03
	990	516	247.500000	39.000000	1.021446e+03
	937	517	234.250000	39.250000	1.025701e+03
	972	517	243.000000	39.250000	1.024079e+03
	955	518	238.750000	39.500000	1.022241e+03
	969	520	242.250000	40.000000	1.023336e+03
	988	520	247.000000	40.000000	1.023349e+03
	686	521	171.500000	40.250000	1.009346e+03
	984	522	246.000000	40.500000	1.023536e+03
	968	524	242.000000	41.000000	1.024936e+03
	991	524	247.750000	41.000000	1.023234e+03
	995	525	248.750000	41.250000	1.024499e+03
	958	526	239.500000	41.500000	1.027066e+03
	950	527	237.500000	41.750000	1.026904e+03
	995	528	248.750000	42.000000	1.024424e+03
	948	529	237.000000	42.250000	1.026099e+03
	963	530	240.750000	42.500000	1.026134e+03
	967	530	241.750000	42.500000	1.025514e+03
	986	530	246.500000	42.500000	1.025871e+03
	686	532	171.500000	43.000000	1.007109e+03
	964	532	241.000000	43.000000	1.026226e+03
	982	532	245.500000	43.000000	1.025959e+03
	976	533	244.000000	43.250000	1.026496e+03
	970	534	242.500000	43.500000	1.026314e+03
	990	535	247.500000	43.750000	1.022809e+03
	972	536	243.000000	44.000000	1.026286e+03
	995	538	248.750000	44.500000	1.023934e+03
	954	539	238.500000	44.750000	1.025344e+03
	985	539	246.250000	44.750000	1.027099e+03
	990	541	247.500000	45.250000	1.024194e+03
	993	543	248.250000	45.750000	1.023486e+03
	958	545	239.500000	46.250000	1.024409e+03
	999	546	249.750000	46.500000	1.022479e+03
	991	548	247.750000	47.000000	1.023786e+03
	947	553	236.750000	48.250000	1.021234e+03
	987	554	246.750000	48.500000	1.022839e+03
	945	556	236.250000	49.000000	1.021441e+03
	963	556	240.750000	49.000000	1.021386e+03
	1000	557	250.000000	49.250000	1.024951e+03
	977	558	244.250000	49.500000	1.023006e+03
	984	558	246.000000	49.500000	1.022524e+03
	1000	560	250.000000	50.000000	1.025486e+03
	982	563	245.500000	50.750000	1.020424e+03
	825	565	206.250000	51.250000	9.713663e+02
	970	567	242.500000	51.750000	1.020669e+03
	941	568	235.250000	52.000000	1.015656e+03
	978	569	244.500000	52.250000	1.017974e+03
	963	571	240.750000	52.750000	1.018224e+03
	936	572	234.000000	53.000000	1.014231e+03
	969	574	242.250000	53.500000	1.017034e+03
	933	575	233.250000	53.750000	1.014356e+03
	941	575	235.250000	53.750000	1.013371e+03
	952	576	238.000000	54.000000	1.014974e+03
	964	578	241.000000	54.500000	1.015991e+03
	934	580	233.500000	55.000000	1.013864e+03
	929	582	232.250000	55.500000	1.013466e+03
	935	582	233.750000	55.500000	1.013866e+03
	951	583	237.750000	55.750000	1.014934e+03
	979	583	244.750000	55.750000	1.017891e+03
	686	585	171.500000	56.250000	1.020286e+03
	934	588	233.500000	57.000000	1.015354e+03
	938	589	234.500000	57.250000	1.015216e+03
	996	589	249.000000	57.250000	1.023231e+03
	982	590	245.500000	57.500000	1.020501e+03
	916	591	229.000000	57.750000	1.015124e+03
	926	591	231.500000	57.750000	1.015734e+03
	946	591	236.500000	57.750000	1.016364e+03
	986	592	246.500000	58.000000	1.021564e+03
	918	593	229.500000	58.250000	1.015106e+03
	909	595	227.250000	58.750000	1.014584e+03
	923	596	230.750000	59.000000	1.015626e+03
	937	596	234.250000	59.000000	1.015946e+03
	971	596	242.750000	59.000000	1.020969e+03
	997	596	249.250000	59.000000	1.023211e+03
	930	597	232.500000	59.250000	1.015294e+03
	932	597	233.000000	59.250000	1.015294e+03
	975	597	243.750000	59.250000	1.020881e+03
	668	598	167.000000	59.500000	1.017506e+03
	896	600	224.000000	60.000000	1.014731e+03
	907	600	226.750000	60.000000	1.014766e+03
	930	600	232.500000	60.000000	1.015386e+03
