2015	3	3	147	6
	710	421	177.500000	15.250000	1.011947e+03
	980	424	245.000000	16.000000	1.015514e+03
	983	426	245.750000	16.500000	1.015597e+03
	982	429	245.500000	17.250000	1.015507e+03
	985	432	246.250000	18.000000	1.015607e+03
	812	436	203.000000	19.000000	1.015157e+03
	815	436	203.750000	19.000000	1.015027e+03
	832	436	208.000000	19.000000	1.016322e+03
	980	438	245.000000	19.500000	1.016099e+03
	990	439	247.500000	19.750000	1.015839e+03
	815	440	203.750000	20.000000	1.015479e+03
	821	440	205.250000	20.000000	1.016484e+03
	991	441	247.750000	20.250000	1.015879e+03
	818	442	204.500000	20.500000	1.016239e+03
	975	442	243.750000	20.500000	1.015984e+03
	987	442	246.750000	20.500000	1.016174e+03
	821	443	205.250000	20.750000	1.016654e+03
	977	443	244.250000	20.750000	1.016007e+03
	992	443	248.000000	20.750000	1.015892e+03
	982	445	245.500000	21.250000	1.015962e+03
	994	446	248.500000	21.500000	1.015954e+03
	983	447	245.750000	21.750000	1.015939e+03
	995	448	248.750000	22.000000	1.016027e+03
	999	452	249.750000	23.000000	1.015774e+03
	998	454	249.500000	23.500000	1.015612e+03
	988	455	247.000000	23.750000	1.015144e+03
	993	460	248.250000	25.000000	1.015537e+03
	992	462	248.000000	25.500000	1.015469e+03
	991	464	247.750000	26.000000	1.015412e+03
	996	464	249.000000	26.000000	1.014514e+03
	822	467	205.500000	26.750000	1.017707e+03
	988	467	247.000000	26.750000	1.015512e+03
	994	469	248.500000	27.250000	1.014177e+03
	991	473	247.750000	28.250000	1.014342e+03
	982	474	245.500000	28.500000	1.015814e+03
	994	475	248.500000	28.750000	1.014282e+03
	978	477	244.500000	29.250000	1.015754e+03
	996	478	249.000000	29.500000	1.014659e+03
	974	480	243.500000	30.000000	1.015482e+03
	982	484	245.500000	31.000000	1.012939e+03
	995	489	248.750000	32.250000	1.015247e+03
	786	490	196.500000	32.500000	1.029084e+03
	958	490	239.500000	32.500000	1.013387e+03
	998	490	249.500000	32.500000	1.015954e+03
	789	492	197.250000	33.000000	1.029027e+03
	976	493	244.000000	33.250000	1.014147e+03
	800	495	200.000000	33.750000	1.028729e+03
	978	497	244.500000	34.250000	1.013612e+03
	955	499	238.750000	34.750000	1.013672e+03
	969	499	242.250000	34.750000	1.014279e+03
	981	499	245.250000	34.750000	1.014134e+03
	963	500	240.750000	35.000000	1.014032e+03
	975	500	243.750000	35.000000	1.012892e+03
	990	500	247.500000	35.000000	1.016759e+03
	952	502	238.000000	35.500000	1.013597e+03
	995	502	248.750000	35.500000	1.014592e+03
	969	503	242.250000	35.750000	1.013294e+03
	832	504	208.000000	36.000000	1.027337e+03
	948	504	237.000000	36.000000	1.013512e+03
	960	504	240.000000	36.000000	1.013357e+03
	963	504	240.750000	36.000000	1.013547e+03
	978	504	244.500000	36.000000	1.013319e+03
	982	505	245.500000	36.250000	1.013612e+03
	972	506	243.000000	36.500000	1.011914e+03
	993	507	248.250000	36.750000	1.014274e+03
	978	508	244.500000	37.000000	1.014292e+03
	979	508	244.750000	37.000000	1.014292e+03
	952	510	238.000000	37.500000	1.014162e+03
	956	510	239.000000	37.500000	1.014104e+03
	968	510	242.000000	37.500000	1.011824e+03
	997	510	249.250000	37.500000	1.012932e+03
	835	511	208.750000	37.750000	1.027422e+03
	992	511	248.000000	37.750000	1.014742e+03
	953	512	238.250000	38.000000	1.014114e+03
	954	514	238.500000	38.500000	1.014097e+03
	976	514	244.000000	38.500000	1.011537e+03
	948	515	237.000000	38.750000	1.014364e+03
	966	516	241.500000	39.000000	1.011564e+03
	996	516	249.000000	39.000000	1.009977e+03
	661	518	165.250000	39.500000	1.016942e+03
	839	518	209.750000	39.500000	1.027734e+03
	952	518	238.000000	39.500000	1.013939e+03
	985	518	246.250000	39.500000	1.011559e+03
	969	520	242.250000	40.000000	1.010804e+03
	999	521	249.750000	40.250000	1.007419e+03
	968	523	242.000000	40.750000	1.010939e+03
	972	523	243.000000	40.750000	1.010159e+03
	955	524	238.750000	41.000000	1.014767e+03
	947	525	236.750000	41.250000	1.015719e+03
	985	525	246.250000	41.250000	1.008767e+03
	950	530	237.500000	42.500000	1.018244e+03
	1000	530	250.000000	42.500000	1.004067e+03
	954	534	238.500000	43.500000	1.018512e+03
	989	535	247.250000	43.750000	1.004439e+03
	948	536	237.000000	44.000000	1.018947e+03
	957	537	239.250000	44.250000	1.018249e+03
	960	537	240.000000	44.250000	1.018824e+03
	868	539	217.000000	44.750000	1.030647e+03
	963	539	240.750000	44.750000	1.018117e+03
	956	540	239.000000	45.000000	1.018004e+03
	953	543	238.250000	45.750000	1.018272e+03
	791	544	197.750000	46.000000	1.011347e+03
	965	544	241.250000	46.000000	1.017024e+03
	971	544	242.750000	46.000000	1.016684e+03
	979	544	244.750000	46.000000	1.015237e+03
	944	548	236.000000	47.000000	1.019544e+03
	791	552	197.750000	48.000000	1.012112e+03
	951	552	237.750000	48.000000	1.019487e+03
	942	554	235.500000	48.500000	1.020679e+03
	967	556	241.750000	49.000000	1.020647e+03
	797	557	199.250000	49.250000	1.012044e+03
	933	558	233.250000	49.500000	1.020352e+03
	944	558	236.000000	49.500000	1.021229e+03
	987	558	246.750000	49.500000	1.030684e+03
	933	563	233.250000	50.750000	1.021929e+03
	975	563	243.750000	50.750000	1.027617e+03
	930	564	232.500000	51.000000	1.021859e+03
	930	565	232.500000	51.250000	1.021859e+03
	970	566	242.500000	51.500000	1.029322e+03
	918	575	229.500000	53.750000	1.024417e+03
	916	577	229.000000	54.250000	1.024409e+03
	964	581	241.000000	55.250000	1.036192e+03
	900	583	225.000000	55.750000	1.024672e+03
	806	585	201.500000	56.250000	1.005599e+03
	938	588	234.500000	57.000000	1.030892e+03
	946	589	236.500000	57.250000	1.031017e+03
	812	590	203.000000	57.500000	1.003817e+03
	908	590	227.000000	57.500000	1.025414e+03
	992	590	248.000000	57.500000	1.030412e+03
	826	592	206.500000	58.000000	1.007244e+03
	908	592	227.000000	58.000000	1.025529e+03
	944	592	236.000000	58.000000	1.031297e+03
	813	593	203.250000	58.250000	1.003889e+03
	888	595	222.000000	58.750000	1.023467e+03
	777	596	194.250000	59.000000	1.001159e+03
	940	596	235.000000	59.000000	1.031122e+03
	984	596	246.000000	59.000000	1.030899e+03
	892	597	223.000000	59.250000	1.024092e+03
	902	597	225.500000	59.250000	1.024692e+03
	927	598	231.750000	59.500000	1.030307e+03
	900	599	225.000000	59.750000	1.024744e+03
	922	599	230.500000	59.750000	1.029812e+03
	693	600	173.250000	60.000000	1.016677e+03
	836	600	209.000000	60.000000	1.012964e+03
	892	600	223.000000	60.000000	1.023832e+03
	958	600	239.500000	60.000000	1.033467e+03
	973	600	243.250000	60.000000	1.032984e+03
