2015	6	27	230	18
	973	430	243.250000	17.500000	1.014829e+03
	814	438	203.500000	19.500000	1.016389e+03
	815	440	203.750000	20.000000	1.016329e+03
	820	441	205.000000	20.250000	1.017431e+03
	817	442	204.250000	20.500000	1.017206e+03
	992	442	248.000000	20.500000	1.013919e+03
	821	443	205.250000	20.750000	1.017551e+03
	817	444	204.250000	21.000000	1.017474e+03
	994	462	248.500000	25.500000	1.012349e+03
	996	464	249.000000	26.000000	1.011776e+03
	990	465	247.500000	26.250000	1.012436e+03
	993	467	248.250000	26.750000	1.011694e+03
	988	468	247.000000	27.000000	1.012296e+03
	1000	469	250.000000	27.250000	1.011166e+03
	990	472	247.500000	28.000000	1.012061e+03
	997	472	249.250000	28.000000	1.011556e+03
	989	474	247.250000	28.500000	1.012281e+03
	994	475	248.500000	28.750000	1.011596e+03
	974	477	243.500000	29.250000	1.013701e+03
	997	477	249.250000	29.250000	1.012116e+03
	980	478	245.000000	29.500000	1.013369e+03
	990	478	247.500000	29.500000	1.011954e+03
	985	479	246.250000	29.750000	1.011794e+03
	802	481	200.500000	30.250000	1.020246e+03
	813	481	203.250000	30.250000	1.020109e+03
	987	481	246.750000	30.250000	1.011829e+03
	799	482	199.750000	30.500000	1.020271e+03
	809	482	202.250000	30.500000	1.020151e+03
	813	482	203.250000	30.500000	1.020109e+03
	843	482	210.750000	30.500000	1.020909e+03
	983	482	245.750000	30.500000	1.011874e+03
	823	483	205.750000	30.750000	1.020219e+03
	846	483	211.500000	30.750000	1.020934e+03
	988	483	247.000000	30.750000	1.011634e+03
	818	484	204.500000	31.000000	1.020099e+03
	849	484	212.250000	31.000000	1.020946e+03
	981	484	245.250000	31.000000	1.012036e+03
	838	485	209.500000	31.250000	1.020839e+03
	976	485	244.000000	31.250000	1.014616e+03
	843	487	210.750000	31.750000	1.020779e+03
	991	487	247.750000	31.750000	1.013306e+03
	974	488	243.500000	32.000000	1.015011e+03
	979	489	244.750000	32.250000	1.011571e+03
	971	492	242.750000	33.000000	1.015611e+03
	977	492	244.250000	33.000000	1.010721e+03
	988	492	247.000000	33.000000	1.012591e+03
	993	492	248.250000	33.000000	1.012426e+03
	830	494	207.500000	33.500000	1.021016e+03
	981	494	245.250000	33.500000	1.011844e+03
	970	495	242.500000	33.750000	1.015846e+03
	967	496	241.750000	34.000000	1.015414e+03
	983	496	245.750000	34.000000	1.011951e+03
	978	497	244.500000	34.250000	1.011654e+03
	982	499	245.500000	34.750000	1.012169e+03
	975	500	243.750000	35.000000	1.011081e+03
	990	500	247.500000	35.000000	1.014926e+03
	857	501	214.250000	35.250000	1.018961e+03
	858	501	214.500000	35.250000	1.018961e+03
	964	501	241.000000	35.250000	1.013371e+03
	826	502	206.500000	35.500000	1.020994e+03
	858	502	214.500000	35.500000	1.018961e+03
	995	502	248.750000	35.500000	1.012774e+03
	834	503	208.500000	35.750000	1.020886e+03
	974	503	243.500000	35.750000	1.010526e+03
	980	504	245.000000	36.000000	1.010261e+03
	990	504	247.500000	36.000000	1.014479e+03
	738	505	184.500000	36.250000	1.021551e+03
	864	505	216.000000	36.250000	1.019159e+03
	960	505	240.000000	36.250000	1.013066e+03
	972	506	243.000000	36.500000	1.010004e+03
	835	507	208.750000	36.750000	1.020791e+03
	959	507	239.750000	36.750000	1.013319e+03
	962	507	240.500000	36.750000	1.013384e+03
	976	507	244.000000	36.750000	1.011999e+03
	981	507	245.250000	36.750000	1.010911e+03
	988	507	247.000000	36.750000	1.013214e+03
	1000	507	250.000000	36.750000	1.014144e+03
	984	508	246.000000	37.000000	1.011826e+03
	991	508	247.750000	37.000000	1.013454e+03
	994	508	248.500000	37.000000	1.012756e+03
	935	510	233.750000	37.500000	1.014646e+03
	997	510	249.250000	37.500000	1.013634e+03
	871	511	217.750000	37.750000	1.018901e+03
	980	511	245.000000	37.750000	1.012309e+03
	970	512	242.500000	38.000000	1.013084e+03
	987	512	246.750000	38.000000	1.012714e+03
	977	514	244.250000	38.500000	1.012706e+03
	997	514	249.250000	38.500000	1.014019e+03
	784	515	196.000000	38.750000	1.013009e+03
	874	515	218.500000	38.750000	1.019179e+03
	1000	515	250.000000	38.750000	1.013386e+03
	967	516	241.750000	39.000000	1.012439e+03
	789	518	197.250000	39.500000	1.012509e+03
	978	518	244.500000	39.500000	1.014274e+03
	986	518	246.500000	39.500000	1.013216e+03
	990	518	247.500000	39.500000	1.012039e+03
	948	519	237.000000	39.750000	1.012926e+03
	952	519	238.000000	39.750000	1.011986e+03
	966	519	241.500000	39.750000	1.011446e+03
	969	520	242.250000	40.000000	1.011944e+03
	988	520	247.000000	40.000000	1.012799e+03
	992	520	248.000000	40.000000	1.013154e+03
	957	521	239.250000	40.250000	1.013704e+03
	951	522	237.750000	40.500000	1.011801e+03
	967	522	241.750000	40.500000	1.012054e+03
	988	522	247.000000	40.500000	1.012799e+03
	946	523	236.500000	40.750000	1.012381e+03
	991	523	247.750000	40.750000	1.013111e+03
	965	524	241.250000	41.000000	1.012084e+03
	978	524	244.500000	41.000000	1.013771e+03
	954	525	238.500000	41.250000	1.013184e+03
	969	525	242.250000	41.250000	1.011629e+03
	985	525	246.250000	41.250000	1.013341e+03
	981	526	245.250000	41.500000	1.014419e+03
	1000	526	250.000000	41.500000	1.016191e+03
	946	527	236.500000	41.750000	1.012684e+03
	950	527	237.500000	41.750000	1.012221e+03
	988	527	247.000000	41.750000	1.012931e+03
	953	528	238.250000	42.000000	1.013174e+03
	965	528	241.250000	42.000000	1.013076e+03
	939	529	234.750000	42.250000	1.014644e+03
	948	530	237.000000	42.500000	1.011736e+03
	1000	530	250.000000	42.500000	1.017144e+03
	981	531	245.250000	42.750000	1.012291e+03
	985	531	246.250000	42.750000	1.012651e+03
	969	532	242.250000	43.000000	1.011656e+03
	988	532	247.000000	43.000000	1.013081e+03
	907	533	226.750000	43.250000	1.020764e+03
	957	533	239.250000	43.250000	1.012906e+03
	965	533	241.250000	43.250000	1.011851e+03
	954	534	238.500000	43.500000	1.012631e+03
	948	536	237.000000	44.000000	1.012141e+03
	972	536	243.000000	44.000000	1.011319e+03
	956	537	239.000000	44.250000	1.012134e+03
	883	538	220.750000	44.500000	1.015994e+03
	962	539	240.500000	44.750000	1.012664e+03
	984	539	246.000000	44.750000	1.015594e+03
	956	540	239.000000	45.000000	1.012104e+03
	949	541	237.250000	45.250000	1.012069e+03
	982	542	245.500000	45.500000	1.015404e+03
	992	542	248.000000	45.500000	1.015051e+03
	956	543	239.000000	45.750000	1.011356e+03
	970	543	242.500000	45.750000	1.013041e+03
	974	543	243.500000	45.750000	1.013126e+03
	962	544	240.500000	46.000000	1.010234e+03
	993	544	248.250000	46.000000	1.014061e+03
	966	545	241.500000	46.250000	1.010129e+03
	976	545	244.000000	46.250000	1.012616e+03
	949	546	237.250000	46.500000	1.013301e+03
	952	546	238.000000	46.500000	1.013096e+03
	963	546	240.750000	46.500000	1.010201e+03
	989	546	247.250000	46.500000	1.014384e+03
	984	547	246.000000	46.750000	1.013441e+03
	981	549	245.250000	47.250000	1.013506e+03
	992	549	248.000000	47.250000	1.013209e+03
	944	550	236.000000	47.500000	1.014406e+03
	951	550	237.750000	47.500000	1.014199e+03
	982	550	245.500000	47.500000	1.013506e+03
	971	551	242.750000	47.750000	1.012221e+03
	962	552	240.500000	48.000000	1.012239e+03
	997	552	249.250000	48.000000	1.012806e+03
	952	553	238.000000	48.250000	1.014306e+03
	941	555	235.250000	48.750000	1.015546e+03
	955	555	238.750000	48.750000	1.015106e+03
	950	556	237.500000	49.000000	1.014226e+03
	898	557	224.500000	49.250000	1.019326e+03
	935	557	233.750000	49.250000	1.015911e+03
	979	557	244.750000	49.250000	1.014489e+03
	942	559	235.500000	49.750000	1.015626e+03
	995	559	248.750000	49.750000	1.014059e+03
	949	561	237.250000	50.250000	1.015964e+03
	956	561	239.000000	50.250000	1.014914e+03
	968	561	242.000000	50.250000	1.014486e+03
	963	562	240.750000	50.500000	1.013691e+03
	975	563	243.750000	50.750000	1.015974e+03
	961	565	240.250000	51.250000	1.014519e+03
	970	566	242.500000	51.500000	1.016426e+03
	990	566	247.500000	51.500000	1.015439e+03
	933	567	233.250000	51.750000	1.018561e+03
	957	567	239.250000	51.750000	1.015059e+03
	896	568	224.000000	52.000000	1.017171e+03
	934	569	233.500000	52.250000	1.018674e+03
	939	569	234.750000	52.250000	1.017481e+03
	954	569	238.500000	52.250000	1.015536e+03
	976	570	244.000000	52.500000	1.015769e+03
	987	570	246.750000	52.500000	1.016149e+03
	918	571	229.500000	52.750000	1.020664e+03
	963	571	240.750000	52.750000	1.015204e+03
	991	571	247.750000	52.750000	1.016149e+03
	999	571	249.750000	52.750000	1.015984e+03
	910	572	227.500000	53.000000	1.019829e+03
	969	573	242.250000	53.250000	1.014851e+03
	990	573	247.500000	53.250000	1.016064e+03
	958	574	239.500000	53.500000	1.015136e+03
	985	574	246.250000	53.500000	1.016071e+03
	909	575	227.250000	53.750000	1.019676e+03
	952	576	238.000000	54.000000	1.015519e+03
	966	578	241.500000	54.500000	1.013864e+03
	948	579	237.000000	54.750000	1.015446e+03
	961	579	240.250000	54.750000	1.013994e+03
	983	581	245.750000	55.250000	1.014909e+03
	806	582	201.500000	55.500000	1.008531e+03
	910	582	227.500000	55.500000	1.019761e+03
	945	582	236.250000	55.500000	1.015221e+03
	804	583	201.000000	55.750000	1.008531e+03
	942	585	235.500000	56.250000	1.015449e+03
	962	585	240.500000	56.250000	1.013751e+03
	842	588	210.500000	57.000000	1.006046e+03
	908	588	227.000000	57.000000	1.019766e+03
	940	588	235.000000	57.000000	1.015551e+03
	822	589	205.500000	57.250000	1.007021e+03
	898	590	224.500000	57.500000	1.019219e+03
	899	590	224.750000	57.500000	1.019219e+03
	920	591	230.000000	57.750000	1.017501e+03
	954	591	238.500000	57.750000	1.012451e+03
	958	591	239.500000	57.750000	1.012451e+03
	818	592	204.500000	58.000000	1.007594e+03
	896	592	224.000000	58.000000	1.019171e+03
	902	592	225.500000	58.000000	1.019459e+03
	926	592	231.500000	58.000000	1.017246e+03
	978	593	244.500000	58.250000	1.011041e+03
	897	595	224.250000	58.750000	1.019584e+03
	914	595	228.500000	58.750000	1.017396e+03
	818	596	204.500000	59.000000	1.007534e+03
	887	596	221.750000	59.000000	1.018774e+03
	919	596	229.750000	59.000000	1.017189e+03
	801	597	200.250000	59.250000	1.005319e+03
	800	600	200.000000	60.000000	1.004934e+03
	836	600	209.000000	60.000000	1.009779e+03
	909	600	227.250000	60.000000	1.016066e+03
