2014	10	13	174	18
	980	420	245.000000	15.000000	1.012104e+03
	994	420	248.500000	15.000000	1.012824e+03
	930	422	232.500000	15.500000	1.012976e+03
	956	424	239.000000	16.000000	1.012846e+03
	957	426	239.250000	16.500000	1.012869e+03
	954	427	238.500000	16.750000	1.012849e+03
	975	428	243.750000	17.000000	1.012166e+03
	990	428	247.500000	17.000000	1.012644e+03
	827	430	206.750000	17.500000	1.014024e+03
	717	431	179.250000	17.750000	1.013911e+03
	823	432	205.750000	18.000000	1.013771e+03
	712	434	178.000000	18.500000	1.014094e+03
	710	435	177.500000	18.750000	1.014089e+03
	814	438	203.500000	19.500000	1.014389e+03
	815	440	203.750000	20.000000	1.014479e+03
	817	442	204.250000	20.500000	1.015599e+03
	821	443	205.250000	20.750000	1.015749e+03
	831	443	207.750000	20.750000	1.015854e+03
	817	444	204.250000	21.000000	1.015601e+03
	814	445	203.500000	21.250000	1.015589e+03
	822	450	205.500000	22.500000	1.016706e+03
	999	452	249.750000	23.000000	1.012576e+03
	680	453	170.000000	23.250000	1.014271e+03
	675	454	168.750000	23.500000	1.014324e+03
	677	455	169.250000	23.750000	1.014321e+03
	998	455	249.500000	23.750000	1.012701e+03
	930	456	232.500000	24.000000	1.015954e+03
	936	456	234.000000	24.000000	1.015881e+03
	923	458	230.750000	24.500000	1.015834e+03
	924	458	231.000000	24.500000	1.015834e+03
	939	458	234.750000	24.500000	1.015849e+03
	964	458	241.000000	24.500000	1.015976e+03
	995	458	248.750000	24.500000	1.012861e+03
	961	460	240.250000	25.000000	1.015999e+03
	951	461	237.750000	25.250000	1.015926e+03
	965	462	241.250000	25.500000	1.016024e+03
	941	463	235.250000	25.750000	1.015846e+03
	968	463	242.000000	25.750000	1.016051e+03
	991	464	247.750000	26.000000	1.013349e+03
	672	465	168.000000	26.250000	1.015076e+03
	988	467	247.000000	26.750000	1.013916e+03
	693	468	173.250000	27.000000	1.015106e+03
	1000	469	250.000000	27.250000	1.012126e+03
	665	471	166.250000	27.750000	1.014909e+03
	666	471	166.500000	27.750000	1.014909e+03
	672	472	168.000000	28.000000	1.014694e+03
	990	472	247.500000	28.000000	1.013431e+03
	674	473	168.500000	28.250000	1.014686e+03
	994	474	248.500000	28.500000	1.013084e+03
	983	475	245.750000	28.750000	1.015281e+03
	995	475	248.750000	28.750000	1.013084e+03
	970	476	242.500000	29.000000	1.015969e+03
	968	477	242.000000	29.250000	1.015979e+03
	868	478	217.000000	29.500000	1.020271e+03
	940	478	235.000000	29.500000	1.014919e+03
	966	478	241.500000	29.500000	1.015974e+03
	980	478	245.000000	29.500000	1.015471e+03
	990	478	247.500000	29.500000	1.013749e+03
	966	479	241.500000	29.750000	1.015974e+03
	868	480	217.000000	30.000000	1.020271e+03
	979	480	244.750000	30.000000	1.015454e+03
	984	480	246.000000	30.000000	1.014251e+03
	669	481	167.250000	30.250000	1.014356e+03
	944	481	236.000000	30.250000	1.014989e+03
	841	482	210.250000	30.500000	1.020716e+03
	986	482	246.500000	30.500000	1.014229e+03
	837	483	209.250000	30.750000	1.020709e+03
	973	483	243.250000	30.750000	1.016009e+03
	842	484	210.500000	31.000000	1.020694e+03
	976	485	244.000000	31.250000	1.015696e+03
	970	487	242.500000	31.750000	1.016141e+03
	853	488	213.250000	32.000000	1.020329e+03
	857	488	214.250000	32.000000	1.020321e+03
	996	488	249.000000	32.000000	1.016399e+03
	974	489	243.500000	32.250000	1.015611e+03
	867	490	216.750000	32.500000	1.020074e+03
	982	490	245.500000	32.500000	1.015119e+03
	993	490	248.250000	32.500000	1.015631e+03
	948	491	237.000000	32.750000	1.014551e+03
	987	491	246.750000	32.750000	1.015046e+03
	969	493	242.250000	33.250000	1.016229e+03
	971	495	242.750000	33.750000	1.015546e+03
	1000	495	250.000000	33.750000	1.019064e+03
	962	497	240.500000	34.250000	1.015831e+03
	978	498	244.500000	34.500000	1.017944e+03
	958	500	239.500000	35.000000	1.015061e+03
	976	500	244.000000	35.000000	1.018554e+03
	992	500	248.000000	35.000000	1.019441e+03
	964	501	241.000000	35.250000	1.014974e+03
	957	502	239.250000	35.500000	1.014966e+03
	948	504	237.000000	36.000000	1.014684e+03
	952	504	238.000000	36.000000	1.014616e+03
	963	504	240.750000	36.000000	1.014831e+03
	984	505	246.000000	36.250000	1.020429e+03
	990	506	247.500000	36.500000	1.021686e+03
	953	507	238.250000	36.750000	1.014424e+03
	958	508	239.500000	37.000000	1.014624e+03
	996	508	249.000000	37.000000	1.023679e+03
	967	509	241.750000	37.250000	1.021004e+03
	988	509	247.000000	37.250000	1.022164e+03
	952	510	238.000000	37.500000	1.014294e+03
	955	511	238.750000	37.750000	1.014524e+03
	964	512	241.000000	38.000000	1.020209e+03
	992	512	248.000000	38.000000	1.022829e+03
	948	514	237.000000	38.500000	1.014631e+03
	947	516	236.750000	39.000000	1.014851e+03
	941	517	235.250000	39.250000	1.015604e+03
	969	517	242.250000	39.250000	1.021449e+03
	981	517	245.250000	39.250000	1.023626e+03
	952	518	238.000000	39.500000	1.014996e+03
	996	518	249.000000	39.500000	1.023176e+03
	1000	518	250.000000	39.500000	1.023289e+03
	984	520	246.000000	40.000000	1.023679e+03
	945	521	236.250000	40.250000	1.015161e+03
	950	521	237.500000	40.250000	1.015029e+03
	947	523	236.750000	40.750000	1.015006e+03
	965	523	241.250000	40.750000	1.021749e+03
	978	523	244.500000	40.750000	1.023214e+03
	990	523	247.500000	40.750000	1.024164e+03
	1000	523	250.000000	40.750000	1.022106e+03
	955	524	238.750000	41.000000	1.015806e+03
	689	525	172.250000	41.250000	9.844562e+02
	957	526	239.250000	41.500000	1.015704e+03
	950	527	237.500000	41.750000	1.013971e+03
	995	527	248.750000	41.750000	1.023711e+03
	1000	529	250.000000	42.250000	1.022356e+03
	949	530	237.250000	42.500000	1.013146e+03
	976	531	244.000000	42.750000	1.020429e+03
	999	531	249.750000	42.750000	1.022406e+03
	956	532	239.000000	43.000000	1.013986e+03
	971	533	242.750000	43.250000	1.019216e+03
	955	537	238.750000	44.250000	1.011729e+03
	957	539	239.250000	44.750000	1.011806e+03
	951	541	237.750000	45.250000	1.011496e+03
	963	542	240.750000	45.500000	1.012036e+03
	966	544	241.500000	46.000000	1.011866e+03
	957	545	239.250000	46.250000	1.012366e+03
	987	546	246.750000	46.500000	1.017584e+03
	947	553	236.750000	48.250000	1.005611e+03
	991	553	247.750000	48.250000	1.013344e+03
	963	555	240.750000	48.750000	1.013704e+03
	970	556	242.500000	49.000000	1.015294e+03
	964	561	241.000000	50.250000	1.012131e+03
	975	562	243.750000	50.500000	1.014251e+03
	970	566	242.500000	51.500000	1.013961e+03
	754	567	188.500000	51.750000	1.029526e+03
	944	567	236.000000	51.750000	1.000934e+03
	901	569	225.250000	52.250000	9.803937e+02
	978	569	244.500000	52.250000	1.007356e+03
	938	572	234.500000	53.000000	9.987463e+02
	972	572	243.000000	53.000000	1.006186e+03
	932	575	233.000000	53.750000	9.983362e+02
	948	575	237.000000	53.750000	1.002766e+03
	966	576	241.500000	54.000000	1.005259e+03
	837	577	209.250000	54.250000	9.836113e+02
	962	579	240.500000	54.750000	1.004854e+03
	981	583	245.250000	55.750000	1.007194e+03
	804	584	201.000000	56.000000	1.008094e+03
	951	584	237.750000	56.000000	1.003739e+03
	994	586	248.500000	56.500000	1.008711e+03
	945	587	236.250000	56.750000	1.003341e+03
	951	589	237.750000	57.250000	1.003209e+03
	986	590	246.500000	57.500000	1.007524e+03
	1000	590	250.000000	57.500000	1.009234e+03
	934	592	233.500000	58.000000	1.002616e+03
	940	592	235.000000	58.000000	1.002984e+03
	939	593	234.750000	58.250000	1.002984e+03
	940	593	235.000000	58.250000	1.002984e+03
	888	595	222.000000	58.750000	9.979037e+02
	926	596	231.500000	59.000000	1.001894e+03
	931	596	232.750000	59.000000	1.002521e+03
	920	598	230.000000	59.500000	1.001546e+03
	830	599	207.500000	59.750000	1.001731e+03
	903	599	225.750000	59.750000	1.000469e+03
