2015	1	27	188	9
	986	426	246.500000	16.500000	1.013651e+03
	878	430	219.500000	17.500000	1.010381e+03
	894	430	223.500000	17.500000	1.011064e+03
	927	432	231.750000	18.000000	1.012884e+03
	885	433	221.250000	18.250000	1.010646e+03
	921	433	230.250000	18.250000	1.012944e+03
	924	433	231.000000	18.250000	1.012979e+03
	814	438	203.500000	19.500000	1.013971e+03
	815	440	203.750000	20.000000	1.013946e+03
	900	441	225.000000	20.250000	1.012399e+03
	912	444	228.000000	21.000000	1.012574e+03
	902	446	225.500000	21.500000	1.012459e+03
	928	446	232.000000	21.500000	1.014574e+03
	887	461	221.750000	25.250000	1.013046e+03
	940	462	235.000000	25.500000	1.016184e+03
	996	463	249.000000	25.750000	1.017629e+03
	754	464	188.500000	26.000000	1.018524e+03
	986	464	246.500000	26.000000	1.017674e+03
	756	465	189.000000	26.250000	1.018484e+03
	936	465	234.000000	26.250000	1.016269e+03
	761	467	190.250000	26.750000	1.018426e+03
	927	470	231.750000	27.500000	1.016066e+03
	941	470	235.250000	27.500000	1.016504e+03
	942	470	235.500000	27.500000	1.016504e+03
	985	470	246.250000	27.500000	1.018059e+03
	983	472	245.750000	28.000000	1.018189e+03
	990	472	247.500000	28.000000	1.018449e+03
	827	474	206.750000	28.500000	1.019424e+03
	965	475	241.250000	28.750000	1.018374e+03
	995	475	248.750000	28.750000	1.018451e+03
	968	476	242.000000	29.000000	1.018376e+03
	969	478	242.250000	29.500000	1.018356e+03
	970	478	242.500000	29.500000	1.018356e+03
	842	482	210.500000	30.500000	1.019916e+03
	975	482	243.750000	30.500000	1.018721e+03
	992	482	248.000000	30.500000	1.019631e+03
	993	482	248.250000	30.500000	1.019631e+03
	963	484	240.750000	31.000000	1.018799e+03
	979	484	244.750000	31.000000	1.020116e+03
	987	484	246.750000	31.000000	1.019841e+03
	992	487	248.000000	31.750000	1.020321e+03
	843	488	210.750000	32.000000	1.019769e+03
	956	488	239.000000	32.000000	1.018336e+03
	995	489	248.750000	32.250000	1.020896e+03
	946	491	236.500000	32.750000	1.017496e+03
	966	491	241.500000	32.750000	1.018954e+03
	971	496	242.750000	34.000000	1.020016e+03
	963	497	240.750000	34.250000	1.019549e+03
	928	498	232.000000	34.500000	1.016009e+03
	996	499	249.000000	34.750000	1.023241e+03
	937	500	234.250000	35.000000	1.016534e+03
	963	500	240.750000	35.000000	1.018841e+03
	969	501	242.250000	35.250000	1.021506e+03
	995	501	248.750000	35.250000	1.023466e+03
	977	502	244.250000	35.500000	1.021319e+03
	970	504	242.500000	36.000000	1.021256e+03
	984	505	246.000000	36.250000	1.022594e+03
	976	506	244.000000	36.500000	1.020236e+03
	965	507	241.250000	36.750000	1.019029e+03
	973	507	243.250000	36.750000	1.020749e+03
	996	507	249.000000	36.750000	1.021916e+03
	956	508	239.000000	37.000000	1.016424e+03
	912	510	228.000000	37.500000	1.015764e+03
	995	510	248.750000	37.500000	1.022299e+03
	953	511	238.250000	37.750000	1.015926e+03
	999	511	249.750000	37.750000	1.022009e+03
	915	513	228.750000	38.250000	1.015871e+03
	943	514	235.750000	38.500000	1.016054e+03
	956	514	239.000000	38.500000	1.016019e+03
	997	514	249.250000	38.500000	1.022659e+03
	990	515	247.500000	38.750000	1.019776e+03
	918	516	229.500000	39.000000	1.015996e+03
	955	516	238.750000	39.000000	1.015906e+03
	965	516	241.250000	39.000000	1.015536e+03
	937	517	234.250000	39.250000	1.016321e+03
	949	517	237.250000	39.250000	1.015551e+03
	962	517	240.500000	39.250000	1.015659e+03
	1000	517	250.000000	39.250000	1.022349e+03
	987	518	246.750000	39.500000	1.019814e+03
	921	519	230.250000	39.750000	1.016101e+03
	938	519	234.500000	39.750000	1.016326e+03
	948	519	237.000000	39.750000	1.015399e+03
	959	519	239.750000	39.750000	1.016296e+03
	991	519	247.750000	39.750000	1.019704e+03
	969	520	242.250000	40.000000	1.015039e+03
	947	521	236.750000	40.250000	1.015269e+03
	989	521	247.250000	40.250000	1.019526e+03
	994	523	248.500000	40.750000	1.019134e+03
	956	524	239.000000	41.000000	1.016104e+03
	948	526	237.000000	41.500000	1.015299e+03
	958	526	239.500000	41.500000	1.015891e+03
	993	526	248.250000	41.500000	1.019226e+03
	952	527	238.000000	41.750000	1.015489e+03
	970	528	242.500000	42.000000	1.014856e+03
	963	529	240.750000	42.250000	1.014929e+03
	976	529	244.000000	42.250000	1.015399e+03
	984	529	246.000000	42.250000	1.017166e+03
	959	530	239.750000	42.500000	1.015036e+03
	962	530	240.500000	42.500000	1.014929e+03
	950	531	237.500000	42.750000	1.014881e+03
	972	531	243.000000	42.750000	1.015771e+03
	990	531	247.500000	42.750000	1.019014e+03
	893	532	223.250000	43.000000	1.018486e+03
	952	533	238.000000	43.250000	1.014799e+03
	927	534	231.750000	43.500000	1.015189e+03
	994	534	248.500000	43.500000	1.018334e+03
	978	535	244.500000	43.750000	1.016194e+03
	929	536	232.250000	44.000000	1.015214e+03
	954	536	238.500000	44.000000	1.014314e+03
	963	537	240.750000	44.250000	1.015214e+03
	999	537	249.750000	44.250000	1.018721e+03
	930	538	232.500000	44.500000	1.015211e+03
	954	538	238.500000	44.500000	1.014366e+03
	996	538	249.000000	44.500000	1.018791e+03
	957	539	239.250000	44.750000	1.014079e+03
	981	539	245.250000	44.750000	1.015296e+03
	992	540	248.000000	45.000000	1.017179e+03
	961	541	240.250000	45.250000	1.014291e+03
	980	541	245.000000	45.250000	1.015426e+03
	965	542	241.250000	45.500000	1.014314e+03
	995	542	248.750000	45.500000	1.015204e+03
	972	543	243.000000	45.750000	1.015061e+03
	978	544	244.500000	46.000000	1.014486e+03
	956	545	239.000000	46.250000	1.013964e+03
	969	545	242.250000	46.250000	1.014036e+03
	987	545	246.750000	46.250000	1.014316e+03
	990	545	247.500000	46.250000	1.014071e+03
	955	547	238.750000	46.750000	1.013856e+03
	981	547	245.250000	46.750000	1.014391e+03
	956	549	239.000000	47.250000	1.014084e+03
	973	549	243.250000	47.250000	1.014546e+03
	980	549	245.000000	47.250000	1.014489e+03
	999	551	249.750000	47.750000	1.009481e+03
	948	552	237.000000	48.000000	1.014029e+03
	976	552	244.000000	48.000000	1.014421e+03
	980	552	245.000000	48.000000	1.014029e+03
	768	553	192.000000	48.250000	9.862913e+02
	990	553	247.500000	48.250000	1.009189e+03
	965	554	241.250000	48.500000	1.015594e+03
	945	556	236.250000	49.000000	1.014166e+03
	952	556	238.000000	49.000000	1.014131e+03
	972	556	243.000000	49.000000	1.015106e+03
	977	556	244.250000	49.000000	1.015201e+03
	997	556	249.250000	49.000000	1.008311e+03
	822	557	205.500000	49.250000	9.817238e+02
	959	557	239.750000	49.250000	1.012379e+03
	986	557	246.500000	49.250000	1.007786e+03
	991	560	247.750000	50.000000	1.007074e+03
	983	561	245.750000	50.250000	1.006276e+03
	954	562	238.500000	50.500000	1.011101e+03
	960	562	240.000000	50.500000	1.011661e+03
	975	562	243.750000	50.500000	1.012251e+03
	988	562	247.000000	50.500000	1.005994e+03
	933	563	233.250000	50.750000	1.010419e+03
	982	563	245.500000	50.750000	1.005914e+03
	997	565	249.250000	51.250000	1.008751e+03
	970	566	242.500000	51.500000	1.012606e+03
	983	566	245.750000	51.500000	1.005476e+03
	991	566	247.750000	51.500000	1.008271e+03
	947	567	236.750000	51.750000	1.006901e+03
	943	568	235.750000	52.000000	1.007044e+03
	978	568	244.500000	52.000000	1.005124e+03
	987	569	246.750000	52.250000	1.008909e+03
	976	570	244.000000	52.500000	1.005829e+03
	946	572	236.500000	53.000000	1.006649e+03
	972	572	243.000000	53.000000	1.004826e+03
	934	574	233.500000	53.500000	1.004904e+03
	941	574	235.250000	53.500000	1.004799e+03
	956	574	239.000000	53.500000	1.005924e+03
	986	574	246.500000	53.500000	1.009081e+03
	920	575	230.000000	53.750000	1.001949e+03
	944	575	236.000000	53.750000	1.005571e+03
	967	575	241.750000	53.750000	1.006039e+03
	957	576	239.250000	54.000000	1.005999e+03
	960	577	240.000000	54.250000	1.005794e+03
	944	579	236.000000	54.750000	1.007121e+03
	911	586	227.750000	56.500000	1.004836e+03
	940	592	235.000000	58.000000	1.010239e+03
	900	593	225.000000	58.250000	1.008314e+03
	858	594	214.500000	58.500000	1.011631e+03
	866	594	216.500000	58.500000	1.011524e+03
	872	595	218.000000	58.750000	1.011604e+03
	890	595	222.500000	58.750000	1.008866e+03
	935	595	233.750000	58.750000	1.012084e+03
	976	595	244.000000	58.750000	1.020889e+03
	876	597	219.000000	59.250000	1.011391e+03
	874	599	218.500000	59.750000	1.011411e+03
	879	599	219.750000	59.750000	1.011396e+03
