2014	10	30	181	0
	687	420	171.750000	15.000000	1.009692e+03
	964	420	241.000000	15.000000	1.011032e+03
	982	420	245.500000	15.000000	1.011099e+03
	685	430	171.250000	17.500000	1.009879e+03
	812	436	203.000000	19.000000	1.015224e+03
	687	437	171.750000	19.250000	1.009927e+03
	814	438	203.500000	19.500000	1.015204e+03
	815	440	203.750000	20.000000	1.015022e+03
	689	441	172.250000	20.250000	1.009957e+03
	820	441	205.000000	20.250000	1.016457e+03
	817	442	204.250000	20.500000	1.016299e+03
	821	443	205.250000	20.750000	1.016649e+03
	697	445	174.250000	21.250000	1.010187e+03
	694	448	173.500000	22.000000	1.010199e+03
	696	452	174.000000	23.000000	1.010237e+03
	999	452	249.750000	23.000000	1.012154e+03
	997	455	249.250000	23.750000	1.012064e+03
	999	458	249.750000	24.500000	1.011729e+03
	991	464	247.750000	26.000000	1.012577e+03
	996	464	249.000000	26.000000	1.011702e+03
	732	467	183.000000	26.750000	1.016989e+03
	874	469	218.500000	27.250000	1.018569e+03
	987	469	246.750000	27.250000	1.011982e+03
	875	471	218.750000	27.750000	1.018579e+03
	938	471	234.500000	27.750000	1.017044e+03
	894	472	223.500000	28.000000	1.018764e+03
	863	473	215.750000	28.250000	1.018999e+03
	725	474	181.250000	28.500000	1.018254e+03
	865	474	216.250000	28.500000	1.018944e+03
	999	474	249.750000	28.500000	1.010612e+03
	902	475	225.500000	28.750000	1.018804e+03
	983	475	245.750000	28.750000	1.013242e+03
	868	476	217.000000	29.000000	1.018867e+03
	995	476	248.750000	29.000000	1.010742e+03
	870	477	217.500000	29.250000	1.018802e+03
	980	477	245.000000	29.250000	1.013372e+03
	973	482	243.250000	30.500000	1.014069e+03
	976	482	244.000000	30.500000	1.013904e+03
	992	482	248.000000	30.500000	1.011539e+03
	975	484	243.750000	31.000000	1.013852e+03
	987	485	246.750000	31.250000	1.011419e+03
	995	489	248.750000	32.250000	1.012807e+03
	973	490	243.250000	32.500000	1.014347e+03
	960	491	240.000000	32.750000	1.014454e+03
	954	492	238.500000	33.000000	1.014269e+03
	988	492	247.000000	33.000000	1.012254e+03
	953	493	238.250000	33.250000	1.014269e+03
	993	493	248.250000	33.250000	1.012502e+03
	971	495	242.750000	33.750000	1.013279e+03
	967	496	241.750000	34.000000	1.013687e+03
	983	496	245.750000	34.000000	1.013284e+03
	962	497	240.500000	34.250000	1.014709e+03
	969	500	242.250000	35.000000	1.014977e+03
	1000	500	250.000000	35.000000	1.017639e+03
	964	501	241.000000	35.250000	1.014399e+03
	976	501	244.000000	35.250000	1.014712e+03
	957	502	239.250000	35.500000	1.014407e+03
	996	502	249.000000	35.500000	1.017707e+03
	971	503	242.750000	35.750000	1.015222e+03
	975	503	243.750000	35.750000	1.014829e+03
	956	504	239.000000	36.000000	1.014522e+03
	963	504	240.750000	36.000000	1.014107e+03
	990	504	247.500000	36.000000	1.016177e+03
	960	505	240.000000	36.250000	1.014329e+03
	982	505	245.500000	36.250000	1.014269e+03
	972	506	243.000000	36.500000	1.015012e+03
	988	506	247.000000	36.500000	1.015867e+03
	976	507	244.000000	36.750000	1.015507e+03
	953	508	238.250000	37.000000	1.014914e+03
	958	508	239.500000	37.000000	1.014874e+03
	994	508	248.500000	37.000000	1.017907e+03
	1000	508	250.000000	37.000000	1.018837e+03
	967	509	241.750000	37.250000	1.016822e+03
	972	509	243.000000	37.250000	1.016209e+03
	952	510	238.000000	37.500000	1.014899e+03
	985	511	246.250000	37.750000	1.016789e+03
	953	512	238.250000	38.000000	1.015069e+03
	964	512	241.000000	38.000000	1.015899e+03
	968	512	242.000000	38.000000	1.016857e+03
	991	512	247.750000	38.000000	1.018032e+03
	907	513	226.750000	38.250000	1.013012e+03
	997	513	249.250000	38.250000	1.018689e+03
	977	514	244.250000	38.500000	1.017694e+03
	767	515	191.750000	38.750000	1.037422e+03
	967	515	241.750000	38.750000	1.016102e+03
	961	516	240.250000	39.000000	1.016777e+03
	952	517	238.000000	39.250000	1.014999e+03
	972	517	243.000000	39.250000	1.017022e+03
	990	517	247.500000	39.250000	1.018917e+03
	985	518	246.250000	39.500000	1.018554e+03
	997	518	249.250000	39.500000	1.019162e+03
	959	519	239.750000	39.750000	1.016437e+03
	982	520	245.500000	40.000000	1.018509e+03
	987	520	246.750000	40.000000	1.018772e+03
	992	520	248.000000	40.000000	1.019274e+03
	1000	520	250.000000	40.000000	1.017554e+03
	674	523	168.500000	40.750000	1.010499e+03
	977	523	244.250000	40.750000	1.019057e+03
	956	524	239.000000	41.000000	1.016997e+03
	995	525	248.750000	41.250000	1.021237e+03
	949	526	237.250000	41.500000	1.017254e+03
	982	526	245.500000	41.500000	1.018827e+03
	954	527	238.500000	41.750000	1.017559e+03
	973	528	243.250000	42.000000	1.018904e+03
	985	528	246.250000	42.000000	1.020189e+03
	948	530	237.000000	42.500000	1.017219e+03
	967	530	241.750000	42.500000	1.018579e+03
	963	531	240.750000	42.750000	1.018062e+03
	981	531	245.250000	42.750000	1.019912e+03
	986	531	246.500000	42.750000	1.019804e+03
	957	532	239.250000	43.000000	1.017292e+03
	977	532	244.250000	43.000000	1.020082e+03
	946	533	236.500000	43.250000	1.017499e+03
	680	534	170.000000	43.500000	1.010634e+03
	973	535	243.250000	43.750000	1.020134e+03
	989	535	247.250000	43.750000	1.018582e+03
	955	536	238.750000	44.000000	1.017299e+03
	958	539	239.500000	44.750000	1.018314e+03
	984	539	246.000000	44.750000	1.020794e+03
	983	541	245.750000	45.250000	1.021054e+03
	991	541	247.750000	45.250000	1.019989e+03
	959	542	239.750000	45.500000	1.018754e+03
	993	543	248.250000	45.750000	1.018887e+03
	972	544	243.000000	46.000000	1.019949e+03
	958	545	239.500000	46.250000	1.018959e+03
	989	545	247.250000	46.250000	1.020822e+03
	948	546	237.000000	46.500000	1.018014e+03
	986	547	246.500000	46.750000	1.021259e+03
	883	550	220.750000	47.500000	1.003424e+03
	882	552	220.500000	48.000000	1.003444e+03
	949	552	237.250000	48.000000	1.018417e+03
	904	553	226.000000	48.250000	1.002962e+03
	896	554	224.000000	48.500000	1.003762e+03
	982	554	245.500000	48.500000	1.021377e+03
	963	555	240.750000	48.750000	1.020669e+03
	977	558	244.250000	49.500000	1.019717e+03
	849	560	212.250000	50.000000	9.986719e+02
	990	560	247.500000	50.000000	1.014709e+03
	936	561	234.000000	50.250000	1.015522e+03
	976	561	244.000000	50.250000	1.019674e+03
	985	563	246.250000	50.750000	1.014337e+03
	972	565	243.000000	51.250000	1.020972e+03
	982	565	245.500000	51.250000	1.014599e+03
	947	567	236.750000	51.750000	1.012847e+03
	944	568	236.000000	52.000000	1.012384e+03
	978	568	244.500000	52.000000	1.014929e+03
	934	569	233.500000	52.250000	1.015094e+03
	660	570	165.000000	52.500000	9.965193e+02
	976	570	244.000000	52.500000	1.015387e+03
	941	572	235.250000	53.000000	1.012272e+03
	843	575	210.750000	53.750000	9.981869e+02
	967	575	241.750000	53.750000	1.015007e+03
	885	576	221.250000	54.000000	1.002304e+03
	897	576	224.250000	54.000000	1.001364e+03
	928	576	232.000000	54.000000	1.014497e+03
	934	578	233.500000	54.500000	1.013542e+03
	930	581	232.500000	55.250000	1.013694e+03
	956	581	239.000000	55.250000	1.015249e+03
	935	582	233.750000	55.500000	1.014024e+03
	925	583	231.250000	55.750000	1.013599e+03
	929	585	232.250000	56.250000	1.013919e+03
	949	585	237.250000	56.250000	1.015019e+03
	926	587	231.500000	56.750000	1.013689e+03
	948	589	237.000000	57.250000	1.013974e+03
	930	590	232.500000	57.500000	1.013444e+03
	728	591	182.000000	57.750000	1.004027e+03
	916	591	229.000000	57.750000	1.011367e+03
	724	592	181.000000	58.000000	1.003947e+03
	720	593	180.000000	58.250000	1.003982e+03
	911	594	227.750000	58.500000	1.010979e+03
	940	594	235.000000	58.500000	1.014727e+03
	707	595	176.750000	58.750000	1.004242e+03
	711	595	177.750000	58.750000	1.004162e+03
	888	595	222.000000	58.750000	1.006269e+03
	930	595	232.500000	58.750000	1.012897e+03
	863	596	215.750000	59.000000	1.000017e+03
	923	596	230.750000	59.000000	1.012822e+03
	913	598	228.250000	59.500000	1.011504e+03
	975	598	243.750000	59.500000	1.021584e+03
	948	600	237.000000	60.000000	1.017777e+03
	949	600	237.250000	60.000000	1.017777e+03
