2015	9	14	195	12
	683	420	170.750000	15.000000	1.006994e+03
	702	420	175.500000	15.000000	1.006947e+03
	733	421	183.250000	15.250000	1.008214e+03
	671	423	167.750000	15.750000	1.007029e+03
	672	423	168.000000	15.750000	1.007029e+03
	706	423	176.500000	15.750000	1.006974e+03
	754	423	188.500000	15.750000	1.009312e+03
	669	424	167.250000	16.000000	1.007034e+03
	684	424	171.000000	16.000000	1.007009e+03
	697	424	174.250000	16.000000	1.006797e+03
	768	424	192.000000	16.000000	1.009592e+03
	769	424	192.250000	16.000000	1.009592e+03
	707	425	176.750000	16.250000	1.006979e+03
	963	425	240.750000	16.250000	1.008019e+03
	730	426	182.500000	16.500000	1.008077e+03
	961	426	240.250000	16.500000	1.008012e+03
	690	428	172.500000	17.000000	1.006979e+03
	691	428	172.750000	17.000000	1.006979e+03
	674	429	168.500000	17.250000	1.007359e+03
	704	429	176.000000	17.250000	1.006882e+03
	713	429	178.250000	17.250000	1.006934e+03
	697	430	174.250000	17.500000	1.007077e+03
	704	430	176.000000	17.500000	1.006882e+03
	715	430	178.750000	17.500000	1.006927e+03
	706	432	176.500000	18.000000	1.006907e+03
	703	434	175.750000	18.500000	1.006892e+03
	703	435	175.750000	18.750000	1.006892e+03
	709	435	177.250000	18.750000	1.006829e+03
	816	435	204.000000	18.750000	1.012107e+03
	706	436	176.500000	19.000000	1.006869e+03
	707	436	176.750000	19.000000	1.006869e+03
	711	436	177.750000	19.000000	1.006834e+03
	807	436	201.750000	19.000000	1.012724e+03
	721	438	180.250000	19.500000	1.007302e+03
	999	438	249.750000	19.500000	1.008674e+03
	726	439	181.500000	19.750000	1.007534e+03
	812	439	203.000000	19.750000	1.012872e+03
	815	440	203.750000	20.000000	1.012394e+03
	820	441	205.000000	20.250000	1.013529e+03
	723	442	180.750000	20.500000	1.007512e+03
	726	442	181.500000	20.500000	1.007477e+03
	817	442	204.250000	20.500000	1.013507e+03
	995	442	248.750000	20.500000	1.008854e+03
	733	443	183.250000	20.750000	1.007782e+03
	821	443	205.250000	20.750000	1.013694e+03
	999	445	249.750000	21.250000	1.008654e+03
	711	446	177.750000	21.500000	1.007412e+03
	996	449	249.000000	22.250000	1.008627e+03
	719	452	179.750000	23.000000	1.007754e+03
	739	452	184.750000	23.000000	1.008192e+03
	999	452	249.750000	23.000000	1.008262e+03
	939	453	234.750000	23.250000	1.009334e+03
	940	453	235.000000	23.250000	1.009334e+03
	996	455	249.000000	23.750000	1.007774e+03
	727	456	181.750000	24.000000	1.008087e+03
	944	456	236.000000	24.000000	1.009319e+03
	706	458	176.500000	24.500000	1.008142e+03
	999	458	249.750000	24.500000	1.007882e+03
	992	462	248.000000	25.500000	1.008312e+03
	996	464	249.000000	26.000000	1.007854e+03
	990	465	247.500000	26.250000	1.008187e+03
	704	467	176.000000	26.750000	1.008252e+03
	983	467	245.750000	26.750000	1.009129e+03
	984	467	246.000000	26.750000	1.009129e+03
	716	468	179.000000	27.000000	1.008399e+03
	717	468	179.250000	27.000000	1.008399e+03
	994	468	248.500000	27.000000	1.007754e+03
	985	471	246.250000	27.750000	1.009297e+03
	980	472	245.000000	28.000000	1.009294e+03
	983	472	245.750000	28.000000	1.009264e+03
	951	474	237.750000	28.500000	1.007144e+03
	977	474	244.250000	28.500000	1.009372e+03
	988	475	247.000000	28.750000	1.006774e+03
	980	476	245.000000	29.000000	1.009387e+03
	989	478	247.250000	29.500000	1.006639e+03
	982	485	245.500000	31.250000	1.004094e+03
	979	489	244.750000	32.250000	1.004344e+03
	988	492	247.000000	33.000000	1.006852e+03
	977	493	244.250000	33.250000	1.004389e+03
	998	493	249.500000	33.250000	1.010942e+03
	960	497	240.000000	34.250000	1.007462e+03
	978	497	244.500000	34.250000	1.004747e+03
	954	498	238.500000	34.500000	1.007677e+03
	955	499	238.750000	34.750000	1.007677e+03
	981	499	245.250000	34.750000	1.005984e+03
	997	499	249.250000	34.750000	1.011959e+03
	975	500	243.750000	35.000000	1.005754e+03
	963	502	240.750000	35.500000	1.004382e+03
	996	502	249.000000	35.500000	1.011522e+03
	971	503	242.750000	35.750000	1.005324e+03
	974	503	243.500000	35.750000	1.004979e+03
	981	504	245.250000	36.000000	1.006077e+03
	990	504	247.500000	36.000000	1.013169e+03
	960	506	240.000000	36.500000	1.004182e+03
	972	506	243.000000	36.500000	1.003909e+03
	989	507	247.250000	36.750000	1.011692e+03
	944	508	236.000000	37.000000	1.005912e+03
	995	508	248.750000	37.000000	1.010874e+03
	1000	508	250.000000	37.000000	1.011002e+03
	968	509	242.000000	37.250000	1.006869e+03
	712	510	178.000000	37.500000	9.888719e+02
	958	510	239.500000	37.500000	1.004622e+03
	997	510	249.250000	37.500000	1.009839e+03
	955	511	238.750000	37.750000	1.004597e+03
	946	512	236.500000	38.000000	1.005027e+03
	969	512	242.250000	38.000000	1.007579e+03
	945	514	236.250000	38.500000	1.004912e+03
	977	514	244.250000	38.500000	1.009439e+03
	982	514	245.500000	38.500000	1.009959e+03
	1000	515	250.000000	38.750000	1.006217e+03
	952	518	238.000000	39.500000	1.002234e+03
	966	519	241.500000	39.750000	1.003752e+03
	946	523	236.500000	40.750000	1.003767e+03
	965	524	241.250000	41.000000	1.003437e+03
	971	524	242.750000	41.000000	1.003362e+03
	954	525	238.500000	41.250000	1.005257e+03
	968	525	242.000000	41.250000	1.003339e+03
	978	525	244.500000	41.250000	1.005372e+03
	985	525	246.250000	41.250000	1.002474e+03
	949	526	237.250000	41.500000	1.004397e+03
	973	526	243.250000	41.500000	1.003532e+03
	944	527	236.000000	41.750000	1.004249e+03
	953	527	238.250000	41.750000	1.004922e+03
	966	529	241.500000	42.250000	1.005679e+03
	1000	529	250.000000	42.250000	1.006767e+03
	959	530	239.750000	42.500000	1.005374e+03
	971	531	242.750000	42.750000	1.004924e+03
	981	531	245.250000	42.750000	1.002739e+03
	985	531	246.250000	42.750000	1.002864e+03
	813	532	203.250000	43.000000	1.030799e+03
	964	532	241.000000	43.000000	1.006242e+03
	989	535	247.250000	43.750000	1.003177e+03
	956	536	239.000000	44.000000	1.006592e+03
	972	536	243.000000	44.000000	1.003997e+03
	999	538	249.750000	44.500000	1.006847e+03
	960	539	240.000000	44.750000	1.006909e+03
	977	540	244.250000	45.000000	1.005372e+03
	981	540	245.250000	45.000000	1.004537e+03
	984	540	246.000000	45.000000	1.004134e+03
	991	541	247.750000	45.250000	1.003052e+03
	783	542	195.750000	45.500000	1.028809e+03
	994	543	248.500000	45.750000	1.002072e+03
	975	544	243.750000	46.000000	1.005302e+03
	972	545	243.000000	46.250000	1.005739e+03
	989	545	247.250000	46.250000	1.003924e+03
	984	547	246.000000	46.750000	1.004122e+03
	1000	549	250.000000	47.250000	1.001814e+03
	948	551	237.000000	47.750000	1.010034e+03
	993	551	248.250000	47.750000	1.002169e+03
	983	553	245.750000	48.250000	1.002979e+03
	987	554	246.750000	48.500000	1.002999e+03
	940	555	235.000000	48.750000	1.009499e+03
	984	555	246.000000	48.750000	1.003212e+03
	695	556	173.750000	49.000000	1.023367e+03
	974	556	243.500000	49.000000	1.002979e+03
	941	557	235.250000	49.250000	1.009704e+03
	979	557	244.750000	49.250000	1.002562e+03
	945	558	236.250000	49.500000	1.009487e+03
	711	559	177.750000	49.750000	1.023639e+03
	943	562	235.750000	50.500000	1.009879e+03
	933	564	233.250000	51.000000	1.011474e+03
	940	564	235.000000	51.000000	1.009679e+03
	963	564	240.750000	51.000000	1.008254e+03
	972	566	243.000000	51.500000	1.008534e+03
	953	569	238.250000	52.250000	1.011127e+03
	922	572	230.500000	53.000000	1.013037e+03
	936	573	234.000000	53.250000	1.012692e+03
	967	573	241.750000	53.250000	1.012099e+03
	948	578	237.000000	54.500000	1.011459e+03
	917	579	229.250000	54.750000	1.013557e+03
	928	581	232.000000	55.250000	1.014119e+03
	979	582	244.750000	55.500000	1.010114e+03
	944	584	236.000000	56.000000	1.012227e+03
	924	586	231.000000	56.500000	1.013652e+03
	940	587	235.000000	56.750000	1.012679e+03
	902	588	225.500000	57.000000	1.013804e+03
	960	589	240.000000	57.250000	1.012837e+03
	936	590	234.000000	57.500000	1.013127e+03
	926	591	231.500000	57.750000	1.013792e+03
	898	592	224.500000	58.000000	1.013117e+03
	888	593	222.000000	58.250000	1.012654e+03
	976	593	244.000000	58.250000	1.011707e+03
	894	594	223.500000	58.500000	1.012472e+03
	943	594	235.750000	58.500000	1.012742e+03
	886	595	221.500000	58.750000	1.012287e+03
	957	595	239.250000	58.750000	1.012549e+03
	892	596	223.000000	59.000000	1.012834e+03
	962	596	240.500000	59.000000	1.012564e+03
	948	597	237.000000	59.250000	1.012144e+03
	828	599	207.000000	59.750000	1.003669e+03
	841	599	210.250000	59.750000	1.005379e+03
	964	599	241.000000	59.750000	1.012554e+03
	923	600	230.750000	60.000000	1.010657e+03
	947	600	236.750000	60.000000	1.012137e+03
	948	600	237.000000	60.000000	1.012137e+03
