2015	5	4	148	15
	814	438	203.500000	19.500000	1.014423e+03
	812	439	203.000000	19.750000	1.014526e+03
	994	439	248.500000	19.750000	1.014346e+03
	815	440	203.750000	20.000000	1.014313e+03
	821	440	205.250000	20.000000	1.015848e+03
	997	455	249.250000	23.750000	1.014381e+03
	933	457	233.250000	24.250000	1.017388e+03
	935	458	233.750000	24.500000	1.017391e+03
	936	458	234.000000	24.500000	1.017391e+03
	939	460	234.750000	25.000000	1.017421e+03
	943	461	235.750000	25.250000	1.017373e+03
	676	462	169.000000	25.500000	1.015693e+03
	672	465	168.000000	26.250000	1.015751e+03
	720	465	180.000000	26.250000	1.015753e+03
	725	465	181.250000	26.250000	1.015783e+03
	679	466	169.750000	26.500000	1.015853e+03
	732	467	183.000000	26.750000	1.015808e+03
	661	470	165.250000	27.500000	1.015268e+03
	728	470	182.000000	27.500000	1.015771e+03
	999	470	249.750000	27.500000	1.011918e+03
	663	471	165.750000	27.750000	1.015286e+03
	740	472	185.000000	28.000000	1.015808e+03
	985	472	246.250000	28.000000	1.013601e+03
	997	472	249.250000	28.000000	1.011788e+03
	733	473	183.250000	28.250000	1.015718e+03
	737	475	184.250000	28.750000	1.015733e+03
	988	475	247.000000	28.750000	1.011508e+03
	993	477	248.250000	29.250000	1.011451e+03
	743	478	185.750000	29.500000	1.015591e+03
	746	480	186.500000	30.000000	1.015541e+03
	750	482	187.500000	30.500000	1.015456e+03
	704	483	176.000000	30.750000	1.017701e+03
	982	483	245.500000	30.750000	1.009253e+03
	726	485	181.500000	31.250000	1.016748e+03
	755	485	188.750000	31.250000	1.015506e+03
	995	486	248.750000	31.500000	1.011976e+03
	728	487	182.000000	31.750000	1.016708e+03
	980	487	245.000000	31.750000	1.009886e+03
	1000	487	250.000000	31.750000	1.011168e+03
	761	489	190.250000	32.250000	1.015618e+03
	979	489	244.750000	32.250000	1.009886e+03
	995	489	248.750000	32.250000	1.011468e+03
	987	490	246.750000	32.500000	1.010688e+03
	969	492	242.250000	33.000000	1.013996e+03
	977	492	244.250000	33.000000	1.010066e+03
	765	493	191.250000	33.250000	1.015653e+03
	768	494	192.000000	33.500000	1.015686e+03
	991	495	247.750000	33.750000	1.010958e+03
	978	498	244.500000	34.500000	1.008906e+03
	981	499	245.250000	34.750000	1.009496e+03
	779	500	194.750000	35.000000	1.016251e+03
	964	500	241.000000	35.000000	1.011546e+03
	996	500	249.000000	35.000000	1.013456e+03
	784	503	196.000000	35.750000	1.016543e+03
	974	504	243.500000	36.000000	1.008246e+03
	963	505	240.750000	36.250000	1.011513e+03
	982	505	245.500000	36.250000	1.008128e+03
	972	506	243.000000	36.500000	1.007491e+03
	962	507	240.500000	36.750000	1.011708e+03
	989	507	247.250000	36.750000	1.011563e+03
	1000	508	250.000000	37.000000	1.011661e+03
	758	510	189.500000	37.500000	1.013928e+03
	961	510	240.250000	37.500000	1.011761e+03
	996	510	249.000000	37.500000	1.011283e+03
	959	512	239.750000	38.000000	1.011648e+03
	958	514	239.500000	38.500000	1.011851e+03
	977	515	244.250000	38.750000	1.010781e+03
	1000	515	250.000000	38.750000	1.012216e+03
	966	516	241.500000	39.000000	1.010401e+03
	949	517	237.250000	39.250000	1.011708e+03
	955	518	238.750000	39.500000	1.011796e+03
	986	518	246.500000	39.500000	1.010951e+03
	966	519	241.500000	39.750000	1.009876e+03
	981	519	245.250000	39.750000	1.011341e+03
	987	520	246.750000	40.000000	1.010756e+03
	951	521	237.750000	40.250000	1.011823e+03
	967	522	241.750000	40.500000	1.010143e+03
	978	524	244.500000	41.000000	1.011268e+03
	988	524	247.000000	41.000000	1.010153e+03
	971	525	242.750000	41.250000	1.009783e+03
	951	527	237.750000	41.750000	1.011956e+03
	973	527	243.250000	41.750000	1.009578e+03
	969	528	242.250000	42.000000	1.009728e+03
	976	529	244.000000	42.250000	1.009973e+03
	967	530	241.750000	42.500000	1.009718e+03
	959	531	239.750000	42.750000	1.011481e+03
	971	531	242.750000	42.750000	1.009546e+03
	990	532	247.500000	43.000000	1.012298e+03
	953	533	238.250000	43.250000	1.011761e+03
	975	534	243.750000	43.500000	1.010098e+03
	957	536	239.250000	44.000000	1.010738e+03
	969	536	242.250000	44.000000	1.010413e+03
	966	538	241.500000	44.500000	1.010668e+03
	969	541	242.250000	45.250000	1.010698e+03
	994	542	248.500000	45.500000	1.013511e+03
	976	543	244.000000	45.750000	1.011598e+03
	966	544	241.500000	46.000000	1.010071e+03
	958	545	239.500000	46.250000	1.009963e+03
	987	545	246.750000	46.250000	1.012351e+03
	978	546	244.500000	46.500000	1.011906e+03
	981	547	245.250000	46.750000	1.012013e+03
	980	548	245.000000	47.000000	1.012013e+03
	997	549	249.250000	47.250000	1.012198e+03
	948	552	237.000000	48.000000	1.011201e+03
	957	553	239.250000	48.250000	1.010318e+03
	987	553	246.750000	48.250000	1.011638e+03
	1000	553	250.000000	48.250000	1.012921e+03
	970	554	242.500000	48.500000	1.011606e+03
	963	555	240.750000	48.750000	1.010581e+03
	986	555	246.500000	48.750000	1.011711e+03
	958	557	239.500000	49.250000	1.009553e+03
	963	559	240.750000	49.750000	1.010361e+03
	998	559	249.500000	49.750000	1.013928e+03
	710	560	177.500000	50.000000	9.851082e+02
	973	561	243.250000	50.250000	1.011911e+03
	982	561	245.500000	50.250000	1.012153e+03
	960	562	240.000000	50.500000	1.009631e+03
	912	563	228.000000	50.750000	1.004718e+03
	935	564	233.750000	51.000000	1.007656e+03
	968	564	242.000000	51.000000	1.012288e+03
	842	566	210.500000	51.500000	1.017428e+03
	949	566	237.250000	51.500000	1.007666e+03
	914	567	228.500000	51.750000	1.004638e+03
	954	568	238.500000	52.000000	1.008556e+03
	978	568	244.500000	52.000000	1.012401e+03
	948	570	237.000000	52.500000	1.008233e+03
	976	570	244.000000	52.500000	1.013068e+03
	971	571	242.750000	52.750000	1.012443e+03
	954	572	238.500000	53.000000	1.007638e+03
	934	573	233.500000	53.250000	1.009268e+03
	940	573	235.000000	53.250000	1.009211e+03
	918	576	229.500000	54.000000	1.007308e+03
	998	588	249.500000	57.000000	1.024813e+03
	944	593	236.000000	58.250000	1.023378e+03
	890	594	222.500000	58.500000	1.013361e+03
	815	596	203.750000	59.000000	1.018321e+03
	980	596	245.000000	59.000000	1.024211e+03
	826	598	206.500000	59.500000	1.018511e+03
	820	599	205.000000	59.750000	1.018446e+03
	841	599	210.250000	59.750000	1.017863e+03
	849	599	212.250000	59.750000	1.017768e+03
	879	599	219.750000	59.750000	1.015043e+03
	828	600	207.000000	60.000000	1.018301e+03
	845	600	211.250000	60.000000	1.017726e+03
	873	600	218.250000	60.000000	1.015291e+03
	904	600	226.000000	60.000000	1.019333e+03
	973	600	243.250000	60.000000	1.024671e+03
	983	600	245.750000	60.000000	1.024556e+03
