2015	3	10	211	18
	825	428	206.250000	17.000000	1.011489e+03
	841	428	210.250000	17.000000	1.011984e+03
	995	429	248.750000	17.250000	1.012189e+03
	825	431	206.250000	17.750000	1.011499e+03
	820	436	205.000000	19.000000	1.012459e+03
	815	438	203.750000	19.500000	1.012872e+03
	842	444	210.500000	21.000000	1.013832e+03
	859	444	214.750000	21.000000	1.014049e+03
	807	445	201.750000	21.250000	1.014457e+03
	842	445	210.500000	21.250000	1.013832e+03
	881	445	220.250000	21.250000	1.013834e+03
	800	446	200.000000	21.500000	1.014789e+03
	806	447	201.500000	21.750000	1.014472e+03
	861	447	215.250000	21.750000	1.014104e+03
	884	447	221.000000	21.750000	1.013792e+03
	811	448	202.750000	22.000000	1.014477e+03
	869	449	217.250000	22.250000	1.014237e+03
	886	450	221.500000	22.500000	1.013749e+03
	871	452	217.750000	23.000000	1.014212e+03
	999	455	249.750000	23.750000	1.011954e+03
	827	456	206.750000	24.000000	1.013794e+03
	838	458	209.500000	24.500000	1.013452e+03
	883	458	220.750000	24.500000	1.014209e+03
	996	458	249.000000	24.500000	1.012049e+03
	891	459	222.750000	24.750000	1.014159e+03
	919	462	229.750000	25.500000	1.015944e+03
	993	462	248.250000	25.500000	1.012397e+03
	889	463	222.250000	25.750000	1.014054e+03
	990	466	247.500000	26.500000	1.012214e+03
	898	467	224.500000	26.750000	1.014229e+03
	989	468	247.250000	27.000000	1.012554e+03
	901	471	225.250000	27.750000	1.013977e+03
	999	471	249.750000	27.750000	1.011867e+03
	986	473	246.500000	28.250000	1.013222e+03
	997	473	249.250000	28.250000	1.011744e+03
	993	477	248.250000	29.250000	1.012159e+03
	969	478	242.250000	29.500000	1.015224e+03
	979	480	244.750000	30.000000	1.013747e+03
	934	481	233.500000	30.250000	1.016089e+03
	935	481	233.750000	30.250000	1.016089e+03
	939	481	234.750000	30.250000	1.015939e+03
	982	482	245.500000	30.500000	1.013919e+03
	992	482	248.000000	30.500000	1.012924e+03
	976	484	244.000000	31.000000	1.014514e+03
	939	485	234.750000	31.250000	1.015914e+03
	962	485	240.500000	31.250000	1.015304e+03
	946	486	236.500000	31.500000	1.015864e+03
	1000	486	250.000000	31.500000	1.015072e+03
	962	487	240.500000	31.750000	1.015284e+03
	947	488	236.750000	32.000000	1.015852e+03
	974	489	243.500000	32.250000	1.014809e+03
	937	490	234.250000	32.500000	1.015932e+03
	998	490	249.500000	32.500000	1.014839e+03
	709	491	177.250000	32.750000	1.027232e+03
	978	491	244.500000	32.750000	1.014432e+03
	984	491	246.000000	32.750000	1.014114e+03
	962	492	240.500000	33.000000	1.015354e+03
	972	492	243.000000	33.000000	1.014962e+03
	971	494	242.750000	33.500000	1.015012e+03
	991	494	247.750000	33.500000	1.014519e+03
	968	496	242.000000	34.000000	1.015124e+03
	969	496	242.250000	34.000000	1.015124e+03
	956	497	239.000000	34.250000	1.015437e+03
	962	498	240.500000	34.500000	1.015284e+03
	960	500	240.000000	35.000000	1.014344e+03
	992	500	248.000000	35.000000	1.017372e+03
	964	501	241.000000	35.250000	1.014422e+03
	976	501	244.000000	35.250000	1.016639e+03
	970	502	242.500000	35.500000	1.017169e+03
	999	503	249.750000	35.750000	1.018507e+03
	963	504	240.750000	36.000000	1.014602e+03
	960	505	240.000000	36.250000	1.014654e+03
	979	505	244.750000	36.250000	1.017419e+03
	955	506	238.750000	36.500000	1.013989e+03
	984	506	246.000000	36.500000	1.017379e+03
	990	506	247.500000	36.500000	1.019254e+03
	1000	507	250.000000	36.750000	1.019532e+03
	961	508	240.250000	37.000000	1.014549e+03
	969	508	242.250000	37.000000	1.017969e+03
	981	508	245.250000	37.000000	1.017704e+03
	952	510	238.000000	37.500000	1.013872e+03
	988	510	247.000000	37.500000	1.018824e+03
	995	511	248.750000	37.750000	1.019942e+03
	957	513	239.250000	38.250000	1.014254e+03
	956	514	239.000000	38.500000	1.014254e+03
	962	515	240.500000	38.750000	1.016327e+03
	990	515	247.500000	38.750000	1.020334e+03
	994	515	248.500000	38.750000	1.019894e+03
	973	516	243.250000	39.000000	1.018219e+03
	979	516	244.750000	39.000000	1.018947e+03
	968	517	242.000000	39.250000	1.017554e+03
	996	519	249.000000	39.750000	1.019864e+03
	946	520	236.500000	40.000000	1.012967e+03
	983	520	245.750000	40.000000	1.018894e+03
	970	521	242.500000	40.250000	1.018087e+03
	963	522	240.750000	40.500000	1.017127e+03
	989	522	247.250000	40.500000	1.019484e+03
	954	523	238.500000	40.750000	1.014564e+03
	966	523	241.500000	40.750000	1.017277e+03
	978	523	244.500000	40.750000	1.018779e+03
	999	524	249.750000	41.000000	1.018782e+03
	957	526	239.250000	41.500000	1.014304e+03
	992	526	248.000000	41.500000	1.019899e+03
	946	528	236.500000	42.000000	1.011459e+03
	1000	529	250.000000	42.250000	1.019319e+03
	969	530	242.250000	42.500000	1.015557e+03
	977	530	244.250000	42.500000	1.016377e+03
	895	531	223.750000	42.750000	9.893994e+02
	998	531	249.500000	42.750000	1.019077e+03
	956	532	239.000000	43.000000	1.013354e+03
	972	532	243.000000	43.000000	1.016104e+03
	811	533	202.750000	43.250000	9.970944e+02
	945	533	236.250000	43.250000	1.010459e+03
	992	533	248.000000	43.250000	1.019077e+03
	949	535	237.250000	43.750000	1.009822e+03
	975	535	243.750000	43.750000	1.016779e+03
	807	537	201.750000	44.250000	9.966169e+02
	870	537	217.500000	44.250000	9.852068e+02
	783	538	195.750000	44.500000	9.963769e+02
	950	538	237.500000	44.500000	1.009654e+03
	975	538	243.750000	44.500000	1.016667e+03
	857	539	214.250000	44.750000	9.864594e+02
	957	539	239.250000	44.750000	1.011927e+03
	987	539	246.750000	44.750000	1.018322e+03
	951	540	237.750000	45.000000	1.009532e+03
	992	540	248.000000	45.000000	1.017232e+03
	961	541	240.250000	45.250000	1.012434e+03
	965	542	241.250000	45.500000	1.012669e+03
	996	542	249.000000	45.500000	1.016182e+03
	797	543	199.250000	45.750000	9.957068e+02
	940	543	235.000000	45.750000	1.009242e+03
	941	543	235.250000	45.750000	1.009242e+03
	944	543	236.000000	45.750000	1.009129e+03
	977	544	244.250000	46.000000	1.014777e+03
	795	545	198.750000	46.250000	9.956319e+02
	951	545	237.750000	46.250000	1.009569e+03
	968	545	242.000000	46.250000	1.012999e+03
	987	545	246.750000	46.250000	1.015262e+03
	952	547	238.000000	46.750000	1.009814e+03
	980	549	245.000000	47.250000	1.014627e+03
	984	550	246.000000	47.500000	1.015259e+03
	997	550	249.250000	47.500000	1.013002e+03
	945	551	236.250000	47.750000	1.009857e+03
	954	552	238.500000	48.000000	1.010519e+03
	979	552	244.750000	48.000000	1.014244e+03
	964	555	241.000000	48.750000	1.013707e+03
	958	556	239.500000	49.000000	1.011097e+03
	980	556	245.000000	49.000000	1.014514e+03
	986	557	246.500000	49.250000	1.010847e+03
	990	557	247.500000	49.250000	1.010904e+03
	935	558	233.750000	49.500000	1.011754e+03
	970	558	242.500000	49.500000	1.014317e+03
	964	559	241.000000	49.750000	1.013184e+03
	939	560	234.750000	50.000000	1.013074e+03
	998	560	249.500000	50.000000	1.012202e+03
	985	561	246.250000	50.250000	1.010274e+03
	953	562	238.250000	50.500000	1.014282e+03
	975	562	243.750000	50.500000	1.013197e+03
	926	563	231.500000	50.750000	1.011319e+03
	982	564	245.500000	51.000000	1.009579e+03
	995	564	248.750000	51.000000	1.012677e+03
	945	565	236.250000	51.250000	1.011549e+03
	972	565	243.000000	51.250000	1.013307e+03
	928	566	232.000000	51.500000	1.011384e+03
	935	566	233.750000	51.500000	1.011879e+03
	948	566	237.000000	51.500000	1.011479e+03
	953	566	238.250000	51.500000	1.012674e+03
	980	566	245.000000	51.500000	1.010024e+03
	941	567	235.250000	51.750000	1.012712e+03
	967	567	241.750000	51.750000	1.013679e+03
	960	569	240.000000	52.250000	1.013432e+03
	976	569	244.000000	52.250000	1.011244e+03
	949	570	237.250000	52.500000	1.013452e+03
	983	570	245.750000	52.500000	1.013442e+03
	941	571	235.250000	52.750000	1.012294e+03
	964	571	241.000000	52.750000	1.012642e+03
	936	572	234.000000	53.000000	1.012989e+03
	954	572	238.500000	53.000000	1.013384e+03
	968	572	242.000000	53.000000	1.011004e+03
	972	572	243.000000	53.000000	1.011102e+03
	960	573	240.000000	53.250000	1.013867e+03
	965	575	241.250000	53.750000	1.011687e+03
	1000	575	250.000000	53.750000	1.017494e+03
	930	580	232.500000	55.000000	1.014809e+03
	939	582	234.750000	55.500000	1.014377e+03
	953	582	238.250000	55.500000	1.014014e+03
	949	585	237.250000	56.250000	1.014379e+03
	929	586	232.250000	56.500000	1.014849e+03
	903	587	225.750000	56.750000	1.014307e+03
	958	587	239.500000	56.750000	1.015599e+03
	939	588	234.750000	57.000000	1.015464e+03
	912	591	228.000000	57.750000	1.012199e+03
	928	591	232.000000	57.750000	1.015534e+03
	936	591	234.000000	57.750000	1.015707e+03
	827	592	206.750000	58.000000	1.023172e+03
	904	592	226.000000	58.000000	1.014429e+03
	934	593	233.500000	58.250000	1.015322e+03
	886	594	221.500000	58.500000	1.013544e+03
	894	594	223.500000	58.500000	1.013099e+03
	661	595	165.250000	58.750000	1.040914e+03
	900	595	225.000000	58.750000	1.013792e+03
	911	595	227.750000	58.750000	1.013104e+03
	921	595	230.250000	58.750000	1.013377e+03
	880	596	220.000000	59.000000	1.013607e+03
	906	596	226.500000	59.000000	1.013109e+03
	975	596	243.750000	59.000000	1.021759e+03
	876	597	219.000000	59.250000	1.013262e+03
	923	598	230.750000	59.500000	1.012422e+03
	802	599	200.500000	59.750000	1.031762e+03
	841	599	210.250000	59.750000	1.018719e+03
	919	599	229.750000	59.750000	1.012587e+03
