2015	9	23	239	15
	774	420	193.500000	15.000000	1.006842e+03
	780	420	195.000000	15.000000	1.006907e+03
	737	421	184.250000	15.250000	1.007892e+03
	771	422	192.750000	15.500000	1.006837e+03
	739	423	184.750000	15.750000	1.007929e+03
	776	423	194.000000	15.750000	1.006824e+03
	714	424	178.500000	16.000000	1.008942e+03
	718	426	179.500000	16.500000	1.008964e+03
	661	427	165.250000	16.750000	1.008884e+03
	664	429	166.000000	17.250000	1.008932e+03
	667	430	166.750000	17.500000	1.008957e+03
	792	430	198.000000	17.500000	1.008034e+03
	815	436	203.750000	19.000000	1.009352e+03
	720	437	180.000000	19.250000	1.009569e+03
	812	437	203.000000	19.250000	1.009467e+03
	799	438	199.750000	19.500000	1.009322e+03
	814	438	203.500000	19.500000	1.009407e+03
	810	439	202.500000	19.750000	1.009617e+03
	815	440	203.750000	20.000000	1.009394e+03
	819	441	204.750000	20.250000	1.010619e+03
	817	442	204.250000	20.500000	1.010269e+03
	707	443	176.750000	20.750000	1.010254e+03
	821	443	205.250000	20.750000	1.010844e+03
	708	445	177.000000	21.250000	1.010257e+03
	668	450	167.000000	22.500000	1.010679e+03
	672	452	168.000000	23.000000	1.010629e+03
	683	453	170.750000	23.250000	1.010909e+03
	660	456	165.000000	24.000000	1.011059e+03
	678	456	169.500000	24.000000	1.010894e+03
	662	457	165.500000	24.250000	1.011072e+03
	720	457	180.000000	24.250000	1.010477e+03
	727	458	181.750000	24.500000	1.010382e+03
	936	458	234.000000	24.500000	1.013707e+03
	700	459	175.000000	24.750000	1.010567e+03
	729	459	182.250000	24.750000	1.010389e+03
	942	459	235.500000	24.750000	1.013784e+03
	943	459	235.750000	24.750000	1.013784e+03
	690	460	172.500000	25.000000	1.010747e+03
	702	460	175.500000	25.000000	1.010537e+03
	956	461	239.000000	25.250000	1.013919e+03
	954	462	238.500000	25.500000	1.013924e+03
	992	462	248.000000	25.500000	1.010724e+03
	709	463	177.250000	25.750000	1.010419e+03
	720	463	180.000000	25.750000	1.010547e+03
	728	463	182.000000	25.750000	1.010392e+03
	943	463	235.750000	25.750000	1.013829e+03
	712	464	178.000000	26.000000	1.010442e+03
	731	464	182.750000	26.000000	1.010417e+03
	701	465	175.250000	26.250000	1.010507e+03
	707	465	176.750000	26.250000	1.010457e+03
	990	465	247.500000	26.250000	1.010654e+03
	714	466	178.500000	26.500000	1.010474e+03
	708	467	177.000000	26.750000	1.010444e+03
	674	469	168.500000	27.250000	1.010647e+03
	981	469	245.250000	27.250000	1.011879e+03
	694	471	173.500000	27.750000	1.010297e+03
	985	471	246.250000	27.750000	1.011657e+03
	983	473	245.750000	28.250000	1.011752e+03
	744	475	186.000000	28.750000	1.010582e+03
	982	475	245.500000	28.750000	1.011742e+03
	980	476	245.000000	29.000000	1.011767e+03
	989	478	247.250000	29.500000	1.010294e+03
	984	480	246.000000	30.000000	1.010682e+03
	983	482	245.750000	30.500000	1.010772e+03
	975	483	243.750000	30.750000	1.012487e+03
	756	486	189.000000	31.500000	1.010722e+03
	973	486	243.250000	31.500000	1.012659e+03
	981	486	245.250000	31.500000	1.011089e+03
	1000	487	250.000000	31.750000	1.015222e+03
	979	489	244.750000	32.250000	1.011159e+03
	995	489	248.750000	32.250000	1.013712e+03
	978	491	244.500000	32.750000	1.011109e+03
	970	492	242.500000	33.000000	1.013192e+03
	988	492	247.000000	33.000000	1.012592e+03
	969	493	242.250000	33.250000	1.013192e+03
	981	494	245.250000	33.500000	1.011984e+03
	991	494	247.750000	33.500000	1.013107e+03
	963	495	240.750000	33.750000	1.013254e+03
	967	495	241.750000	33.750000	1.013332e+03
	961	497	240.250000	34.250000	1.013022e+03
	978	497	244.500000	34.250000	1.012234e+03
	968	500	242.000000	35.000000	1.013374e+03
	976	500	244.000000	35.000000	1.012464e+03
	996	500	249.000000	35.000000	1.016932e+03
	964	501	241.000000	35.250000	1.013979e+03
	821	502	205.250000	35.500000	1.018469e+03
	822	502	205.500000	35.500000	1.018469e+03
	955	502	238.750000	35.500000	1.014477e+03
	995	502	248.750000	35.500000	1.016889e+03
	815	503	203.750000	35.750000	1.018694e+03
	971	503	242.750000	35.750000	1.012949e+03
	975	503	243.750000	35.750000	1.012074e+03
	811	504	202.750000	36.000000	1.018854e+03
	963	504	240.750000	36.000000	1.014052e+03
	960	505	240.000000	36.250000	1.014172e+03
	982	505	245.500000	36.250000	1.012784e+03
	972	506	243.000000	36.500000	1.011357e+03
	735	507	183.750000	36.750000	1.006304e+03
	999	507	249.750000	36.750000	1.016272e+03
	961	508	240.250000	37.000000	1.014039e+03
	994	508	248.500000	37.000000	1.015357e+03
	997	509	249.250000	37.250000	1.015397e+03
	916	510	229.000000	37.500000	1.018384e+03
	986	511	246.500000	37.750000	1.016382e+03
	995	511	248.750000	37.750000	1.015437e+03
	685	512	171.250000	38.000000	1.006457e+03
	689	512	172.250000	38.000000	1.006444e+03
	728	512	182.000000	38.000000	1.006594e+03
	921	512	230.250000	38.000000	1.018429e+03
	704	513	176.000000	38.250000	1.006017e+03
	977	514	244.250000	38.500000	1.015532e+03
	996	514	249.000000	38.500000	1.014962e+03
	949	515	237.250000	38.750000	1.015192e+03
	702	516	175.500000	39.000000	1.006037e+03
	956	516	239.000000	39.000000	1.014989e+03
	967	516	241.750000	39.000000	1.015562e+03
	1000	516	250.000000	39.000000	1.014562e+03
	989	517	247.250000	39.250000	1.014074e+03
	985	518	246.250000	39.500000	1.013764e+03
	952	519	238.000000	39.750000	1.015269e+03
	882	520	220.500000	40.000000	1.011777e+03
	969	520	242.250000	40.000000	1.015087e+03
	984	521	246.000000	40.250000	1.013512e+03
	1000	521	250.000000	40.250000	1.013862e+03
	694	523	173.500000	40.750000	1.005522e+03
	885	523	221.250000	40.750000	1.012777e+03
	972	523	243.000000	40.750000	1.014947e+03
	977	523	244.250000	40.750000	1.015279e+03
	965	524	241.250000	41.000000	1.015652e+03
	968	524	242.000000	41.000000	1.015447e+03
	984	524	246.000000	41.000000	1.013592e+03
	991	525	247.750000	41.250000	1.012979e+03
	958	526	239.500000	41.500000	1.017169e+03
	955	527	238.750000	41.750000	1.017412e+03
	973	527	243.250000	41.750000	1.014932e+03
	992	527	248.000000	41.750000	1.013509e+03
	946	528	236.500000	42.000000	1.017017e+03
	998	528	249.500000	42.000000	1.015714e+03
	953	529	238.250000	42.250000	1.017469e+03
	972	529	243.000000	42.250000	1.014822e+03
	699	530	174.750000	42.500000	1.005789e+03
	949	530	237.250000	42.500000	1.017039e+03
	980	530	245.000000	42.500000	1.012447e+03
	987	530	246.750000	42.500000	1.012699e+03
	945	531	236.250000	42.750000	1.017222e+03
	969	531	242.250000	42.750000	1.014132e+03
	977	531	244.250000	42.750000	1.012564e+03
	991	532	247.750000	43.000000	1.013199e+03
	950	535	237.500000	43.750000	1.016664e+03
	972	535	243.000000	43.750000	1.013267e+03
	957	536	239.250000	44.000000	1.015757e+03
	984	537	246.000000	44.250000	1.014634e+03
	925	539	231.250000	44.750000	1.012307e+03
	974	539	243.500000	44.750000	1.013164e+03
	988	539	247.000000	44.750000	1.014639e+03
	981	540	245.250000	45.000000	1.014262e+03
	992	540	248.000000	45.000000	1.014722e+03
	956	541	239.000000	45.250000	1.016092e+03
	963	542	240.750000	45.500000	1.015049e+03
	994	543	248.500000	45.750000	1.014572e+03
	959	544	239.750000	46.000000	1.014527e+03
	977	544	244.250000	46.000000	1.014117e+03
	972	545	243.000000	46.250000	1.014544e+03
	987	545	246.750000	46.250000	1.014252e+03
	960	547	240.000000	46.750000	1.014499e+03
	980	547	245.000000	46.750000	1.014207e+03
	981	547	245.250000	46.750000	1.014207e+03
	1000	547	250.000000	46.750000	1.012989e+03
	975	548	243.750000	47.000000	1.014327e+03
	951	549	237.750000	47.250000	1.016857e+03
	965	549	241.250000	47.250000	1.014289e+03
	995	549	248.750000	47.250000	1.013397e+03
	999	549	249.750000	47.250000	1.013289e+03
	984	550	246.000000	47.500000	1.014524e+03
	991	550	247.750000	47.500000	1.013499e+03
	953	551	238.250000	47.750000	1.017079e+03
	964	551	241.000000	47.750000	1.014339e+03
	960	553	240.000000	48.250000	1.014362e+03
	963	555	240.750000	48.750000	1.014287e+03
	995	555	248.750000	48.750000	1.013312e+03
	862	556	215.500000	49.000000	1.004902e+03
	960	556	240.000000	49.000000	1.014174e+03
	979	556	244.750000	49.000000	1.015279e+03
	990	556	247.500000	49.000000	1.012942e+03
	964	559	241.000000	49.750000	1.014354e+03
	970	559	242.500000	49.750000	1.015202e+03
	960	560	240.000000	50.000000	1.015059e+03
	999	560	249.750000	50.000000	1.013164e+03
	883	561	220.750000	50.250000	1.004102e+03
	983	561	245.750000	50.250000	1.012682e+03
	995	562	248.750000	50.500000	1.014229e+03
	752	563	188.000000	50.750000	1.033364e+03
	880	563	220.000000	50.750000	1.004157e+03
	881	563	220.250000	50.750000	1.004157e+03
	962	563	240.500000	50.750000	1.014687e+03
	975	563	243.750000	50.750000	1.014042e+03
	982	563	245.500000	50.750000	1.012454e+03
	972	565	243.000000	51.250000	1.013767e+03
	857	566	214.250000	51.500000	1.002922e+03
	969	566	242.250000	51.500000	1.013942e+03
	945	567	236.250000	51.750000	1.010629e+03
	965	567	241.250000	51.750000	1.013532e+03
	976	569	244.000000	52.250000	1.011394e+03
	934	570	233.500000	52.500000	1.011237e+03
	965	571	241.250000	52.750000	1.013377e+03
	973	571	243.250000	52.750000	1.010957e+03
	947	572	236.750000	53.000000	1.010007e+03
	952	574	238.000000	53.500000	1.009802e+03
	946	575	236.500000	53.750000	1.010059e+03
	952	575	238.000000	53.750000	1.009802e+03
	927	576	231.750000	54.000000	1.008794e+03
	937	577	234.250000	54.250000	1.009204e+03
	964	577	241.000000	54.250000	1.010734e+03
	904	578	226.000000	54.500000	1.004172e+03
	961	578	240.250000	54.500000	1.010652e+03
	903	579	225.750000	54.750000	1.004172e+03
	872	580	218.000000	55.000000	1.001827e+03
	929	581	232.250000	55.250000	1.009504e+03
	934	581	233.500000	55.250000	1.009242e+03
	925	583	231.250000	55.750000	1.009522e+03
	942	584	235.500000	56.000000	1.010967e+03
	882	585	220.500000	56.250000	1.002674e+03
	948	589	237.000000	57.250000	1.011512e+03
	916	591	229.000000	57.750000	1.010832e+03
	952	591	238.000000	57.750000	1.012472e+03
	825	593	206.250000	58.250000	1.015927e+03
	876	594	219.000000	58.500000	1.006639e+03
	923	594	230.750000	58.500000	1.011999e+03
	872	595	218.000000	58.750000	1.006759e+03
	928	595	232.000000	58.750000	1.011864e+03
	880	596	220.000000	59.000000	1.006764e+03
	884	596	221.000000	59.000000	1.006704e+03
	934	596	233.500000	59.000000	1.012357e+03
	950	596	237.500000	59.000000	1.013582e+03
	906	597	226.500000	59.250000	1.010684e+03
	972	597	243.000000	59.250000	1.016912e+03
	877	599	219.250000	59.750000	1.007032e+03
	864	600	216.000000	60.000000	1.007314e+03
	928	600	232.000000	60.000000	1.013144e+03
