2014	11	16	173	3
	663	422	165.750000	15.500000	1.010231e+03
	797	424	199.250000	16.000000	1.010316e+03
	812	425	203.000000	16.250000	1.010583e+03
	810	426	202.500000	16.500000	1.010583e+03
	716	428	179.000000	17.000000	1.010706e+03
	824	428	206.000000	17.000000	1.010941e+03
	828	428	207.000000	17.000000	1.011041e+03
	826	429	206.500000	17.250000	1.010991e+03
	778	432	194.500000	18.000000	1.010868e+03
	761	433	190.250000	18.250000	1.010961e+03
	771	435	192.750000	18.750000	1.010941e+03
	774	435	193.500000	18.750000	1.010923e+03
	778	436	194.500000	19.000000	1.010893e+03
	815	436	203.750000	19.000000	1.010298e+03
	818	436	204.500000	19.000000	1.010011e+03
	780	437	195.000000	19.250000	1.010876e+03
	781	437	195.250000	19.250000	1.010876e+03
	814	438	203.500000	19.500000	1.010356e+03
	812	439	203.000000	19.750000	1.010223e+03
	786	440	196.500000	20.000000	1.010806e+03
	788	440	197.000000	20.000000	1.010806e+03
	844	440	211.000000	20.000000	1.011896e+03
	810	441	202.500000	20.250000	1.010106e+03
	816	441	204.000000	20.250000	1.010216e+03
	791	442	197.750000	20.500000	1.010776e+03
	818	442	204.500000	20.500000	1.009888e+03
	830	443	207.500000	20.750000	1.010421e+03
	809	444	202.250000	21.000000	1.010018e+03
	817	444	204.250000	21.000000	1.009791e+03
	820	444	205.000000	21.000000	1.009856e+03
	893	444	223.250000	21.000000	1.014943e+03
	805	445	201.250000	21.250000	1.010038e+03
	815	445	203.750000	21.250000	1.009796e+03
	803	446	200.750000	21.500000	1.010051e+03
	888	446	222.000000	21.500000	1.014928e+03
	806	447	201.500000	21.750000	1.010113e+03
	891	448	222.750000	22.000000	1.014903e+03
	840	451	210.000000	22.750000	1.010513e+03
	999	452	249.750000	23.000000	1.014848e+03
	997	455	249.250000	23.750000	1.014566e+03
	842	457	210.500000	24.250000	1.010126e+03
	845	460	211.250000	25.000000	1.009898e+03
	847	463	211.750000	25.750000	1.010051e+03
	991	464	247.750000	26.000000	1.014846e+03
	996	471	249.000000	27.750000	1.014083e+03
	825	475	206.250000	28.750000	1.006496e+03
	983	476	245.750000	29.000000	1.016293e+03
	993	476	248.250000	29.000000	1.013876e+03
	997	477	249.250000	29.250000	1.014133e+03
	999	481	249.750000	30.250000	1.014738e+03
	977	483	244.250000	30.750000	1.016771e+03
	940	484	235.000000	31.000000	1.022196e+03
	973	486	243.250000	31.500000	1.017188e+03
	869	487	217.250000	31.750000	1.009641e+03
	971	488	242.750000	32.000000	1.017176e+03
	979	489	244.750000	32.250000	1.010408e+03
	984	491	246.000000	32.750000	1.010921e+03
	968	493	242.000000	33.250000	1.016508e+03
	992	493	248.000000	33.250000	1.011223e+03
	985	494	246.250000	33.500000	1.010848e+03
	962	497	240.500000	34.250000	1.015521e+03
	979	497	244.750000	34.250000	1.010396e+03
	992	498	248.000000	34.500000	1.012168e+03
	981	500	245.250000	35.000000	1.009966e+03
	988	501	247.000000	35.250000	1.011741e+03
	877	502	219.250000	35.500000	1.009823e+03
	975	503	243.750000	35.750000	1.010848e+03
	963	505	240.750000	36.250000	1.018926e+03
	982	505	245.500000	36.250000	1.009163e+03
	994	505	248.500000	36.250000	1.008318e+03
	997	505	249.250000	36.250000	1.008391e+03
	972	506	243.000000	36.500000	1.011211e+03
	988	507	247.000000	36.750000	1.009943e+03
	952	508	238.000000	37.000000	1.020298e+03
	961	508	240.250000	37.000000	1.019058e+03
	985	508	246.250000	37.000000	1.010048e+03
	998	510	249.500000	37.500000	1.007203e+03
	904	511	226.000000	37.750000	1.013441e+03
	956	512	239.000000	38.000000	1.019858e+03
	886	514	221.500000	38.500000	1.011936e+03
	950	514	237.500000	38.500000	1.020136e+03
	962	514	240.500000	38.500000	1.020803e+03
	960	516	240.000000	39.000000	1.021551e+03
	945	518	236.250000	39.500000	1.020671e+03
	952	518	238.000000	39.500000	1.020808e+03
	706	520	176.500000	40.000000	9.962681e+02
	805	526	201.250000	41.500000	9.870956e+02
	966	529	241.500000	42.250000	1.034101e+03
	986	531	246.500000	42.750000	1.033491e+03
	974	532	243.500000	43.000000	1.036121e+03
	987	532	246.750000	43.000000	1.033491e+03
	965	533	241.250000	43.250000	1.034588e+03
	968	535	242.000000	43.750000	1.035031e+03
	992	535	248.000000	43.750000	1.034128e+03
	978	536	244.500000	44.000000	1.033863e+03
	971	537	242.750000	44.250000	1.034198e+03
	959	538	239.750000	44.500000	1.038251e+03
	706	539	176.500000	44.750000	9.906331e+02
	984	541	246.000000	45.250000	1.038706e+03
	995	543	248.750000	45.750000	1.036556e+03
	971	544	242.750000	46.000000	1.036773e+03
	992	544	248.000000	46.000000	1.035501e+03
	949	546	237.250000	46.500000	1.032698e+03
	976	547	244.000000	46.750000	1.035943e+03
	986	547	246.500000	46.750000	1.036868e+03
	1000	550	250.000000	47.500000	1.028948e+03
	991	553	247.750000	48.250000	1.028513e+03
	949	554	237.250000	48.500000	1.032853e+03
	973	554	243.250000	48.500000	1.034243e+03
	979	554	244.750000	48.500000	1.034166e+03
	968	556	242.000000	49.000000	1.034511e+03
	974	556	243.500000	49.000000	1.033856e+03
	975	556	243.750000	49.000000	1.033856e+03
	943	558	235.750000	49.500000	1.033606e+03
	947	558	236.750000	49.500000	1.033578e+03
	977	558	244.250000	49.500000	1.033166e+03
	860	561	215.000000	50.250000	9.960006e+02
	964	561	241.000000	50.250000	1.037928e+03
	968	561	242.000000	50.250000	1.036458e+03
	975	561	243.750000	50.250000	1.033436e+03
	826	562	206.500000	50.500000	1.002691e+03
	772	563	193.000000	50.750000	9.898681e+02
	963	563	240.750000	50.750000	1.037938e+03
	983	563	245.750000	50.750000	1.021121e+03
	945	564	236.250000	51.000000	1.029593e+03
	972	564	243.000000	51.000000	1.036906e+03
	942	565	235.500000	51.250000	1.031238e+03
	961	565	240.250000	51.250000	1.037956e+03
	937	567	234.250000	51.750000	1.031088e+03
	957	567	239.250000	51.750000	1.037818e+03
	737	569	184.250000	52.250000	9.962806e+02
	940	571	235.000000	52.750000	1.032661e+03
	959	571	239.750000	52.750000	1.035906e+03
	934	574	233.500000	53.500000	1.034408e+03
	967	574	241.750000	53.500000	1.027411e+03
	929	575	232.250000	53.750000	1.032171e+03
	964	578	241.000000	54.500000	1.030341e+03
	922	579	230.500000	54.750000	1.031846e+03
	928	579	232.000000	54.750000	1.033093e+03
	926	581	231.500000	55.250000	1.033408e+03
	806	583	201.500000	55.750000	1.000251e+03
	682	584	170.500000	56.000000	9.864506e+02
	931	584	232.750000	56.000000	1.032743e+03
	970	584	242.500000	56.000000	1.030516e+03
	918	585	229.500000	56.250000	1.030966e+03
	957	585	239.250000	56.250000	1.031633e+03
	965	585	241.250000	56.250000	1.030741e+03
	936	587	234.000000	56.750000	1.029543e+03
	947	588	236.750000	57.000000	1.028836e+03
	968	588	242.000000	57.000000	1.031021e+03
	916	589	229.000000	57.250000	1.029613e+03
	939	589	234.750000	57.250000	1.032416e+03
	926	590	231.500000	57.500000	1.027881e+03
	944	590	236.000000	57.500000	1.027338e+03
	900	591	225.000000	57.750000	1.030196e+03
	966	591	241.500000	57.750000	1.032138e+03
	910	592	227.500000	58.000000	1.028443e+03
	932	592	233.000000	58.000000	1.028518e+03
	940	593	235.000000	58.250000	1.026053e+03
	890	594	222.500000	58.500000	1.028148e+03
	914	594	228.500000	58.500000	1.030278e+03
	923	594	230.750000	58.500000	1.029226e+03
	982	594	245.500000	58.500000	1.028876e+03
	927	595	231.750000	58.750000	1.028131e+03
	931	596	232.750000	59.000000	1.029788e+03
	954	596	238.500000	59.000000	1.032461e+03
	902	598	225.500000	59.500000	1.028903e+03
	907	599	226.750000	59.750000	1.029916e+03
	919	599	229.750000	59.750000	1.028183e+03
	939	599	234.750000	59.750000	1.030121e+03
	947	599	236.750000	59.750000	1.032228e+03
	970	599	242.500000	59.750000	1.033063e+03
	836	600	209.000000	60.000000	1.019571e+03
