2015	7	21	178	6
	996	420	249.000000	15.000000	1.008721e+03
	706	423	176.500000	15.750000	1.012054e+03
	789	425	197.250000	16.250000	1.011719e+03
	699	428	174.750000	17.000000	1.012596e+03
	743	430	185.750000	17.500000	1.013474e+03
	816	435	204.000000	18.750000	1.012714e+03
	822	435	205.500000	18.750000	1.012894e+03
	990	435	247.500000	18.750000	1.012401e+03
	820	436	205.000000	19.000000	1.013051e+03
	810	437	202.500000	19.250000	1.012679e+03
	814	438	203.500000	19.500000	1.012644e+03
	812	439	203.000000	19.750000	1.012634e+03
	866	439	216.500000	19.750000	1.013974e+03
	810	440	202.500000	20.000000	1.012684e+03
	815	440	203.750000	20.000000	1.012589e+03
	820	441	205.000000	20.250000	1.013329e+03
	811	442	202.750000	20.500000	1.012741e+03
	821	443	205.250000	20.750000	1.013414e+03
	818	444	204.500000	21.000000	1.013334e+03
	834	444	208.500000	21.000000	1.013736e+03
	814	445	203.500000	21.250000	1.013251e+03
	891	445	222.750000	21.250000	1.011846e+03
	802	446	200.500000	21.500000	1.013456e+03
	799	448	199.750000	22.000000	1.013539e+03
	997	455	249.250000	23.750000	1.012276e+03
	995	456	248.750000	24.000000	1.012364e+03
	994	459	248.500000	24.750000	1.012609e+03
	990	465	247.500000	26.250000	1.012026e+03
	980	470	245.000000	27.500000	1.014634e+03
	999	470	249.750000	27.500000	1.009704e+03
	997	471	249.250000	27.750000	1.009664e+03
	984	473	246.000000	28.250000	1.014036e+03
	967	475	241.750000	28.750000	1.014616e+03
	982	475	245.500000	28.750000	1.014049e+03
	994	476	248.500000	29.000000	1.009631e+03
	980	477	245.000000	29.250000	1.014029e+03
	997	477	249.250000	29.250000	1.010101e+03
	989	478	247.250000	29.500000	1.010196e+03
	969	479	242.250000	29.750000	1.014461e+03
	976	479	244.000000	29.750000	1.014469e+03
	975	481	243.750000	30.250000	1.014544e+03
	988	482	247.000000	30.500000	1.010094e+03
	973	483	243.250000	30.750000	1.014601e+03
	950	486	237.500000	31.500000	1.012124e+03
	1000	488	250.000000	32.000000	1.013526e+03
	981	489	245.250000	32.250000	1.009154e+03
	978	491	244.500000	32.750000	1.009169e+03
	982	491	245.500000	32.750000	1.009186e+03
	985	491	246.250000	32.750000	1.008999e+03
	662	492	165.500000	33.000000	1.012384e+03
	988	492	247.000000	33.000000	1.009061e+03
	964	494	241.000000	33.500000	1.014161e+03
	991	494	247.750000	33.500000	1.009086e+03
	982	495	245.500000	33.750000	1.008999e+03
	961	497	240.250000	34.250000	1.013956e+03
	672	498	168.000000	34.500000	1.012396e+03
	677	498	169.250000	34.500000	1.013041e+03
	957	499	239.250000	34.750000	1.014021e+03
	969	500	242.250000	35.000000	1.013721e+03
	1000	500	250.000000	35.000000	1.015219e+03
	975	501	243.750000	35.250000	1.011839e+03
	996	502	249.000000	35.500000	1.015194e+03
	686	503	171.500000	35.750000	1.013849e+03
	971	503	242.750000	35.750000	1.012909e+03
	995	504	248.750000	36.000000	1.015434e+03
	689	505	172.250000	36.250000	1.013861e+03
	956	505	239.000000	36.250000	1.013764e+03
	960	505	240.000000	36.250000	1.010901e+03
	982	505	245.500000	36.250000	1.011939e+03
	989	505	247.250000	36.250000	1.015774e+03
	690	506	172.500000	36.500000	1.013861e+03
	972	506	243.000000	36.500000	1.012471e+03
	693	508	173.250000	37.000000	1.013739e+03
	958	508	239.500000	37.000000	1.011331e+03
	994	508	248.500000	37.000000	1.014839e+03
	1000	508	250.000000	37.000000	1.014754e+03
	696	510	174.000000	37.500000	1.013594e+03
	997	510	249.250000	37.500000	1.013661e+03
	986	511	246.500000	37.750000	1.016161e+03
	980	512	245.000000	38.000000	1.016074e+03
	968	513	242.000000	38.250000	1.013976e+03
	977	514	244.250000	38.500000	1.015506e+03
	982	514	245.500000	38.500000	1.016596e+03
	1000	515	250.000000	38.750000	1.012349e+03
	989	517	247.250000	39.250000	1.014326e+03
	952	518	238.000000	39.500000	1.009169e+03
	966	519	241.500000	39.750000	1.007476e+03
	945	520	236.250000	40.000000	1.013364e+03
	969	520	242.250000	40.000000	1.008156e+03
	712	521	178.000000	40.250000	1.014524e+03
	985	522	246.250000	40.500000	1.011574e+03
	972	523	243.000000	40.750000	1.008329e+03
	714	524	178.500000	41.000000	1.014594e+03
	965	524	241.250000	41.000000	1.009121e+03
	968	524	242.000000	41.000000	1.008924e+03
	987	524	246.750000	41.000000	1.011874e+03
	954	525	238.500000	41.250000	1.012766e+03
	999	526	249.750000	41.500000	1.017149e+03
	950	527	237.500000	41.750000	1.013234e+03
	954	528	238.500000	42.000000	1.013339e+03
	974	528	243.500000	42.000000	1.009739e+03
	948	530	237.000000	42.500000	1.013434e+03
	969	531	242.250000	42.750000	1.008264e+03
	988	532	247.000000	43.000000	1.011711e+03
	965	533	241.250000	43.250000	1.010649e+03
	726	534	181.500000	43.500000	1.013266e+03
	973	535	243.250000	43.750000	1.006259e+03
	949	537	237.250000	44.250000	1.014551e+03
	956	537	239.000000	44.250000	1.012964e+03
	984	538	246.000000	44.500000	1.011906e+03
	955	539	238.750000	44.750000	1.012864e+03
	963	539	240.750000	44.750000	1.012249e+03
	990	541	247.500000	45.250000	1.011361e+03
	950	542	237.500000	45.500000	1.014856e+03
	982	542	245.500000	45.500000	1.011664e+03
	998	543	249.500000	45.750000	1.011166e+03
	994	544	248.500000	46.000000	1.009856e+03
	963	546	240.750000	46.500000	1.007976e+03
	972	546	243.000000	46.500000	1.007816e+03
	984	547	246.000000	46.750000	1.009009e+03
	949	550	237.250000	47.500000	1.014651e+03
	971	553	242.750000	48.250000	1.005431e+03
	983	553	245.750000	48.250000	1.007456e+03
	995	553	248.750000	48.250000	1.006816e+03
	999	554	249.750000	48.500000	1.006799e+03
	963	555	240.750000	48.750000	1.007904e+03
	969	555	242.250000	48.750000	1.005049e+03
	974	555	243.500000	48.750000	1.005536e+03
	997	556	249.250000	49.000000	1.006849e+03
	946	557	236.500000	49.250000	1.013009e+03
	951	557	237.750000	49.250000	1.014154e+03
	977	558	244.250000	49.500000	1.005606e+03
	968	563	242.000000	50.750000	1.007954e+03
	975	563	243.750000	50.750000	1.006826e+03
	957	564	239.250000	51.000000	1.007089e+03
	960	566	240.000000	51.500000	1.005956e+03
	982	568	245.500000	52.000000	1.003309e+03
	693	572	173.250000	53.000000	1.001549e+03
	978	572	244.500000	53.000000	1.003551e+03
	985	572	246.250000	53.000000	1.003036e+03
	698	573	174.500000	53.250000	1.001616e+03
	921	573	230.250000	53.250000	1.013289e+03
	958	574	239.500000	53.500000	1.008696e+03
	957	575	239.250000	53.750000	1.008696e+03
	986	579	246.500000	54.750000	1.005434e+03
	913	581	228.250000	55.250000	1.011216e+03
	973	582	243.250000	55.500000	1.004599e+03
	981	583	245.250000	55.750000	1.005589e+03
	943	584	235.750000	56.000000	1.006484e+03
	955	584	238.750000	56.000000	1.005306e+03
	712	587	178.000000	56.750000	1.001856e+03
	713	587	178.250000	56.750000	1.001856e+03
	908	587	227.000000	56.750000	1.010734e+03
	940	588	235.000000	57.000000	1.006211e+03
	932	589	233.000000	57.250000	1.006434e+03
	965	590	241.250000	57.500000	1.006589e+03
	830	591	207.500000	57.750000	1.015369e+03
	904	591	226.000000	57.750000	1.010186e+03
	928	592	232.000000	58.000000	1.006686e+03
	968	592	242.000000	58.000000	1.006561e+03
	978	592	244.500000	58.000000	1.006984e+03
	760	593	190.000000	58.250000	1.005546e+03
	761	593	190.250000	58.250000	1.005546e+03
	963	593	240.750000	58.250000	1.006871e+03
	907	594	226.750000	58.500000	1.010351e+03
	897	595	224.250000	58.750000	1.009989e+03
	661	596	165.250000	59.000000	1.008526e+03
	886	596	221.500000	59.000000	1.011371e+03
	913	596	228.250000	59.000000	1.009459e+03
	825	598	206.250000	59.500000	1.013721e+03
	936	598	234.000000	59.500000	1.009401e+03
	793	599	198.250000	59.750000	1.011036e+03
	845	599	211.250000	59.750000	1.012486e+03
	868	599	217.000000	59.750000	1.012159e+03
	879	599	219.750000	59.750000	1.011589e+03
	815	600	203.750000	60.000000	1.013186e+03
	872	600	218.000000	60.000000	1.012101e+03
	903	600	225.750000	60.000000	1.011034e+03
