2015	6	19	190	6
	983	428	245.750000	17.000000	1.011888e+03
	814	438	203.500000	19.500000	1.015075e+03
	810	440	202.500000	20.000000	1.015213e+03
	815	440	203.750000	20.000000	1.014925e+03
	820	441	205.000000	20.250000	1.016410e+03
	811	442	202.750000	20.500000	1.015258e+03
	817	442	204.250000	20.500000	1.016083e+03
	821	443	205.250000	20.750000	1.016515e+03
	817	444	204.250000	21.000000	1.016422e+03
	998	453	249.500000	23.250000	1.010210e+03
	996	464	249.000000	26.000000	1.007630e+03
	989	465	247.250000	26.250000	1.008653e+03
	989	466	247.250000	26.500000	1.008653e+03
	996	471	249.000000	27.750000	1.007200e+03
	990	472	247.500000	28.000000	1.007167e+03
	993	473	248.250000	28.250000	1.007345e+03
	988	475	247.000000	28.750000	1.006653e+03
	829	477	207.250000	29.250000	1.020203e+03
	818	478	204.500000	29.500000	1.020130e+03
	980	478	245.000000	29.500000	1.009660e+03
	820	479	205.000000	29.750000	1.020088e+03
	984	480	246.000000	30.000000	1.005708e+03
	825	482	206.250000	30.500000	1.019888e+03
	982	482	245.500000	30.500000	1.005630e+03
	988	482	247.000000	30.500000	1.006060e+03
	999	482	249.750000	30.500000	1.009893e+03
	766	483	191.500000	30.750000	1.021755e+03
	975	484	243.750000	31.000000	1.011018e+03
	664	485	166.000000	31.250000	1.008593e+03
	760	485	190.000000	31.250000	1.021850e+03
	768	485	192.000000	31.250000	1.021737e+03
	975	485	243.750000	31.250000	1.011018e+03
	980	487	245.000000	31.750000	1.005520e+03
	1000	487	250.000000	31.750000	1.009778e+03
	670	488	167.500000	32.000000	1.008042e+03
	979	489	244.750000	32.250000	1.005388e+03
	995	489	248.750000	32.250000	1.007355e+03
	786	490	196.500000	32.500000	1.021755e+03
	980	491	245.000000	32.750000	1.005440e+03
	677	492	169.250000	33.000000	1.008130e+03
	971	492	242.750000	33.000000	1.011800e+03
	977	492	244.250000	33.000000	1.005355e+03
	988	492	247.000000	33.000000	1.005270e+03
	681	494	170.250000	33.500000	1.008028e+03
	991	494	247.750000	33.500000	1.005400e+03
	970	495	242.500000	33.750000	1.011972e+03
	967	496	241.750000	34.000000	1.011932e+03
	685	497	171.250000	34.250000	1.007890e+03
	960	497	240.000000	34.250000	1.010710e+03
	979	497	244.750000	34.250000	1.005350e+03
	983	497	245.750000	34.250000	1.004602e+03
	966	498	241.500000	34.500000	1.011833e+03
	688	499	172.000000	34.750000	1.007453e+03
	990	499	247.500000	34.750000	1.011190e+03
	969	500	242.250000	35.000000	1.009143e+03
	1000	500	250.000000	35.000000	1.010232e+03
	957	501	239.250000	35.250000	1.012400e+03
	996	502	249.000000	35.500000	1.009435e+03
	971	503	242.750000	35.750000	1.006920e+03
	963	504	240.750000	36.000000	1.010500e+03
	974	504	243.500000	36.000000	1.005570e+03
	990	504	247.500000	36.000000	1.010932e+03
	995	504	248.750000	36.000000	1.009312e+03
	694	505	173.500000	36.250000	1.005650e+03
	894	505	223.500000	36.250000	1.023655e+03
	960	505	240.000000	36.250000	1.011333e+03
	982	505	245.500000	36.250000	1.004595e+03
	972	506	243.000000	36.500000	1.004573e+03
	988	507	247.000000	36.750000	1.009503e+03
	698	508	174.500000	37.000000	1.005205e+03
	995	508	248.750000	37.000000	1.007463e+03
	1000	508	250.000000	37.000000	1.007857e+03
	997	510	249.250000	37.500000	1.006515e+03
	955	511	238.750000	37.750000	1.013432e+03
	986	511	246.500000	37.750000	1.009900e+03
	971	512	242.750000	38.000000	1.008335e+03
	807	514	201.750000	38.500000	1.019307e+03
	871	514	217.750000	38.500000	1.021705e+03
	967	514	241.750000	38.500000	1.011050e+03
	977	514	244.250000	38.500000	1.007398e+03
	997	514	249.250000	38.500000	1.006645e+03
	1000	515	250.000000	38.750000	1.005862e+03
	836	516	209.000000	39.000000	1.016612e+03
	972	517	243.000000	39.250000	1.010775e+03
	952	518	238.000000	39.500000	1.010505e+03
	989	518	247.250000	39.500000	1.005980e+03
	848	519	212.000000	39.750000	1.016557e+03
	966	519	241.500000	39.750000	1.010628e+03
	969	520	242.250000	40.000000	1.009602e+03
	711	522	177.750000	40.500000	1.003948e+03
	986	522	246.500000	40.500000	1.003008e+03
	972	523	243.000000	40.750000	1.007893e+03
	978	524	244.500000	41.000000	1.008843e+03
	954	525	238.500000	41.250000	1.013477e+03
	990	525	247.500000	41.250000	1.004018e+03
	968	526	242.000000	41.500000	1.008117e+03
	958	527	239.500000	41.750000	1.013480e+03
	1000	528	250.000000	42.000000	1.008472e+03
	954	529	238.500000	42.250000	1.014167e+03
	973	529	243.250000	42.250000	1.007475e+03
	980	531	245.000000	42.750000	1.004115e+03
	985	531	246.250000	42.750000	1.004945e+03
	969	532	242.250000	43.000000	1.005895e+03
	977	532	244.250000	43.000000	1.004062e+03
	988	532	247.000000	43.000000	1.005268e+03
	990	535	247.500000	43.750000	1.004927e+03
	918	536	229.500000	44.000000	1.018535e+03
	972	536	243.000000	44.000000	1.003938e+03
	956	537	239.000000	44.250000	1.014530e+03
	963	539	240.750000	44.750000	1.012927e+03
	979	539	244.750000	44.750000	1.010203e+03
	999	539	249.750000	44.750000	1.009955e+03
	984	540	246.000000	45.000000	1.008818e+03
	990	541	247.500000	45.250000	1.008285e+03
	693	544	173.250000	46.000000	9.968950e+02
	981	544	245.250000	46.000000	1.010970e+03
	994	544	248.500000	46.000000	1.007900e+03
	965	545	241.250000	46.250000	1.008810e+03
	972	546	243.000000	46.500000	1.008545e+03
	989	546	247.250000	46.500000	1.008755e+03
	993	546	248.250000	46.500000	1.008153e+03
	987	548	246.750000	47.000000	1.008770e+03
	992	548	248.000000	47.000000	1.007450e+03
	950	550	237.500000	47.500000	1.016403e+03
	996	550	249.000000	47.500000	1.006970e+03
	971	552	242.750000	48.000000	1.007018e+03
	983	553	245.750000	48.250000	1.007740e+03
	987	553	246.750000	48.250000	1.008965e+03
	978	554	244.500000	48.500000	1.007755e+03
	968	555	242.000000	48.750000	1.007263e+03
	978	557	244.500000	49.250000	1.008672e+03
	944	558	236.000000	49.500000	1.014843e+03
	968	561	242.000000	50.250000	1.008760e+03
	998	561	249.500000	50.250000	1.008130e+03
	979	562	244.750000	50.500000	1.011588e+03
	975	563	243.750000	50.750000	1.011275e+03
	984	563	246.000000	50.750000	1.009292e+03
	934	564	233.500000	51.000000	1.016315e+03
	957	564	239.250000	51.000000	1.009023e+03
	973	564	243.250000	51.000000	1.011275e+03
	960	566	240.000000	51.500000	1.008078e+03
	988	566	247.000000	51.500000	1.009335e+03
	956	570	239.000000	52.500000	1.009540e+03
	914	571	228.500000	52.750000	1.014640e+03
	767	572	191.750000	53.000000	1.017905e+03
	772	574	193.000000	53.500000	1.017268e+03
	925	574	231.250000	53.500000	1.015630e+03
	970	574	242.500000	53.500000	1.009030e+03
	738	575	184.500000	53.750000	1.018917e+03
	987	575	246.750000	53.750000	1.008722e+03
	955	577	238.750000	54.250000	1.007763e+03
	973	577	243.250000	54.250000	1.009315e+03
	786	578	196.500000	54.500000	1.015745e+03
	927	579	231.750000	54.750000	1.014330e+03
	941	579	235.250000	54.750000	1.011330e+03
	952	579	238.000000	54.750000	1.008390e+03
	962	580	240.500000	55.000000	1.008857e+03
	940	581	235.000000	55.250000	1.011273e+03
	935	582	233.750000	55.500000	1.011773e+03
	912	583	228.000000	55.750000	1.014985e+03
	945	583	236.250000	55.750000	1.009073e+03
	960	583	240.000000	55.750000	1.009060e+03
	809	586	202.250000	56.500000	1.012965e+03
	994	587	248.500000	56.750000	1.009732e+03
	902	588	225.500000	57.000000	1.014370e+03
	926	588	231.500000	57.000000	1.012255e+03
	934	588	233.500000	57.000000	1.012422e+03
	874	590	218.500000	57.500000	1.012055e+03
	932	590	233.000000	57.500000	1.011927e+03
	996	590	249.000000	57.500000	1.009865e+03
	830	591	207.500000	57.750000	1.010107e+03
	858	591	214.500000	57.750000	1.012602e+03
	820	592	205.000000	58.000000	1.011030e+03
	900	592	225.000000	58.000000	1.014218e+03
	924	592	231.000000	58.000000	1.011953e+03
	934	593	233.500000	58.250000	1.012500e+03
	824	594	206.000000	58.500000	1.009705e+03
	890	594	222.500000	58.500000	1.014088e+03
	922	594	230.500000	58.500000	1.012345e+03
	894	595	223.500000	58.750000	1.014213e+03
	932	595	233.000000	58.750000	1.012438e+03
	918	597	229.500000	59.250000	1.012545e+03
	806	598	201.500000	59.500000	1.008747e+03
	827	598	206.750000	59.500000	1.008227e+03
	821	599	205.250000	59.750000	1.008955e+03
	874	599	218.500000	59.750000	1.013713e+03
	975	599	243.750000	59.750000	1.014210e+03
	815	600	203.750000	60.000000	1.009250e+03
	864	600	216.000000	60.000000	1.013790e+03
	924	600	231.000000	60.000000	1.012460e+03
