2015	7	4	179	3
	969	432	242.250000	18.000000	1.010770e+03
	972	433	243.000000	18.250000	1.010778e+03
	818	435	204.500000	18.750000	1.011138e+03
	987	435	246.750000	18.750000	1.010330e+03
	815	436	203.750000	19.000000	1.011185e+03
	814	438	203.500000	19.500000	1.011258e+03
	812	439	203.000000	19.750000	1.011318e+03
	810	440	202.500000	20.000000	1.011375e+03
	815	440	203.750000	20.000000	1.011042e+03
	808	441	202.000000	20.250000	1.011445e+03
	819	441	204.750000	20.250000	1.012106e+03
	811	442	202.750000	20.500000	1.011320e+03
	821	443	205.250000	20.750000	1.012324e+03
	813	444	203.250000	21.000000	1.011320e+03
	763	447	190.750000	21.750000	1.010685e+03
	766	449	191.500000	22.250000	1.010682e+03
	804	450	201.000000	22.500000	1.012164e+03
	801	451	200.250000	22.750000	1.012099e+03
	778	460	194.500000	25.000000	1.011052e+03
	994	460	248.500000	25.000000	1.008010e+03
	996	464	249.000000	26.000000	1.006271e+03
	990	465	247.500000	26.250000	1.007226e+03
	780	466	195.000000	26.500000	1.011001e+03
	988	467	247.000000	26.750000	1.007636e+03
	772	469	193.000000	27.250000	1.011095e+03
	979	472	244.750000	28.000000	1.010321e+03
	996	472	249.000000	28.000000	1.005361e+03
	780	473	195.000000	28.250000	1.011260e+03
	897	473	224.250000	28.250000	1.015312e+03
	898	473	224.500000	28.250000	1.015312e+03
	784	475	196.000000	28.750000	1.011220e+03
	994	476	248.500000	29.000000	1.004204e+03
	783	477	195.750000	29.250000	1.011237e+03
	989	478	247.250000	29.500000	1.004667e+03
	984	480	246.000000	30.000000	1.004576e+03
	792	481	198.000000	30.250000	1.011213e+03
	983	482	245.750000	30.500000	1.004426e+03
	986	484	246.500000	31.000000	1.004311e+03
	795	485	198.750000	31.250000	1.011102e+03
	970	485	242.500000	31.250000	1.011335e+03
	975	485	243.750000	31.250000	1.010695e+03
	983	485	245.750000	31.250000	1.004261e+03
	983	486	245.750000	31.500000	1.004261e+03
	1000	487	250.000000	31.750000	1.007821e+03
	974	488	243.500000	32.000000	1.010815e+03
	973	490	243.250000	32.500000	1.010909e+03
	985	491	246.250000	32.750000	1.003716e+03
	993	491	248.250000	32.750000	1.004630e+03
	977	492	244.250000	33.000000	1.002540e+03
	997	492	249.250000	33.000000	1.006091e+03
	991	494	247.750000	33.500000	1.004339e+03
	981	495	245.250000	33.750000	1.002840e+03
	967	496	241.750000	34.000000	1.009626e+03
	970	496	242.500000	34.000000	1.009631e+03
	962	497	240.500000	34.250000	1.009931e+03
	979	497	244.750000	34.250000	1.003134e+03
	981	499	245.250000	34.750000	1.003458e+03
	1000	500	250.000000	35.000000	1.013120e+03
	989	501	247.250000	35.250000	1.011656e+03
	963	502	240.750000	35.500000	1.005414e+03
	943	503	235.750000	35.750000	1.012471e+03
	971	503	242.750000	35.750000	1.004685e+03
	975	503	243.750000	35.750000	1.003191e+03
	962	504	240.500000	36.000000	1.005242e+03
	956	505	239.000000	36.250000	1.009208e+03
	982	505	245.500000	36.250000	1.001805e+03
	972	506	243.000000	36.500000	1.003119e+03
	989	506	247.250000	36.500000	1.007698e+03
	994	508	248.500000	37.000000	1.004359e+03
	997	510	249.250000	37.500000	1.003306e+03
	980	512	245.000000	38.000000	1.006045e+03
	944	513	236.000000	38.250000	1.011846e+03
	969	513	242.250000	38.250000	1.006071e+03
	978	514	244.500000	38.500000	1.006339e+03
	997	514	249.250000	38.500000	1.002156e+03
	1000	515	250.000000	38.750000	1.001570e+03
	967	516	241.750000	39.000000	1.006931e+03
	972	517	243.000000	39.250000	1.007096e+03
	976	517	244.000000	39.250000	1.006909e+03
	989	517	247.250000	39.250000	1.003023e+03
	952	518	238.000000	39.500000	1.006461e+03
	956	520	239.000000	40.000000	1.012340e+03
	969	520	242.250000	40.000000	1.004876e+03
	992	520	248.000000	40.000000	1.005379e+03
	945	521	236.250000	40.250000	1.011084e+03
	986	522	246.500000	40.500000	1.002344e+03
	764	523	191.000000	40.750000	9.965750e+02
	973	523	243.250000	40.750000	1.005875e+03
	978	524	244.500000	41.000000	1.007246e+03
	717	525	179.250000	41.250000	1.005326e+03
	954	525	238.500000	41.250000	1.010364e+03
	986	525	246.500000	41.250000	1.002448e+03
	968	526	242.000000	41.500000	1.005999e+03
	950	527	237.500000	41.750000	1.009709e+03
	991	527	247.750000	41.750000	1.003765e+03
	709	528	177.250000	42.000000	1.005276e+03
	943	528	235.750000	42.000000	1.011291e+03
	995	528	248.750000	42.000000	1.007284e+03
	948	530	237.000000	42.500000	1.009112e+03
	954	530	238.500000	42.500000	1.008718e+03
	967	530	241.750000	42.500000	1.004646e+03
	980	531	245.000000	42.750000	1.002999e+03
	702	532	175.500000	43.000000	1.005398e+03
	959	532	239.750000	43.000000	1.005833e+03
	969	532	242.250000	43.000000	1.003185e+03
	977	532	244.250000	43.000000	1.002804e+03
	965	533	241.250000	43.250000	1.004463e+03
	990	535	247.500000	43.750000	1.000576e+03
	972	536	243.000000	44.000000	1.001259e+03
	956	537	239.000000	44.250000	1.007528e+03
	984	538	246.000000	44.500000	1.006266e+03
	963	539	240.750000	44.750000	1.006948e+03
	949	541	237.250000	45.250000	1.009400e+03
	990	541	247.500000	45.250000	1.005571e+03
	981	544	245.250000	46.000000	1.007920e+03
	994	544	248.500000	46.000000	1.004785e+03
	963	546	240.750000	46.500000	1.001823e+03
	972	546	243.000000	46.500000	1.004321e+03
	984	547	246.000000	46.750000	1.004479e+03
	950	550	237.500000	47.500000	1.009039e+03
	982	550	245.500000	47.500000	1.003891e+03
	963	552	240.750000	48.000000	1.002636e+03
	970	552	242.500000	48.000000	1.003151e+03
	998	552	249.500000	48.000000	1.002508e+03
	973	553	243.250000	48.250000	1.003076e+03
	968	555	242.000000	48.750000	1.002939e+03
	947	556	236.750000	49.000000	1.009042e+03
	935	557	233.750000	49.250000	1.010975e+03
	996	557	249.000000	49.250000	1.004258e+03
	944	558	236.000000	49.500000	1.009476e+03
	977	558	244.250000	49.500000	1.003749e+03
	985	558	246.250000	49.500000	1.003620e+03
	728	559	182.000000	49.750000	9.980825e+02
	988	559	247.000000	49.750000	1.003699e+03
	951	560	237.750000	50.000000	1.010080e+03
	962	560	240.500000	50.000000	1.006294e+03
	992	560	248.000000	50.000000	1.003494e+03
	959	561	239.750000	50.250000	1.007883e+03
	968	561	242.000000	50.250000	1.006659e+03
	999	561	249.750000	50.250000	1.003862e+03
	963	562	240.750000	50.500000	1.006340e+03
	975	563	243.750000	50.750000	1.006776e+03
	785	564	196.250000	51.000000	9.993550e+02
	940	564	235.000000	51.000000	1.011369e+03
	943	565	235.750000	51.250000	1.011694e+03
	951	568	237.750000	52.000000	1.008921e+03
	966	568	241.500000	52.000000	1.008795e+03
	967	568	241.750000	52.000000	1.008795e+03
	974	569	243.500000	52.250000	1.009195e+03
	928	570	232.000000	52.500000	1.016645e+03
	979	570	244.750000	52.500000	1.007282e+03
	913	571	228.250000	52.750000	1.021528e+03
	963	571	240.750000	52.750000	1.009815e+03
	949	573	237.250000	53.250000	1.010068e+03
	971	574	242.750000	53.500000	1.007926e+03
	950	576	237.500000	54.000000	1.010469e+03
	926	577	231.500000	54.250000	1.016714e+03
	955	578	238.750000	54.500000	1.011536e+03
	971	579	242.750000	54.750000	1.008653e+03
	947	581	236.750000	55.250000	1.011398e+03
	977	582	244.250000	55.500000	1.008699e+03
	960	584	240.000000	56.000000	1.009037e+03
	964	584	241.000000	56.000000	1.009057e+03
	970	584	242.500000	56.000000	1.008802e+03
	939	588	234.750000	57.000000	1.013855e+03
	904	590	226.000000	57.500000	1.023445e+03
	972	591	243.000000	57.750000	1.008590e+03
	996	591	249.000000	57.750000	1.005381e+03
	966	593	241.500000	58.250000	1.009139e+03
	890	594	222.500000	58.500000	1.024560e+03
	811	595	202.750000	58.750000	1.013570e+03
	974	595	243.500000	58.750000	1.009129e+03
	801	596	200.250000	59.000000	1.013542e+03
	806	596	201.500000	59.000000	1.013585e+03
	962	596	240.500000	59.000000	1.008856e+03
	794	599	198.500000	59.750000	1.013501e+03
	834	599	208.500000	59.750000	1.020024e+03
	896	599	224.000000	59.750000	1.020943e+03
	992	600	248.000000	60.000000	1.004331e+03
