2015	9	1	181	3
	711	420	177.750000	15.000000	1.009231e+03
	742	420	185.500000	15.000000	1.009976e+03
	833	420	208.250000	15.000000	1.009616e+03
	844	421	211.000000	15.250000	1.009736e+03
	928	422	232.000000	15.500000	1.012296e+03
	929	422	232.250000	15.500000	1.012296e+03
	814	423	203.500000	15.750000	1.009874e+03
	790	424	197.500000	16.000000	1.010271e+03
	843	424	210.750000	16.000000	1.009756e+03
	835	425	208.750000	16.250000	1.009576e+03
	888	425	222.000000	16.250000	9.786887e+02
	703	426	175.750000	16.500000	1.009274e+03
	829	426	207.250000	16.500000	1.009464e+03
	982	426	245.500000	16.500000	1.010531e+03
	827	427	206.750000	16.750000	1.009416e+03
	710	430	177.500000	17.500000	1.009466e+03
	988	431	247.000000	17.750000	1.010946e+03
	989	432	247.250000	18.000000	1.010946e+03
	816	435	204.000000	18.750000	1.009356e+03
	812	437	203.000000	19.250000	1.009426e+03
	814	438	203.500000	19.500000	1.009274e+03
	815	440	203.750000	20.000000	1.009184e+03
	999	442	249.750000	20.500000	1.010811e+03
	994	446	248.500000	21.500000	1.010879e+03
	992	447	248.000000	21.750000	1.010876e+03
	831	449	207.750000	22.250000	9.800513e+02
	722	450	180.500000	22.500000	9.804838e+02
	1000	451	250.000000	22.750000	1.010486e+03
	998	453	249.500000	23.250000	1.010426e+03
	997	455	249.250000	23.750000	1.010341e+03
	995	456	248.750000	24.000000	1.010304e+03
	999	458	249.750000	24.500000	1.010044e+03
	994	459	248.500000	24.750000	1.010309e+03
	991	464	247.750000	26.000000	1.010549e+03
	996	464	249.000000	26.000000	1.009516e+03
	989	465	247.250000	26.250000	1.010564e+03
	987	467	246.750000	26.750000	1.010289e+03
	985	471	246.250000	27.750000	1.011404e+03
	990	472	247.500000	28.000000	1.008606e+03
	988	475	247.000000	28.750000	1.008289e+03
	980	477	245.000000	29.250000	1.011641e+03
	989	478	247.250000	29.500000	1.008294e+03
	976	482	244.000000	30.500000	1.011676e+03
	1000	482	250.000000	30.500000	1.015521e+03
	717	483	179.250000	30.750000	1.013086e+03
	982	483	245.500000	30.750000	1.005456e+03
	975	484	243.750000	31.000000	1.011616e+03
	660	487	165.000000	31.750000	1.014106e+03
	705	487	176.250000	31.750000	1.013344e+03
	1000	487	250.000000	31.750000	1.014431e+03
	724	488	181.000000	32.000000	1.013324e+03
	979	489	244.750000	32.250000	1.004201e+03
	708	490	177.000000	32.500000	1.013376e+03
	968	491	242.000000	32.750000	1.010691e+03
	978	491	244.500000	32.750000	1.004356e+03
	984	491	246.000000	32.750000	1.004986e+03
	709	492	177.250000	33.000000	1.013364e+03
	977	492	244.250000	33.000000	1.004356e+03
	692	493	173.000000	33.250000	1.013644e+03
	969	493	242.250000	33.250000	1.010664e+03
	692	494	173.000000	33.500000	1.013644e+03
	698	494	174.500000	33.500000	1.013666e+03
	985	494	246.250000	33.500000	1.005656e+03
	982	495	245.500000	33.750000	1.004586e+03
	970	496	242.500000	34.000000	1.010271e+03
	962	497	240.500000	34.250000	1.009579e+03
	978	497	244.500000	34.250000	1.004984e+03
	975	500	243.750000	35.000000	1.005134e+03
	667	501	166.750000	35.250000	1.014944e+03
	723	501	180.750000	35.250000	1.012791e+03
	739	501	184.750000	35.250000	1.013704e+03
	663	502	165.750000	35.500000	1.014889e+03
	671	502	167.750000	35.500000	1.014879e+03
	996	502	249.000000	35.500000	1.014219e+03
	696	503	174.000000	35.750000	1.014666e+03
	971	503	242.750000	35.750000	1.005721e+03
	974	503	243.500000	35.750000	1.004826e+03
	956	504	239.000000	36.000000	1.009949e+03
	962	504	240.500000	36.000000	1.007411e+03
	688	505	172.000000	36.250000	1.014361e+03
	982	505	245.500000	36.250000	1.004621e+03
	972	506	243.000000	36.500000	1.003731e+03
	981	507	245.250000	36.750000	1.005051e+03
	958	508	239.500000	37.000000	1.008006e+03
	994	508	248.500000	37.000000	1.010504e+03
	713	509	178.250000	37.250000	1.014216e+03
	968	509	242.000000	37.250000	1.006796e+03
	997	509	249.250000	37.250000	1.010809e+03
	980	511	245.000000	37.750000	1.006936e+03
	986	511	246.500000	37.750000	1.009361e+03
	662	512	165.500000	38.000000	1.013359e+03
	968	512	242.000000	38.000000	1.005859e+03
	977	514	244.250000	38.500000	1.006481e+03
	997	514	249.250000	38.500000	1.010386e+03
	1000	515	250.000000	38.750000	1.009564e+03
	967	516	241.750000	39.000000	1.006304e+03
	972	517	243.000000	39.250000	1.007719e+03
	989	517	247.250000	39.250000	1.006094e+03
	945	518	236.250000	39.500000	1.011159e+03
	952	518	238.000000	39.500000	1.006904e+03
	965	518	241.250000	39.500000	1.006356e+03
	986	518	246.500000	39.500000	1.006184e+03
	976	519	244.000000	39.750000	1.006776e+03
	983	519	245.750000	39.750000	1.007731e+03
	969	520	242.250000	40.000000	1.007064e+03
	987	520	246.750000	40.000000	1.006326e+03
	992	520	248.000000	40.000000	1.008149e+03
	979	521	244.750000	40.250000	1.007416e+03
	972	523	243.000000	40.750000	1.006886e+03
	964	524	241.000000	41.000000	1.007379e+03
	968	524	242.000000	41.000000	1.007721e+03
	980	524	245.000000	41.000000	1.007809e+03
	990	525	247.500000	41.250000	1.007951e+03
	956	526	239.000000	41.500000	1.009301e+03
	982	526	245.500000	41.500000	1.007629e+03
	999	526	249.750000	41.500000	1.010481e+03
	950	527	237.500000	41.750000	1.011649e+03
	973	528	243.250000	42.000000	1.007731e+03
	995	528	248.750000	42.000000	1.011111e+03
	948	530	237.000000	42.500000	1.012891e+03
	963	530	240.750000	42.500000	1.008471e+03
	967	530	241.750000	42.500000	1.007269e+03
	980	531	245.000000	42.750000	1.007489e+03
	986	531	246.500000	42.750000	1.008126e+03
	959	532	239.750000	43.000000	1.009111e+03
	977	532	244.250000	43.000000	1.007251e+03
	965	533	241.250000	43.250000	1.008954e+03
	990	535	247.500000	43.750000	1.007936e+03
	972	536	243.000000	44.000000	1.007771e+03
	956	537	239.000000	44.250000	1.011241e+03
	962	538	240.500000	44.500000	1.010746e+03
	969	538	242.250000	44.500000	1.008514e+03
	959	539	239.750000	44.750000	1.010999e+03
	984	541	246.000000	45.250000	1.009006e+03
	949	542	237.250000	45.500000	1.013466e+03
	949	543	237.250000	45.750000	1.013466e+03
	974	543	243.500000	45.750000	1.009354e+03
	993	543	248.250000	45.750000	1.006509e+03
	976	545	244.000000	46.250000	1.009776e+03
	972	546	243.000000	46.500000	1.009959e+03
	963	547	240.750000	46.750000	1.008054e+03
	984	547	246.000000	46.750000	1.010059e+03
	988	549	247.000000	47.250000	1.010706e+03
	967	550	241.750000	47.500000	1.008556e+03
	982	551	245.500000	47.750000	1.009276e+03
	998	552	249.500000	48.000000	1.007054e+03
	735	553	183.750000	48.250000	1.002951e+03
	962	553	240.500000	48.250000	1.009226e+03
	979	553	244.750000	48.250000	1.010019e+03
	979	557	244.750000	49.250000	1.010316e+03
	939	561	234.750000	50.250000	1.004299e+03
	945	561	236.250000	50.250000	1.003326e+03
	972	566	243.000000	51.500000	1.006054e+03
	949	570	237.250000	52.500000	9.972712e+02
	985	573	246.250000	53.250000	9.987737e+02
	801	574	200.250000	53.500000	1.019671e+03
	974	574	243.500000	53.500000	9.994788e+02
	971	575	242.750000	53.750000	9.998538e+02
	951	576	237.750000	54.000000	9.983962e+02
	673	577	168.250000	54.250000	9.944888e+02
	955	578	238.750000	54.500000	9.990762e+02
	940	579	235.000000	54.750000	1.000399e+03
	934	580	233.500000	55.000000	1.000214e+03
	960	580	240.000000	55.000000	9.985187e+02
	992	580	248.000000	55.000000	1.000246e+03
	930	581	232.500000	55.250000	1.000436e+03
	804	584	201.000000	56.000000	1.018116e+03
	941	586	235.250000	56.500000	9.981763e+02
	882	590	220.500000	57.500000	9.939288e+02
	938	590	234.500000	57.500000	9.973713e+02
	920	591	230.000000	57.750000	9.979412e+02
	926	591	231.500000	57.750000	9.973862e+02
	822	592	205.500000	58.000000	1.012619e+03
	916	593	229.000000	58.250000	9.974562e+02
	890	594	222.500000	58.500000	9.959412e+02
	888	596	222.000000	59.000000	9.959062e+02
	964	597	241.000000	59.250000	9.933787e+02
	913	598	228.250000	59.500000	9.977562e+02
	971	598	242.750000	59.500000	9.936262e+02
	841	599	210.250000	59.750000	1.004429e+03
	872	600	218.000000	60.000000	9.969863e+02
