2015	9	22	220	0
	687	421	171.750000	15.250000	1.008269e+03
	690	421	172.500000	15.250000	1.008269e+03
	687	422	171.750000	15.500000	1.008269e+03
	709	422	177.250000	15.500000	1.008122e+03
	766	422	191.500000	15.500000	1.008734e+03
	948	422	237.000000	15.500000	1.007099e+03
	692	423	173.000000	15.750000	1.008257e+03
	704	423	176.000000	15.750000	1.008144e+03
	711	423	177.750000	15.750000	1.008102e+03
	713	423	178.250000	15.750000	1.008102e+03
	770	423	192.500000	15.750000	1.008882e+03
	924	423	231.000000	15.750000	1.007837e+03
	759	425	189.750000	16.250000	1.008619e+03
	941	425	235.250000	16.250000	1.007467e+03
	707	426	176.750000	16.500000	1.008147e+03
	716	426	179.000000	16.500000	1.008119e+03
	938	426	234.500000	16.500000	1.007479e+03
	718	428	179.500000	17.000000	1.008102e+03
	763	428	190.750000	17.000000	1.008694e+03
	934	428	233.500000	17.000000	1.007547e+03
	763	429	190.750000	17.250000	1.008694e+03
	720	430	180.000000	17.500000	1.008102e+03
	721	431	180.250000	17.750000	1.008102e+03
	996	432	249.000000	18.000000	1.010014e+03
	969	433	242.250000	18.250000	1.009507e+03
	815	436	203.750000	19.000000	1.009429e+03
	814	438	203.500000	19.500000	1.009287e+03
	815	440	203.750000	20.000000	1.009132e+03
	821	440	205.250000	20.000000	1.011149e+03
	821	443	205.250000	20.750000	1.011349e+03
	817	444	204.250000	21.000000	1.011274e+03
	756	446	189.000000	21.500000	1.007484e+03
	989	449	247.250000	22.250000	1.009884e+03
	999	452	249.750000	23.000000	1.009777e+03
	997	454	249.250000	23.500000	1.009727e+03
	995	456	248.750000	24.000000	1.009782e+03
	948	457	237.000000	24.250000	1.010137e+03
	949	457	237.250000	24.250000	1.010137e+03
	994	459	248.500000	24.750000	1.009827e+03
	999	459	249.750000	24.750000	1.009049e+03
	993	460	248.250000	25.000000	1.009827e+03
	950	463	237.500000	25.750000	1.010147e+03
	726	464	181.500000	26.000000	1.006824e+03
	932	464	233.000000	26.000000	1.010569e+03
	952	464	238.000000	26.000000	1.010162e+03
	989	465	247.250000	26.250000	1.009842e+03
	748	466	187.000000	26.500000	1.004637e+03
	725	468	181.250000	27.000000	1.006877e+03
	982	468	245.500000	27.000000	1.009704e+03
	987	468	246.750000	27.000000	1.009627e+03
	992	470	248.000000	27.500000	1.008137e+03
	983	472	245.750000	28.000000	1.008827e+03
	714	473	178.500000	28.250000	1.006897e+03
	988	475	247.000000	28.750000	1.007784e+03
	955	476	238.750000	29.000000	1.009687e+03
	980	476	245.000000	29.000000	1.008479e+03
	978	477	244.500000	29.250000	1.008444e+03
	969	479	242.250000	29.750000	1.009182e+03
	691	480	172.750000	30.000000	1.005667e+03
	976	482	244.000000	30.500000	1.007934e+03
	982	482	245.500000	30.500000	1.006437e+03
	713	483	178.250000	30.750000	1.007042e+03
	965	483	241.250000	30.750000	1.008827e+03
	951	484	237.750000	31.000000	1.009509e+03
	975	484	243.750000	31.000000	1.007894e+03
	973	486	243.250000	31.500000	1.008232e+03
	686	487	171.500000	31.750000	1.005114e+03
	980	487	245.000000	31.750000	1.005822e+03
	686	488	171.500000	32.000000	1.005114e+03
	963	488	240.750000	32.000000	1.008637e+03
	991	488	247.750000	32.000000	1.008479e+03
	959	489	239.750000	32.250000	1.008819e+03
	979	489	244.750000	32.250000	1.005684e+03
	996	489	249.000000	32.250000	1.008339e+03
	985	491	246.250000	32.750000	1.006194e+03
	959	492	239.750000	33.000000	1.008834e+03
	970	492	242.500000	33.000000	1.009349e+03
	971	492	242.750000	33.000000	1.009349e+03
	977	492	244.250000	33.000000	1.005149e+03
	995	492	248.750000	33.000000	1.007682e+03
	981	495	245.250000	33.750000	1.005849e+03
	967	496	241.750000	34.000000	1.008787e+03
	978	497	244.500000	34.250000	1.005099e+03
	987	497	246.750000	34.250000	1.007192e+03
	981	500	245.250000	35.000000	1.004839e+03
	989	501	247.250000	35.250000	1.007147e+03
	971	503	242.750000	35.750000	1.003379e+03
	975	503	243.750000	35.750000	1.002554e+03
	995	504	248.750000	36.000000	1.006804e+03
	956	505	239.000000	36.250000	1.004634e+03
	960	505	240.000000	36.250000	1.002582e+03
	982	505	245.500000	36.250000	1.002097e+03
	972	506	243.000000	36.500000	1.002579e+03
	976	507	244.000000	36.750000	1.004499e+03
	958	508	239.500000	37.000000	1.002997e+03
	995	508	248.750000	37.000000	1.007329e+03
	968	509	242.000000	37.250000	1.005254e+03
	998	509	249.500000	37.250000	1.007319e+03
	986	511	246.500000	37.750000	1.006704e+03
	968	512	242.000000	38.000000	1.005287e+03
	954	513	238.500000	38.250000	1.004004e+03
	823	514	205.750000	38.500000	1.024254e+03
	977	514	244.250000	38.500000	1.006054e+03
	982	514	245.500000	38.500000	1.007274e+03
	997	514	249.250000	38.500000	1.007492e+03
	974	515	243.500000	38.750000	1.007474e+03
	1000	515	250.000000	38.750000	1.007287e+03
	972	517	243.000000	39.250000	1.006207e+03
	989	517	247.250000	39.250000	1.005094e+03
	952	518	238.000000	39.500000	1.003239e+03
	965	518	241.250000	39.500000	1.004542e+03
	986	518	246.500000	39.500000	1.005377e+03
	840	519	210.000000	39.750000	1.023389e+03
	983	519	245.750000	39.750000	1.007284e+03
	969	520	242.250000	40.000000	1.005087e+03
	987	520	246.750000	40.000000	1.005442e+03
	992	520	248.000000	40.000000	1.006489e+03
	950	521	237.500000	40.250000	1.003859e+03
	961	521	240.250000	40.250000	1.005324e+03
	972	523	243.000000	40.750000	1.005029e+03
	982	523	245.500000	40.750000	1.006664e+03
	964	524	241.000000	41.000000	1.005084e+03
	968	524	242.000000	41.000000	1.005284e+03
	978	524	244.500000	41.000000	1.006622e+03
	991	524	247.750000	41.000000	1.008142e+03
	982	526	245.500000	41.500000	1.006399e+03
	1000	526	250.000000	41.500000	1.008449e+03
	892	527	223.000000	41.750000	1.017204e+03
	950	527	237.500000	41.750000	1.005919e+03
	955	527	238.750000	41.750000	1.006122e+03
	973	527	243.250000	41.750000	1.005809e+03
	991	527	247.750000	41.750000	1.008644e+03
	995	527	248.750000	41.750000	1.009722e+03
	965	529	241.250000	42.250000	1.006284e+03
	1000	530	250.000000	42.500000	1.008399e+03
	980	531	245.000000	42.750000	1.006109e+03
	985	531	246.250000	42.750000	1.006427e+03
	977	532	244.250000	43.000000	1.006379e+03
	988	532	247.000000	43.000000	1.006894e+03
	957	533	239.250000	43.250000	1.005702e+03
	967	535	241.750000	43.750000	1.007437e+03
	990	535	247.500000	43.750000	1.006572e+03
	972	536	243.000000	44.000000	1.007284e+03
	968	538	242.000000	44.500000	1.008319e+03
	984	540	246.000000	45.000000	1.007779e+03
	990	541	247.500000	45.250000	1.007384e+03
	993	543	248.250000	45.750000	1.007664e+03
	962	544	240.500000	46.000000	1.009532e+03
	972	544	243.000000	46.000000	1.010217e+03
	959	545	239.750000	46.250000	1.009894e+03
	947	550	236.750000	47.500000	1.015302e+03
	978	551	244.500000	47.750000	1.011709e+03
	982	551	245.500000	47.750000	1.010817e+03
	970	552	242.500000	48.000000	1.010817e+03
	944	555	236.000000	48.750000	1.016164e+03
	974	555	243.500000	48.750000	1.011157e+03
	977	558	244.250000	49.500000	1.010642e+03
	938	559	234.500000	49.750000	1.015784e+03
	721	561	180.250000	50.250000	1.036334e+03
	956	561	239.000000	50.250000	1.014042e+03
	953	562	238.250000	50.500000	1.013664e+03
	993	562	248.250000	50.500000	1.015224e+03
	997	562	249.250000	50.500000	1.015267e+03
	933	564	233.250000	51.000000	1.016614e+03
	974	564	243.500000	51.000000	1.013897e+03
	978	565	244.500000	51.250000	1.013274e+03
	970	566	242.500000	51.500000	1.014947e+03
	945	567	236.250000	51.750000	1.011407e+03
	872	568	218.000000	52.000000	1.005584e+03
	989	568	247.250000	52.000000	1.015712e+03
	963	571	240.750000	52.750000	1.015637e+03
	977	571	244.250000	52.750000	1.013949e+03
	957	573	239.250000	53.250000	1.016044e+03
	972	574	243.000000	53.500000	1.014452e+03
	946	575	236.500000	53.750000	1.013394e+03
	969	576	242.250000	54.000000	1.014474e+03
	945	577	236.250000	54.250000	1.013347e+03
	981	577	245.250000	54.250000	1.014714e+03
	776	578	194.000000	54.500000	1.023812e+03
	964	578	241.000000	54.500000	1.014477e+03
	927	579	231.750000	54.750000	1.014709e+03
	934	579	233.500000	54.750000	1.013619e+03
	987	579	246.750000	54.750000	1.015234e+03
	882	580	220.500000	55.000000	1.003707e+03
	929	581	232.250000	55.250000	1.014034e+03
	945	581	236.250000	55.250000	1.013419e+03
	958	582	239.500000	55.500000	1.013872e+03
	925	583	231.250000	55.750000	1.013749e+03
	979	583	244.750000	55.750000	1.015434e+03
	952	584	238.000000	56.000000	1.013364e+03
	968	585	242.000000	56.250000	1.014907e+03
	940	586	235.000000	56.500000	1.012099e+03
	962	586	240.500000	56.500000	1.014722e+03
	934	587	233.500000	56.750000	1.012702e+03
	948	588	237.000000	57.000000	1.012512e+03
	738	590	184.500000	57.500000	1.028757e+03
	930	590	232.500000	57.500000	1.012694e+03
	938	590	234.500000	57.500000	1.012097e+03
	944	590	236.000000	57.500000	1.013242e+03
	866	591	216.500000	57.750000	1.007029e+03
	822	592	205.500000	58.000000	1.011949e+03
	878	592	219.500000	58.000000	1.006782e+03
	882	592	220.500000	58.000000	1.006902e+03
	944	592	236.000000	58.000000	1.013109e+03
	860	593	215.000000	58.250000	1.006944e+03
	934	593	233.500000	58.250000	1.012357e+03
	876	594	219.000000	58.500000	1.006957e+03
	890	594	222.500000	58.500000	1.008589e+03
	918	594	229.500000	58.500000	1.011012e+03
	914	595	228.500000	58.750000	1.010547e+03
	939	595	234.750000	58.750000	1.013062e+03
	961	595	240.250000	58.750000	1.016437e+03
	953	596	238.250000	59.000000	1.015997e+03
	927	598	231.750000	59.500000	1.010484e+03
	826	599	206.500000	59.750000	1.010384e+03
	836	599	209.000000	59.750000	1.009114e+03
	877	599	219.250000	59.750000	1.008034e+03
	883	599	220.750000	59.750000	1.008212e+03
	973	599	243.250000	59.750000	1.015582e+03
	905	600	226.250000	60.000000	1.008899e+03
