2015	9	5	215	0
	695	421	173.750000	15.250000	1.007676e+03
	763	421	190.750000	15.250000	1.008768e+03
	762	422	190.500000	15.500000	1.008768e+03
	806	422	201.500000	15.500000	1.008431e+03
	807	422	201.750000	15.500000	1.008431e+03
	787	423	196.750000	15.750000	1.008678e+03
	771	424	192.750000	16.000000	1.008423e+03
	776	425	194.000000	16.250000	1.008576e+03
	980	425	245.000000	16.250000	1.006756e+03
	736	427	184.000000	16.750000	1.009846e+03
	822	427	205.500000	16.750000	1.008273e+03
	734	428	183.500000	17.000000	1.009843e+03
	789	432	197.250000	18.000000	1.009061e+03
	793	435	198.250000	18.750000	1.009103e+03
	820	436	205.000000	19.000000	1.008928e+03
	814	438	203.500000	19.500000	1.009256e+03
	815	440	203.750000	20.000000	1.009036e+03
	820	441	205.000000	20.250000	1.009698e+03
	857	441	214.250000	20.250000	9.758582e+02
	818	442	204.500000	20.500000	1.009788e+03
	999	442	249.750000	20.500000	1.007041e+03
	821	443	205.250000	20.750000	1.009878e+03
	789	446	197.250000	21.500000	1.009871e+03
	1000	446	250.000000	21.500000	1.007068e+03
	806	447	201.500000	21.750000	1.010193e+03
	980	447	245.000000	21.750000	1.003641e+03
	803	449	200.750000	22.250000	1.010298e+03
	1000	451	250.000000	22.750000	1.006921e+03
	998	453	249.500000	23.250000	1.006861e+03
	695	454	173.750000	23.500000	9.598131e+02
	730	455	182.500000	23.750000	1.010941e+03
	997	455	249.250000	23.750000	1.006793e+03
	998	457	249.500000	24.250000	1.006946e+03
	1000	458	250.000000	24.500000	1.006831e+03
	774	460	193.500000	25.000000	1.010771e+03
	792	460	198.000000	25.000000	1.010741e+03
	993	460	248.250000	25.000000	1.006733e+03
	992	462	248.000000	25.500000	1.006838e+03
	998	462	249.500000	25.500000	1.007283e+03
	773	467	193.250000	26.750000	1.010431e+03
	988	467	247.000000	26.750000	1.007696e+03
	995	467	248.750000	26.750000	1.007758e+03
	993	469	248.250000	27.250000	1.007783e+03
	1000	469	250.000000	27.250000	1.007453e+03
	740	471	185.000000	27.750000	1.011991e+03
	985	471	246.250000	27.750000	1.008733e+03
	737	472	184.250000	28.000000	1.011971e+03
	990	472	247.500000	28.000000	1.007843e+03
	733	475	183.250000	28.750000	1.011998e+03
	983	475	245.750000	28.750000	1.009091e+03
	987	476	246.750000	29.000000	1.007856e+03
	980	478	245.000000	29.500000	1.008948e+03
	984	480	246.000000	30.000000	1.005943e+03
	982	482	245.500000	30.500000	1.005081e+03
	981	484	245.250000	31.000000	1.005183e+03
	976	485	244.000000	31.250000	1.010103e+03
	1000	487	250.000000	31.750000	1.012893e+03
	974	489	243.500000	32.250000	1.010138e+03
	978	491	244.500000	32.750000	1.002988e+03
	984	491	246.000000	32.750000	1.005506e+03
	988	493	247.000000	33.250000	1.005678e+03
	992	493	248.000000	33.250000	1.006758e+03
	971	495	242.750000	33.750000	1.009001e+03
	982	495	245.500000	33.750000	1.003963e+03
	978	497	244.500000	34.250000	1.004036e+03
	783	499	195.750000	34.750000	9.738781e+02
	981	499	245.250000	34.750000	1.004051e+03
	976	500	244.000000	35.000000	1.003033e+03
	981	500	245.250000	35.000000	1.004051e+03
	989	500	247.250000	35.000000	1.009491e+03
	996	502	249.000000	35.500000	1.008601e+03
	962	504	240.500000	36.000000	1.006683e+03
	980	504	245.000000	36.000000	1.002291e+03
	990	504	247.500000	36.000000	1.008546e+03
	962	505	240.500000	36.250000	1.006683e+03
	972	506	243.000000	36.500000	1.000178e+03
	977	507	244.250000	36.750000	1.003063e+03
	981	507	245.250000	36.750000	1.002048e+03
	994	508	248.500000	37.000000	1.005193e+03
	1000	508	250.000000	37.000000	1.007743e+03
	968	509	242.000000	37.250000	1.001508e+03
	957	510	239.250000	37.500000	1.007913e+03
	997	510	249.250000	37.500000	1.005551e+03
	969	512	242.250000	38.000000	1.000526e+03
	974	512	243.500000	38.000000	1.002511e+03
	977	514	244.250000	38.500000	1.001261e+03
	968	515	242.000000	38.750000	1.001378e+03
	952	516	238.000000	39.000000	1.007538e+03
	998	516	249.500000	39.000000	1.004266e+03
	776	518	194.000000	39.500000	1.011091e+03
	969	519	242.250000	39.750000	1.001748e+03
	951	520	237.750000	40.000000	1.007788e+03
	975	520	243.750000	40.000000	1.000886e+03
	1000	520	250.000000	40.000000	1.003386e+03
	729	522	182.250000	40.500000	1.018221e+03
	951	522	237.750000	40.500000	1.007781e+03
	970	522	242.500000	40.500000	1.002486e+03
	973	523	243.250000	40.750000	1.001866e+03
	977	523	244.250000	40.750000	1.000811e+03
	954	524	238.500000	41.000000	1.008411e+03
	985	525	246.250000	41.250000	9.971057e+02
	770	526	192.500000	41.500000	1.008938e+03
	961	527	240.250000	41.750000	1.008841e+03
	995	527	248.750000	41.750000	1.002178e+03
	999	527	249.750000	41.750000	1.002406e+03
	858	528	214.500000	42.000000	1.026366e+03
	974	528	243.500000	42.000000	1.001931e+03
	965	529	241.250000	42.250000	1.008226e+03
	987	530	246.750000	42.500000	9.990956e+02
	1000	530	250.000000	42.500000	1.002528e+03
	977	531	244.250000	42.750000	9.999681e+02
	990	532	247.500000	43.000000	9.998456e+02
	958	533	239.500000	43.250000	1.010096e+03
	963	533	240.750000	43.250000	1.008413e+03
	966	534	241.500000	43.500000	1.008573e+03
	991	534	247.750000	43.500000	1.000321e+03
	952	535	238.000000	43.750000	1.013773e+03
	997	535	249.250000	43.750000	1.003418e+03
	738	537	184.500000	44.250000	1.018333e+03
	949	537	237.250000	44.250000	1.013283e+03
	950	537	237.500000	44.250000	1.013283e+03
	996	539	249.000000	44.750000	1.004973e+03
	950	542	237.500000	45.500000	1.013743e+03
	972	543	243.000000	45.750000	1.007593e+03
	995	543	248.750000	45.750000	1.010296e+03
	998	543	249.500000	45.750000	1.009431e+03
	952	544	238.000000	46.000000	1.013381e+03
	972	544	243.000000	46.000000	1.007593e+03
	980	544	245.000000	46.000000	1.007448e+03
	984	545	246.000000	46.250000	1.008126e+03
	749	546	187.250000	46.500000	1.018741e+03
	976	546	244.000000	46.500000	1.007411e+03
	944	548	236.000000	47.000000	1.014981e+03
	667	549	166.750000	47.250000	1.009223e+03
	752	549	188.000000	47.250000	1.018526e+03
	759	549	189.750000	47.250000	1.018751e+03
	790	549	197.500000	47.250000	1.016228e+03
	982	549	245.500000	47.250000	1.009106e+03
	681	550	170.250000	47.500000	1.009223e+03
	951	550	237.750000	47.500000	1.014793e+03
	965	550	241.250000	47.500000	1.007953e+03
	974	550	243.500000	47.500000	1.007171e+03
	681	551	170.250000	47.750000	1.009223e+03
	943	551	235.750000	47.750000	1.015056e+03
	948	551	237.000000	47.750000	1.014951e+03
	748	552	187.000000	48.000000	1.018601e+03
	756	552	189.000000	48.000000	1.018413e+03
	757	554	189.250000	48.500000	1.018366e+03
	945	556	236.250000	49.000000	1.014746e+03
	820	557	205.000000	49.250000	1.019523e+03
	942	557	235.500000	49.250000	1.015016e+03
	955	557	238.750000	49.250000	1.012993e+03
	936	559	234.000000	49.750000	1.015628e+03
	945	560	236.250000	50.000000	1.014266e+03
	951	560	237.750000	50.000000	1.014076e+03
	963	560	240.750000	50.000000	1.013818e+03
	958	561	239.500000	50.250000	1.013828e+03
	976	563	244.000000	50.750000	1.015846e+03
	963	564	240.750000	51.000000	1.013583e+03
	933	566	233.250000	51.500000	1.015673e+03
	972	566	243.000000	51.500000	1.014791e+03
	940	569	235.000000	52.250000	1.017453e+03
	934	571	233.500000	52.750000	1.016161e+03
	952	571	238.000000	52.750000	1.016963e+03
	961	572	240.250000	53.000000	1.016663e+03
	925	573	231.250000	53.250000	1.016751e+03
	953	573	238.250000	53.250000	1.017063e+03
	774	575	193.500000	53.750000	1.017296e+03
	911	575	227.750000	53.750000	1.016301e+03
	922	576	230.500000	54.000000	1.016788e+03
	927	576	231.750000	54.000000	1.016728e+03
	938	576	234.500000	54.000000	1.017343e+03
	947	576	236.750000	54.000000	1.017651e+03
	993	577	248.250000	54.250000	1.021451e+03
	786	579	196.500000	54.750000	1.016496e+03
	983	579	245.750000	54.750000	1.021746e+03
	921	580	230.250000	55.000000	1.016203e+03
	990	580	247.500000	55.000000	1.021631e+03
	795	582	198.750000	55.500000	1.015733e+03
	925	582	231.250000	55.500000	1.016243e+03
	916	583	229.000000	55.750000	1.016286e+03
	941	583	235.250000	55.750000	1.016781e+03
	985	583	246.250000	55.750000	1.021663e+03
	804	584	201.000000	56.000000	1.014538e+03
	948	584	237.000000	56.000000	1.018116e+03
	969	584	242.250000	56.000000	1.022093e+03
	976	584	244.000000	56.000000	1.022141e+03
	679	585	169.750000	56.250000	1.013773e+03
	908	585	227.000000	56.250000	1.015678e+03
	980	585	245.000000	56.250000	1.021933e+03
	916	586	229.000000	56.500000	1.016083e+03
	928	586	232.000000	56.500000	1.016491e+03
	906	587	226.500000	56.750000	1.015641e+03
	992	587	248.000000	56.750000	1.021213e+03
	814	588	203.500000	57.000000	1.012973e+03
	868	589	217.000000	57.250000	1.004233e+03
	830	590	207.500000	57.500000	1.010061e+03
	938	590	234.500000	57.500000	1.015238e+03
	980	590	245.000000	57.500000	1.020821e+03
	822	592	205.500000	58.000000	1.010313e+03
	864	592	216.000000	58.000000	1.004198e+03
	922	595	230.500000	58.750000	1.013393e+03
	826	596	206.500000	59.000000	1.009883e+03
	861	596	215.250000	59.000000	1.004456e+03
	935	597	233.750000	59.250000	1.013171e+03
	980	597	245.000000	59.250000	1.020043e+03
	986	597	246.500000	59.250000	1.020256e+03
	990	597	247.500000	59.250000	1.020291e+03
	890	598	222.500000	59.500000	1.013566e+03
	896	598	224.000000	59.500000	1.014881e+03
	928	599	232.000000	59.750000	1.012686e+03
	998	599	249.500000	59.750000	1.020723e+03
	666	600	166.500000	60.000000	1.013043e+03
	938	600	234.500000	60.000000	1.013416e+03
	987	600	246.750000	60.000000	1.020108e+03
