2014	10	19	161	21
	713	420	178.250000	15.000000	1.013323e+03
	809	433	202.250000	18.250000	1.015413e+03
	814	434	203.500000	18.500000	1.015576e+03
	680	435	170.000000	18.750000	1.012391e+03
	681	435	170.250000	18.750000	1.012391e+03
	678	436	169.500000	19.000000	1.012371e+03
	815	436	203.750000	19.000000	1.015426e+03
	802	437	200.500000	19.250000	1.014501e+03
	660	438	165.000000	19.500000	1.010708e+03
	815	440	203.750000	20.000000	1.015508e+03
	798	444	199.500000	21.000000	1.006073e+03
	669	445	167.250000	21.250000	1.011683e+03
	812	446	203.000000	21.500000	1.016681e+03
	677	449	169.250000	22.250000	1.012916e+03
	667	450	166.750000	22.500000	1.011756e+03
	709	452	177.250000	23.000000	1.014748e+03
	719	456	179.750000	24.000000	1.015178e+03
	670	457	167.500000	24.250000	1.012631e+03
	996	463	249.000000	25.750000	1.008021e+03
	988	467	247.000000	26.750000	1.009013e+03
	993	467	248.250000	26.750000	1.007901e+03
	990	472	247.500000	28.000000	1.007926e+03
	944	477	236.000000	29.250000	1.014061e+03
	986	477	246.500000	29.250000	1.007758e+03
	998	477	249.500000	29.250000	1.006593e+03
	667	478	166.750000	29.500000	1.013291e+03
	988	478	247.000000	29.500000	1.008113e+03
	992	478	248.000000	29.500000	1.007571e+03
	999	481	249.750000	30.250000	1.007016e+03
	994	482	248.500000	30.500000	1.006918e+03
	982	483	245.500000	30.750000	1.007858e+03
	989	484	247.250000	31.000000	1.007618e+03
	996	485	249.000000	31.250000	1.007951e+03
	999	486	249.750000	31.500000	1.007128e+03
	986	487	246.500000	31.750000	1.007406e+03
	979	489	244.750000	32.250000	1.006836e+03
	978	491	244.500000	32.750000	1.006721e+03
	982	491	245.500000	32.750000	1.006703e+03
	988	492	247.000000	33.000000	1.006728e+03
	993	493	248.250000	33.250000	1.006348e+03
	982	495	245.500000	33.750000	1.006923e+03
	970	496	242.500000	34.000000	1.009733e+03
	979	497	244.750000	34.250000	1.007503e+03
	962	498	240.500000	34.500000	1.011228e+03
	982	499	245.500000	34.750000	1.007236e+03
	969	500	242.250000	35.000000	1.009623e+03
	997	500	249.250000	35.000000	1.010666e+03
	964	501	241.000000	35.250000	1.010158e+03
	976	501	244.000000	35.250000	1.008266e+03
	996	502	249.000000	35.500000	1.010938e+03
	949	503	237.250000	35.750000	1.012813e+03
	971	503	242.750000	35.750000	1.009226e+03
	975	503	243.750000	35.750000	1.008368e+03
	698	504	174.500000	36.000000	1.020178e+03
	963	504	240.750000	36.000000	1.010068e+03
	995	504	248.750000	36.000000	1.011328e+03
	956	505	239.000000	36.250000	1.010683e+03
	960	505	240.000000	36.250000	1.010003e+03
	982	505	245.500000	36.250000	1.008068e+03
	974	506	243.500000	36.500000	1.008926e+03
	700	507	175.000000	36.750000	1.020133e+03
	962	507	240.500000	36.750000	1.010258e+03
	989	507	247.250000	36.750000	1.010276e+03
	958	508	239.500000	37.000000	1.010393e+03
	978	508	244.500000	37.000000	1.010053e+03
	994	508	248.500000	37.000000	1.011773e+03
	705	510	176.250000	37.500000	1.019978e+03
	998	510	249.500000	37.500000	1.012088e+03
	986	511	246.500000	37.750000	1.011411e+03
	969	512	242.250000	38.000000	1.010901e+03
	710	513	177.500000	38.250000	1.019688e+03
	977	513	244.250000	38.250000	1.011506e+03
	997	513	249.250000	38.250000	1.013126e+03
	963	515	240.750000	38.750000	1.009788e+03
	715	516	178.750000	39.000000	1.019118e+03
	966	516	241.500000	39.000000	1.009838e+03
	989	516	247.250000	39.000000	1.012391e+03
	992	516	248.000000	39.000000	1.012086e+03
	718	518	179.500000	39.500000	1.018718e+03
	974	518	243.500000	39.500000	1.011283e+03
	986	518	246.500000	39.500000	1.012811e+03
	960	519	240.000000	39.750000	1.009951e+03
	969	519	242.250000	39.750000	1.010376e+03
	950	520	237.500000	40.000000	1.010041e+03
	979	520	244.750000	40.000000	1.011823e+03
	992	520	248.000000	40.000000	1.012491e+03
	725	522	181.250000	40.500000	1.017716e+03
	948	522	237.000000	40.500000	1.009781e+03
	957	522	239.250000	40.500000	1.010793e+03
	968	523	242.000000	40.750000	1.010748e+03
	972	523	243.000000	40.750000	1.010633e+03
	977	523	244.250000	40.750000	1.011143e+03
	728	524	182.000000	41.000000	1.017126e+03
	995	525	248.750000	41.250000	1.013623e+03
	957	526	239.250000	41.500000	1.009423e+03
	991	527	247.750000	41.750000	1.013636e+03
	953	528	238.250000	42.000000	1.009078e+03
	973	528	243.250000	42.000000	1.010396e+03
	1000	528	250.000000	42.000000	1.014711e+03
	948	529	237.000000	42.250000	1.007063e+03
	979	530	244.750000	42.500000	1.010256e+03
	969	531	242.250000	42.750000	1.009411e+03
	963	532	240.750000	43.000000	1.008661e+03
	977	532	244.250000	43.000000	1.010246e+03
	996	532	249.000000	43.000000	1.014498e+03
	955	533	238.750000	43.250000	1.008103e+03
	971	533	242.750000	43.250000	1.009768e+03
	946	535	236.500000	43.750000	1.006868e+03
	960	535	240.000000	43.750000	1.008608e+03
	997	535	249.250000	43.750000	1.015078e+03
	954	537	238.500000	44.250000	1.006168e+03
	946	540	236.500000	45.000000	1.006571e+03
	990	541	247.500000	45.250000	1.012653e+03
	965	542	241.250000	45.500000	1.007303e+03
	993	543	248.250000	45.750000	1.011813e+03
	975	544	243.750000	46.000000	1.008841e+03
	957	545	239.250000	46.250000	1.007876e+03
	969	546	242.250000	46.500000	1.007706e+03
	984	546	246.000000	46.500000	1.010448e+03
	987	546	246.750000	46.500000	1.011008e+03
	963	548	240.750000	47.000000	1.008386e+03
	980	549	245.000000	47.250000	1.010258e+03
	1000	549	250.000000	47.250000	1.010446e+03
	992	551	248.000000	47.750000	1.009348e+03
	947	553	236.750000	48.250000	1.002746e+03
	963	555	240.750000	48.750000	1.008958e+03
	978	556	244.500000	49.000000	1.011123e+03
	954	557	238.500000	49.250000	1.005633e+03
	981	557	245.250000	49.250000	1.011536e+03
	963	561	240.750000	50.250000	1.007646e+03
	780	564	195.000000	51.000000	9.943181e+02
	973	564	243.250000	51.000000	1.010533e+03
	777	565	194.250000	51.250000	9.941356e+02
	772	566	193.000000	51.500000	9.940681e+02
	970	566	242.500000	51.500000	1.009881e+03
	767	567	191.750000	51.750000	9.939581e+02
	761	568	190.250000	52.000000	9.936756e+02
	742	571	185.500000	52.750000	9.971231e+02
	737	572	184.250000	53.000000	9.970981e+02
	940	572	235.000000	53.000000	9.914207e+02
	939	575	234.750000	53.750000	9.913557e+02
	693	576	173.250000	54.000000	9.918181e+02
	933	576	233.250000	54.000000	9.922406e+02
	874	578	218.500000	54.500000	9.787981e+02
	932	579	233.000000	54.750000	9.918281e+02
	958	579	239.500000	54.750000	9.979281e+02
	903	584	225.750000	56.000000	9.792531e+02
	925	584	231.250000	56.000000	9.899431e+02
	921	585	230.250000	56.250000	9.898406e+02
	906	588	226.500000	57.000000	9.803756e+02
	937	589	234.250000	57.250000	9.946281e+02
	974	590	243.500000	57.500000	1.000673e+03
	916	592	229.000000	58.000000	9.872156e+02
	960	592	240.000000	58.000000	9.977957e+02
	892	593	223.000000	58.250000	9.809881e+02
	911	594	227.750000	58.500000	9.868381e+02
	932	595	233.000000	58.750000	9.918981e+02
	952	596	238.000000	59.000000	1.000538e+03
	974	597	243.500000	59.250000	1.002033e+03
	841	599	210.250000	59.750000	9.854906e+02
	877	599	219.250000	59.750000	9.832606e+02
