2015	7	8	183	3
	877	424	219.250000	16.000000	1.006228e+03
	690	434	172.500000	18.500000	1.013808e+03
	815	436	203.750000	19.000000	1.012883e+03
	812	439	203.000000	19.750000	1.012971e+03
	815	440	203.750000	20.000000	1.012433e+03
	820	441	205.000000	20.250000	1.014328e+03
	813	442	203.250000	20.500000	1.013043e+03
	821	443	205.250000	20.750000	1.014543e+03
	985	445	246.250000	21.250000	1.012453e+03
	998	453	249.500000	23.250000	1.010961e+03
	994	459	248.500000	24.750000	1.010366e+03
	996	464	249.000000	26.000000	1.007641e+03
	989	465	247.250000	26.250000	1.009246e+03
	988	467	247.000000	26.750000	1.009186e+03
	996	472	249.000000	28.000000	1.006863e+03
	989	474	247.250000	28.500000	1.005626e+03
	993	476	248.250000	29.000000	1.005993e+03
	997	477	249.250000	29.250000	1.007006e+03
	989	478	247.250000	29.500000	1.005546e+03
	1000	482	250.000000	30.500000	1.009378e+03
	982	483	245.500000	30.750000	1.003653e+03
	976	485	244.000000	31.250000	1.011873e+03
	1000	487	250.000000	31.750000	1.009553e+03
	974	488	243.500000	32.000000	1.011636e+03
	973	490	243.250000	32.500000	1.011748e+03
	978	491	244.500000	32.750000	1.002513e+03
	985	491	246.250000	32.750000	1.003836e+03
	988	492	247.000000	33.000000	1.003638e+03
	992	493	248.000000	33.250000	1.003608e+03
	998	493	249.500000	33.250000	1.007833e+03
	985	494	246.250000	33.500000	1.004186e+03
	971	495	242.750000	33.750000	1.010583e+03
	982	495	245.500000	33.750000	1.002918e+03
	962	497	240.500000	34.250000	1.010441e+03
	979	497	244.750000	34.250000	1.003391e+03
	805	499	201.250000	34.750000	1.022686e+03
	982	499	245.500000	34.750000	1.003431e+03
	917	500	229.250000	35.000000	1.015196e+03
	976	500	244.000000	35.000000	1.003006e+03
	1000	500	250.000000	35.000000	1.009448e+03
	975	503	243.750000	35.750000	1.002941e+03
	995	503	248.750000	35.750000	1.007916e+03
	962	504	240.500000	36.000000	1.006801e+03
	980	504	245.000000	36.000000	1.003038e+03
	990	504	247.500000	36.000000	1.008333e+03
	987	505	246.750000	36.250000	1.007888e+03
	833	506	208.250000	36.500000	1.023046e+03
	834	506	208.500000	36.500000	1.023046e+03
	972	506	243.000000	36.500000	1.002416e+03
	819	507	204.750000	36.750000	1.022563e+03
	988	507	247.000000	36.750000	1.007376e+03
	836	508	209.000000	37.000000	1.023053e+03
	994	508	248.500000	37.000000	1.007783e+03
	1000	508	250.000000	37.000000	1.009291e+03
	927	509	231.750000	37.250000	1.014641e+03
	827	512	206.750000	38.000000	1.022593e+03
	970	512	242.500000	38.000000	1.009456e+03
	991	512	247.750000	38.000000	1.012758e+03
	830	514	207.500000	38.500000	1.022606e+03
	967	514	241.750000	38.500000	1.010946e+03
	997	514	249.250000	38.500000	1.009551e+03
	1000	514	250.000000	38.500000	1.008943e+03
	988	516	247.000000	39.000000	1.009396e+03
	952	518	238.000000	39.500000	1.007373e+03
	972	518	243.000000	39.500000	1.011816e+03
	956	520	239.000000	40.000000	1.012281e+03
	968	520	242.000000	40.000000	1.009116e+03
	841	521	210.250000	40.250000	1.022578e+03
	853	521	213.250000	40.250000	1.022578e+03
	987	521	246.750000	40.250000	1.007936e+03
	853	522	213.250000	40.500000	1.022578e+03
	913	522	228.250000	40.500000	1.015788e+03
	842	523	210.500000	40.750000	1.022563e+03
	853	523	213.250000	40.750000	1.022578e+03
	913	523	228.250000	40.750000	1.015788e+03
	965	523	241.250000	40.750000	1.009038e+03
	970	523	242.500000	40.750000	1.010253e+03
	977	523	244.250000	40.750000	1.011861e+03
	957	524	239.250000	41.000000	1.012926e+03
	985	524	246.250000	41.000000	1.007303e+03
	990	525	247.500000	41.250000	1.007543e+03
	919	526	229.750000	41.500000	1.015843e+03
	983	526	245.750000	41.500000	1.007683e+03
	950	527	237.500000	41.750000	1.011506e+03
	948	530	237.000000	42.500000	1.010306e+03
	1000	530	250.000000	42.500000	1.012346e+03
	953	531	238.250000	42.750000	1.011741e+03
	980	531	245.000000	42.750000	1.004441e+03
	988	532	247.000000	43.000000	1.006328e+03
	960	535	240.000000	43.750000	1.008286e+03
	972	536	243.000000	44.000000	1.003438e+03
	956	537	239.000000	44.250000	1.008031e+03
	963	539	240.750000	44.750000	1.007866e+03
	747	540	186.750000	45.000000	1.004438e+03
	984	540	246.000000	45.000000	1.011461e+03
	949	541	237.250000	45.250000	1.010068e+03
	990	541	247.500000	45.250000	1.013698e+03
	962	544	240.500000	46.000000	1.003953e+03
	994	544	248.500000	46.000000	1.013891e+03
	931	545	232.750000	46.250000	1.014548e+03
	952	546	238.000000	46.500000	1.011521e+03
	959	546	239.750000	46.500000	1.004988e+03
	963	546	240.750000	46.500000	1.003988e+03
	972	546	243.000000	46.500000	1.006266e+03
	988	546	247.000000	46.500000	1.015018e+03
	984	547	246.000000	46.750000	1.012571e+03
	950	549	237.500000	47.250000	1.010746e+03
	982	549	245.500000	47.250000	1.012411e+03
	961	552	240.250000	48.000000	1.006808e+03
	995	553	248.750000	48.250000	1.015716e+03
	993	554	248.250000	48.500000	1.015716e+03
	957	555	239.250000	48.750000	1.011273e+03
	968	555	242.000000	48.750000	1.008568e+03
	945	557	236.250000	49.250000	1.010503e+03
	951	557	237.750000	49.250000	1.011088e+03
	987	559	246.750000	49.750000	1.015073e+03
	850	560	212.500000	50.000000	1.017618e+03
	940	560	235.000000	50.000000	1.009803e+03
	946	560	236.500000	50.000000	1.011558e+03
	962	560	240.500000	50.000000	1.008943e+03
	996	560	249.000000	50.000000	1.014641e+03
	949	561	237.250000	50.250000	1.010406e+03
	968	561	242.000000	50.250000	1.009566e+03
	999	561	249.750000	50.250000	1.014638e+03
	823	563	205.750000	50.750000	1.017686e+03
	963	563	240.750000	50.750000	1.008361e+03
	973	564	243.250000	51.000000	1.014443e+03
	993	564	248.250000	51.000000	1.015011e+03
	940	565	235.000000	51.250000	1.011731e+03
	933	567	233.250000	51.750000	1.013276e+03
	955	567	238.750000	51.750000	1.010188e+03
	877	569	219.250000	52.250000	1.021461e+03
	944	569	236.000000	52.250000	1.010088e+03
	914	570	228.500000	52.500000	1.015831e+03
	933	570	233.250000	52.500000	1.012961e+03
	951	570	237.750000	52.500000	1.009496e+03
	927	571	231.750000	52.750000	1.014173e+03
	950	572	237.500000	53.000000	1.009438e+03
	945	573	236.250000	53.250000	1.008893e+03
	974	574	243.500000	53.500000	1.012256e+03
	949	576	237.250000	54.000000	1.008273e+03
	938	577	234.500000	54.250000	1.009231e+03
	943	577	235.750000	54.250000	1.008433e+03
	979	577	244.750000	54.250000	1.011728e+03
	999	578	249.750000	54.500000	1.014176e+03
	927	579	231.750000	54.750000	1.011748e+03
	941	579	235.250000	54.750000	1.008491e+03
	948	579	237.000000	54.750000	1.008356e+03
	784	580	196.000000	55.000000	1.010491e+03
	930	581	232.500000	55.250000	1.010523e+03
	934	581	233.500000	55.250000	1.009578e+03
	916	582	229.000000	55.500000	1.014691e+03
	945	582	236.250000	55.500000	1.008148e+03
	939	583	234.750000	55.750000	1.009508e+03
	924	584	231.000000	56.000000	1.011093e+03
	943	584	235.750000	56.000000	1.008101e+03
	953	585	238.250000	56.250000	1.006718e+03
	803	586	200.750000	56.500000	1.012926e+03
	932	586	233.000000	56.500000	1.010788e+03
	908	587	227.000000	56.750000	1.016623e+03
	704	588	176.000000	57.000000	9.821556e+02
	940	588	235.000000	57.000000	1.008481e+03
	932	589	233.000000	57.250000	1.010103e+03
	904	590	226.000000	57.500000	1.016681e+03
	938	590	234.500000	57.500000	1.008366e+03
	994	590	248.500000	57.500000	1.010791e+03
	812	591	203.000000	57.750000	1.013556e+03
	830	591	207.500000	57.750000	1.014703e+03
	898	592	224.500000	58.000000	1.017463e+03
	926	592	231.500000	58.000000	1.010116e+03
	905	593	226.250000	58.250000	1.016941e+03
	822	595	205.500000	58.750000	1.013258e+03
	886	595	221.500000	58.750000	1.018413e+03
	957	595	239.250000	58.750000	1.004663e+03
	816	596	204.000000	59.000000	1.013638e+03
	986	597	246.500000	59.250000	1.008581e+03
	864	598	216.000000	59.500000	1.016608e+03
	936	598	234.000000	59.500000	1.005053e+03
	868	599	217.000000	59.750000	1.016796e+03
	836	600	209.000000	60.000000	1.014493e+03
	860	600	215.000000	60.000000	1.016616e+03
	861	600	215.250000	60.000000	1.016616e+03
	945	600	236.250000	60.000000	1.002173e+03
