2015	4	26	130	9
	767	434	191.750000	18.500000	1.016176e+03
	789	434	197.250000	18.500000	1.015294e+03
	768	435	192.000000	18.750000	1.016176e+03
	772	435	193.000000	18.750000	1.016181e+03
	822	435	205.500000	18.750000	1.016489e+03
	815	436	203.750000	19.000000	1.016031e+03
	820	436	205.000000	19.000000	1.016569e+03
	762	438	190.500000	19.500000	1.016524e+03
	794	439	198.500000	19.750000	1.015459e+03
	800	439	200.000000	19.750000	1.015576e+03
	802	440	200.500000	20.000000	1.015581e+03
	802	441	200.500000	20.250000	1.015581e+03
	816	441	204.000000	20.250000	1.016074e+03
	818	442	204.500000	20.500000	1.015896e+03
	797	443	199.250000	20.750000	1.015454e+03
	797	444	199.250000	21.000000	1.015454e+03
	804	444	201.000000	21.000000	1.015569e+03
	817	444	204.250000	21.000000	1.016161e+03
	814	445	203.500000	21.250000	1.015944e+03
	800	447	200.000000	21.750000	1.015346e+03
	806	447	201.500000	21.750000	1.015549e+03
	813	447	203.250000	21.750000	1.015914e+03
	804	449	201.000000	22.250000	1.015414e+03
	802	450	200.500000	22.500000	1.015429e+03
	806	451	201.500000	22.750000	1.015414e+03
	802	453	200.500000	23.250000	1.015446e+03
	804	455	201.000000	23.750000	1.015376e+03
	997	455	249.250000	23.750000	1.012906e+03
	794	462	198.500000	25.500000	1.014586e+03
	792	463	198.000000	25.750000	1.014539e+03
	996	464	249.000000	26.000000	1.010814e+03
	999	464	249.750000	26.000000	1.010881e+03
	995	465	248.750000	26.250000	1.010814e+03
	997	467	249.250000	26.750000	1.010861e+03
	987	469	246.750000	27.250000	1.014679e+03
	991	471	247.750000	27.750000	1.010641e+03
	985	472	246.250000	28.000000	1.014599e+03
	996	472	249.000000	28.000000	1.010801e+03
	989	474	247.250000	28.500000	1.010521e+03
	994	476	248.500000	29.000000	1.010176e+03
	976	481	244.000000	30.250000	1.014869e+03
	982	484	245.500000	31.000000	1.009249e+03
	975	485	243.750000	31.250000	1.014856e+03
	819	487	204.750000	31.750000	1.010251e+03
	816	489	204.000000	32.250000	1.009859e+03
	991	489	247.750000	32.250000	1.008806e+03
	818	492	204.500000	33.000000	1.010316e+03
	999	493	249.750000	33.250000	1.008216e+03
	988	495	247.000000	33.750000	1.006979e+03
	998	495	249.500000	33.750000	1.007859e+03
	968	496	242.000000	34.000000	1.012551e+03
	997	499	249.250000	34.750000	1.005899e+03
	980	500	245.000000	35.000000	1.007804e+03
	989	500	247.250000	35.000000	1.007029e+03
	975	501	243.750000	35.250000	1.009501e+03
	840	502	210.000000	35.500000	1.016834e+03
	974	503	243.500000	35.750000	1.009514e+03
	963	504	240.750000	36.000000	1.015299e+03
	990	504	247.500000	36.000000	1.006459e+03
	846	505	211.500000	36.250000	1.017421e+03
	960	505	240.000000	36.250000	1.015384e+03
	980	506	245.000000	36.500000	1.007681e+03
	995	507	248.750000	36.750000	1.005606e+03
	952	508	238.000000	37.000000	1.018491e+03
	981	508	245.250000	37.000000	1.007729e+03
	963	509	240.750000	37.250000	1.015239e+03
	998	509	249.500000	37.250000	1.004314e+03
	956	510	239.000000	37.500000	1.016116e+03
	857	512	214.250000	38.000000	1.017159e+03
	960	512	240.000000	38.000000	1.015556e+03
	985	512	246.250000	38.000000	1.008314e+03
	861	514	215.250000	38.500000	1.016789e+03
	958	514	239.500000	38.500000	1.016219e+03
	952	515	238.000000	38.750000	1.015656e+03
	987	515	246.750000	38.750000	1.008666e+03
	999	515	249.750000	38.750000	1.003491e+03
	966	516	241.500000	39.000000	1.014011e+03
	985	518	246.250000	39.500000	1.009316e+03
	989	518	247.250000	39.500000	1.008891e+03
	965	519	241.250000	39.750000	1.013884e+03
	970	522	242.500000	40.500000	1.015531e+03
	952	523	238.000000	40.750000	1.016404e+03
	999	523	249.750000	40.750000	1.004021e+03
	964	524	241.000000	41.000000	1.016031e+03
	972	524	243.000000	41.000000	1.015146e+03
	988	526	247.000000	41.500000	1.008209e+03
	960	527	240.000000	41.750000	1.017466e+03
	948	530	237.000000	42.500000	1.020719e+03
	971	531	242.750000	42.750000	1.016159e+03
	997	535	249.250000	43.750000	1.006159e+03
	991	536	247.750000	44.000000	1.005599e+03
	972	537	243.000000	44.250000	1.015044e+03
	954	539	238.500000	44.750000	1.019214e+03
	963	539	240.750000	44.750000	1.018829e+03
	994	543	248.500000	45.750000	1.011241e+03
	949	544	237.250000	46.000000	1.019601e+03
	972	546	243.000000	46.500000	1.016356e+03
	987	547	246.750000	46.750000	1.014546e+03
	968	548	242.000000	47.000000	1.015899e+03
	984	551	246.000000	47.750000	1.015516e+03
	946	554	236.500000	48.500000	1.018186e+03
	955	555	238.750000	48.750000	1.019801e+03
	945	556	236.250000	49.000000	1.017991e+03
	951	556	237.750000	49.000000	1.018906e+03
	978	558	244.500000	49.500000	1.018006e+03
	970	562	242.500000	50.500000	1.017281e+03
	959	563	239.750000	50.750000	1.016349e+03
	960	566	240.000000	51.500000	1.016341e+03
	961	566	240.250000	51.500000	1.016341e+03
	969	566	242.250000	51.500000	1.016109e+03
	941	567	235.250000	51.750000	1.015674e+03
	945	567	236.250000	51.750000	1.015501e+03
	980	567	245.000000	51.750000	1.021266e+03
	952	568	238.000000	52.000000	1.015836e+03
	965	569	241.250000	52.250000	1.015629e+03
	684	570	171.000000	52.500000	9.981238e+02
	933	570	233.250000	52.500000	1.013471e+03
	951	570	237.750000	52.500000	1.015806e+03
	976	570	244.000000	52.500000	1.020719e+03
	665	578	166.250000	54.500000	1.004046e+03
	864	578	216.000000	54.500000	9.784688e+02
	964	578	241.000000	54.500000	1.018024e+03
	918	583	229.500000	55.750000	1.010309e+03
	952	583	238.000000	55.750000	1.018079e+03
	998	590	249.500000	57.500000	1.023201e+03
	660	591	165.000000	57.750000	1.002729e+03
	914	591	228.500000	57.750000	1.009739e+03
	907	594	226.750000	58.500000	1.008206e+03
	906	598	226.500000	59.500000	1.008439e+03
	874	599	218.500000	59.750000	1.002709e+03
