2014	10	7	289	18
	799	420	199.750000	15.000000	1.013085e+03
	968	420	242.000000	15.000000	1.013667e+03
	973	420	243.250000	15.000000	1.013830e+03
	728	421	182.000000	15.250000	1.011450e+03
	728	422	182.000000	15.500000	1.011450e+03
	817	423	204.250000	15.750000	1.014165e+03
	813	424	203.250000	16.000000	1.014145e+03
	810	425	202.500000	16.250000	1.014093e+03
	701	429	175.250000	17.250000	1.011635e+03
	700	430	175.000000	17.500000	1.011635e+03
	710	430	177.500000	17.500000	1.011643e+03
	711	430	177.750000	17.500000	1.011643e+03
	708	431	177.000000	17.750000	1.011657e+03
	716	431	179.000000	17.750000	1.011612e+03
	810	431	202.500000	17.750000	1.014578e+03
	704	432	176.000000	18.000000	1.011665e+03
	697	433	174.250000	18.250000	1.011677e+03
	731	433	182.750000	18.250000	1.011675e+03
	757	433	189.250000	18.250000	1.012070e+03
	959	433	239.750000	18.250000	1.014552e+03
	733	434	183.250000	18.500000	1.011680e+03
	821	434	205.250000	18.500000	1.015448e+03
	960	435	240.000000	18.750000	1.014525e+03
	993	435	248.250000	18.750000	1.014357e+03
	701	436	175.250000	19.000000	1.011720e+03
	736	436	184.000000	19.000000	1.011670e+03
	744	436	186.000000	19.000000	1.011883e+03
	820	436	205.000000	19.000000	1.015503e+03
	963	436	240.750000	19.000000	1.014530e+03
	974	436	243.500000	19.000000	1.014575e+03
	749	437	187.250000	19.250000	1.011972e+03
	965	437	241.250000	19.250000	1.014540e+03
	814	438	203.500000	19.500000	1.015138e+03
	668	439	167.000000	19.750000	1.012340e+03
	812	439	203.000000	19.750000	1.015070e+03
	660	440	165.000000	20.000000	1.012273e+03
	810	440	202.500000	20.000000	1.014997e+03
	815	440	203.750000	20.000000	1.014997e+03
	821	440	205.250000	20.000000	1.015597e+03
	810	441	202.500000	20.250000	1.014997e+03
	813	441	203.250000	20.250000	1.015083e+03
	826	441	206.500000	20.250000	1.015833e+03
	688	443	172.000000	20.750000	1.011650e+03
	824	443	206.000000	20.750000	1.015805e+03
	827	443	206.750000	20.750000	1.015847e+03
	710	444	177.500000	21.000000	1.011302e+03
	817	444	204.250000	21.000000	1.015245e+03
	967	444	241.750000	21.000000	1.014602e+03
	699	445	174.750000	21.250000	1.011557e+03
	810	445	202.500000	21.250000	1.014920e+03
	814	445	203.500000	21.250000	1.015112e+03
	999	452	249.750000	23.000000	1.014015e+03
	732	453	183.000000	23.250000	1.010070e+03
	732	454	183.000000	23.500000	1.010070e+03
	997	455	249.250000	23.750000	1.013977e+03
	730	457	182.500000	24.250000	1.010018e+03
	737	460	184.250000	25.000000	1.009900e+03
	739	461	184.750000	25.250000	1.009883e+03
	992	461	248.000000	25.250000	1.013325e+03
	996	464	249.000000	26.000000	1.013125e+03
	881	466	220.250000	26.500000	1.018968e+03
	1000	469	250.000000	27.250000	1.012895e+03
	992	470	248.000000	27.500000	1.012280e+03
	973	471	243.250000	27.750000	1.003520e+03
	998	471	249.500000	27.750000	1.013025e+03
	723	472	180.750000	28.000000	1.008528e+03
	990	472	247.500000	28.000000	1.011888e+03
	725	473	181.250000	28.250000	1.008508e+03
	989	474	247.250000	28.500000	1.012047e+03
	994	475	248.500000	28.750000	1.012357e+03
	985	479	246.250000	29.750000	1.011695e+03
	976	481	244.000000	30.250000	1.010052e+03
	983	483	245.750000	30.750000	1.012320e+03
	963	485	240.750000	31.250000	1.011795e+03
	766	487	191.500000	31.750000	1.006682e+03
	1000	487	250.000000	31.750000	1.015230e+03
	964	488	241.000000	32.000000	1.011780e+03
	846	489	211.500000	32.250000	1.014675e+03
	979	489	244.750000	32.250000	1.012475e+03
	995	489	248.750000	32.250000	1.013977e+03
	846	490	211.500000	32.500000	1.014675e+03
	972	490	243.000000	32.500000	1.011537e+03
	982	491	245.500000	32.750000	1.012780e+03
	985	491	246.250000	32.750000	1.012807e+03
	993	491	248.250000	32.750000	1.013607e+03
	988	492	247.000000	33.000000	1.013260e+03
	981	494	245.250000	33.500000	1.012915e+03
	974	495	243.500000	33.750000	1.013943e+03
	967	496	241.750000	34.000000	1.012080e+03
	962	497	240.500000	34.250000	1.012365e+03
	1000	498	250.000000	34.500000	1.015795e+03
	968	500	242.000000	35.000000	1.012443e+03
	972	500	243.000000	35.000000	1.013148e+03
	975	500	243.750000	35.000000	1.012828e+03
	996	500	249.000000	35.000000	1.015927e+03
	997	500	249.250000	35.000000	1.015927e+03
	963	501	240.750000	35.250000	1.011280e+03
	995	502	248.750000	35.500000	1.015875e+03
	859	503	214.750000	35.750000	1.013475e+03
	971	503	242.750000	35.750000	1.012872e+03
	974	503	243.500000	35.750000	1.012518e+03
	954	504	238.500000	36.000000	1.012167e+03
	963	504	240.750000	36.000000	1.011227e+03
	998	504	249.500000	36.000000	1.015945e+03
	960	505	240.000000	36.250000	1.011188e+03
	982	505	245.500000	36.250000	1.013900e+03
	992	505	248.000000	36.250000	1.015930e+03
	861	506	215.250000	36.500000	1.013263e+03
	972	506	243.000000	36.500000	1.012490e+03
	988	506	247.000000	36.500000	1.015720e+03
	962	507	240.500000	36.750000	1.011580e+03
	1000	507	250.000000	36.750000	1.015820e+03
	994	508	248.500000	37.000000	1.016172e+03
	976	510	244.000000	37.500000	1.014833e+03
	998	511	249.500000	37.750000	1.015850e+03
	968	512	242.000000	38.000000	1.015588e+03
	855	514	213.750000	38.500000	1.012735e+03
	956	514	239.000000	38.500000	1.012513e+03
	996	514	249.000000	38.500000	1.016280e+03
	794	515	198.500000	38.750000	9.994625e+02
	948	515	237.000000	38.750000	1.012648e+03
	967	515	241.750000	38.750000	1.015682e+03
	982	515	245.500000	38.750000	1.016318e+03
	963	516	240.750000	39.000000	1.015653e+03
	795	517	198.750000	39.250000	9.994925e+02
	972	517	243.000000	39.250000	1.015932e+03
	934	518	233.500000	39.500000	1.015265e+03
	963	518	240.750000	39.500000	1.015765e+03
	997	518	249.250000	39.500000	1.016015e+03
	796	519	199.000000	39.750000	9.994225e+02
	952	519	238.000000	39.750000	1.011990e+03
	945	520	236.250000	40.000000	1.013720e+03
	969	520	242.250000	40.000000	1.015253e+03
	986	520	246.500000	40.000000	1.014860e+03
	979	521	244.750000	40.250000	1.016335e+03
	998	521	249.500000	40.250000	1.015635e+03
	968	522	242.000000	40.500000	1.015195e+03
	988	522	247.000000	40.500000	1.015057e+03
	978	524	244.500000	41.000000	1.016263e+03
	945	525	236.250000	41.250000	1.014355e+03
	995	525	248.750000	41.250000	1.016083e+03
	919	526	229.750000	41.500000	1.015630e+03
	958	526	239.500000	41.500000	1.014835e+03
	985	526	246.250000	41.500000	1.015260e+03
	999	526	249.750000	41.500000	1.015185e+03
	950	527	237.500000	41.750000	1.014570e+03
	953	527	238.250000	41.750000	1.014805e+03
	991	527	247.750000	41.750000	1.015775e+03
	703	528	175.750000	42.000000	9.631950e+02
	842	528	210.500000	42.000000	1.013268e+03
	972	528	243.000000	42.000000	1.015287e+03
	991	529	247.750000	42.250000	1.015850e+03
	934	530	233.500000	42.500000	1.014222e+03
	948	530	237.000000	42.500000	1.013602e+03
	959	530	239.750000	42.500000	1.014665e+03
	963	530	240.750000	42.500000	1.014737e+03
	986	530	246.500000	42.500000	1.014703e+03
	968	531	242.000000	42.750000	1.014713e+03
	977	531	244.250000	42.750000	1.014040e+03
	980	531	245.000000	42.750000	1.014268e+03
	936	532	234.000000	43.000000	1.014287e+03
	964	532	241.000000	43.000000	1.014895e+03
	990	532	247.500000	43.000000	1.015362e+03
	996	532	249.000000	43.000000	1.016648e+03
	937	534	234.250000	43.500000	1.014385e+03
	949	534	237.250000	43.500000	1.014078e+03
	974	534	243.500000	43.500000	1.014287e+03
	997	535	249.250000	43.750000	1.016852e+03
	950	536	237.500000	44.000000	1.014023e+03
	969	536	242.250000	44.000000	1.014285e+03
	955	537	238.750000	44.250000	1.013328e+03
	963	539	240.750000	44.750000	1.013352e+03
	948	540	237.000000	45.000000	1.013742e+03
	795	542	198.750000	45.500000	9.947925e+02
	956	543	239.000000	45.750000	1.012323e+03
	961	543	240.250000	45.750000	1.011540e+03
	1000	543	250.000000	45.750000	1.012573e+03
	793	544	198.250000	46.000000	9.950500e+02
	975	544	243.750000	46.000000	1.012515e+03
	993	544	248.250000	46.000000	1.012620e+03
	959	545	239.750000	46.250000	1.011588e+03
	966	545	241.500000	46.250000	1.011542e+03
	972	545	243.000000	46.250000	1.012102e+03
	963	546	240.750000	46.500000	1.011670e+03
	988	546	247.000000	46.500000	1.013057e+03
	989	546	247.250000	46.500000	1.013057e+03
	999	546	249.750000	46.500000	1.012460e+03
	968	547	242.000000	46.750000	1.011570e+03
	984	547	246.000000	46.750000	1.012805e+03
	992	548	248.000000	47.000000	1.011453e+03
	965	549	241.250000	47.250000	1.011698e+03
	947	550	236.750000	47.500000	1.014225e+03
	982	550	245.500000	47.500000	1.012068e+03
	865	552	216.250000	48.000000	1.002867e+03
	786	553	196.500000	48.250000	9.910300e+02
	953	553	238.250000	48.250000	1.014200e+03
	961	553	240.250000	48.250000	1.012255e+03
	979	553	244.750000	48.250000	1.012025e+03
	989	553	247.250000	48.250000	1.011370e+03
	946	554	236.500000	48.500000	1.014307e+03
	988	554	247.000000	48.500000	1.011370e+03
	945	556	236.250000	49.000000	1.014323e+03
	951	556	237.750000	49.000000	1.014153e+03
	980	556	245.000000	49.000000	1.012225e+03
	986	556	246.500000	49.000000	1.011350e+03
	939	557	234.750000	49.250000	1.014425e+03
	960	557	240.000000	49.250000	1.013030e+03
	964	558	241.000000	49.500000	1.013078e+03
	936	559	234.000000	49.750000	1.014475e+03
	976	559	244.000000	49.750000	1.012953e+03
	982	559	245.500000	49.750000	1.011503e+03
	963	560	240.750000	50.000000	1.013060e+03
	942	561	235.500000	50.250000	1.014468e+03
	960	562	240.000000	50.500000	1.013390e+03
	940	563	235.000000	50.750000	1.014547e+03
	757	564	189.250000	51.000000	9.877900e+02
	991	564	247.750000	51.000000	1.014095e+03
	992	564	248.000000	51.000000	1.014095e+03
	689	565	172.250000	51.250000	9.844575e+02
	937	566	234.250000	51.500000	1.014508e+03
	946	566	236.500000	51.500000	1.013200e+03
	961	566	240.250000	51.500000	1.013465e+03
	970	566	242.500000	51.500000	1.013997e+03
	930	567	232.500000	51.750000	1.015443e+03
	977	567	244.250000	51.750000	1.012980e+03
	941	568	235.250000	52.000000	1.013628e+03
	956	568	239.000000	52.000000	1.013338e+03
	929	569	232.250000	52.250000	1.015453e+03
	974	569	243.500000	52.250000	1.012672e+03
	948	570	237.000000	52.500000	1.013345e+03
	964	570	241.000000	52.500000	1.013560e+03
	718	571	179.500000	52.750000	9.841825e+02
	942	571	235.500000	52.750000	1.013170e+03
	953	571	238.250000	52.750000	1.013520e+03
	969	572	242.250000	53.000000	1.012675e+03
	974	574	243.500000	53.500000	1.013510e+03
	968	577	242.000000	54.250000	1.013438e+03
	964	578	241.000000	54.500000	1.013032e+03
	960	579	240.000000	54.750000	1.012948e+03
	930	580	232.500000	55.000000	1.015720e+03
	947	580	236.750000	55.000000	1.014407e+03
	958	581	239.500000	55.250000	1.013008e+03
	925	584	231.250000	56.000000	1.016463e+03
	950	585	237.500000	56.250000	1.013865e+03
	822	586	205.500000	56.500000	1.019628e+03
	896	587	224.000000	56.750000	1.015475e+03
	920	587	230.000000	56.750000	1.017585e+03
	948	587	237.000000	56.750000	1.014115e+03
	902	588	225.500000	57.000000	1.015860e+03
	932	588	233.000000	57.000000	1.016180e+03
	940	588	235.000000	57.000000	1.015497e+03
	892	590	223.000000	57.500000	1.015208e+03
	970	590	242.500000	57.500000	1.014775e+03
	978	590	244.500000	57.500000	1.014515e+03
	994	590	248.500000	57.500000	1.012753e+03
	936	591	234.000000	57.750000	1.015375e+03
	946	591	236.500000	57.750000	1.014455e+03
	885	592	221.250000	58.000000	1.015388e+03
	890	592	222.500000	58.000000	1.015050e+03
	914	592	228.500000	58.000000	1.015857e+03
	926	592	231.500000	58.000000	1.015760e+03
	969	592	242.250000	58.000000	1.014838e+03
	918	593	229.500000	58.250000	1.015823e+03
	934	593	233.500000	58.250000	1.015422e+03
	886	594	221.500000	58.500000	1.015268e+03
	922	594	230.500000	58.500000	1.015965e+03
	914	595	228.500000	58.750000	1.015900e+03
	944	595	236.000000	58.750000	1.014350e+03
	995	595	248.750000	58.750000	1.012763e+03
	863	596	215.750000	59.000000	1.015648e+03
	876	596	219.000000	59.000000	1.015745e+03
	903	596	225.750000	59.000000	1.017005e+03
	931	596	232.750000	59.000000	1.014778e+03
	983	596	245.750000	59.000000	1.012417e+03
	935	597	233.750000	59.250000	1.014760e+03
	946	597	236.500000	59.250000	1.014380e+03
	987	597	246.750000	59.250000	1.012573e+03
	992	597	248.000000	59.250000	1.012523e+03
	907	598	226.750000	59.500000	1.016388e+03
	913	598	228.250000	59.500000	1.015883e+03
	917	598	229.250000	59.500000	1.015878e+03
	877	599	219.250000	59.750000	1.015818e+03
	923	599	230.750000	59.750000	1.015195e+03
	928	599	232.000000	59.750000	1.015188e+03
	941	599	235.250000	59.750000	1.014405e+03
	946	600	236.500000	60.000000	1.014255e+03
	947	600	236.750000	60.000000	1.014255e+03
	973	600	243.250000	60.000000	1.013870e+03
	990	600	247.500000	60.000000	1.012365e+03
