2015	7	13	187	9
	933	420	233.250000	15.000000	1.002371e+03
	933	421	233.250000	15.250000	1.002371e+03
	968	421	242.000000	15.250000	1.011536e+03
	825	422	206.250000	15.500000	1.013196e+03
	952	432	238.000000	18.000000	1.011341e+03
	816	435	204.000000	18.750000	1.014191e+03
	814	438	203.500000	19.500000	1.014346e+03
	812	439	203.000000	19.750000	1.014513e+03
	788	440	197.000000	20.000000	1.013978e+03
	815	440	203.750000	20.000000	1.013961e+03
	810	441	202.500000	20.250000	1.014561e+03
	808	442	202.000000	20.500000	1.014598e+03
	817	442	204.250000	20.500000	1.015083e+03
	821	443	205.250000	20.750000	1.015698e+03
	817	444	204.250000	21.000000	1.015533e+03
	792	445	198.000000	21.250000	1.013943e+03
	803	449	200.750000	22.250000	1.015626e+03
	996	452	249.000000	23.000000	1.012243e+03
	997	455	249.250000	23.750000	1.012188e+03
	994	457	248.500000	24.250000	1.012328e+03
	999	459	249.750000	24.750000	1.010886e+03
	993	460	248.250000	25.000000	1.012223e+03
	992	462	248.000000	25.500000	1.012281e+03
	996	464	249.000000	26.000000	1.010208e+03
	989	465	247.250000	26.250000	1.011798e+03
	995	466	248.750000	26.500000	1.010343e+03
	988	467	247.000000	26.750000	1.012033e+03
	980	470	245.000000	27.500000	1.013828e+03
	995	471	248.750000	27.750000	1.009551e+03
	985	472	246.250000	28.000000	1.013103e+03
	997	472	249.250000	28.000000	1.009518e+03
	982	476	245.500000	29.000000	1.012956e+03
	994	476	248.500000	29.000000	1.009041e+03
	980	477	245.000000	29.250000	1.012868e+03
	984	480	246.000000	30.000000	1.009231e+03
	987	480	246.750000	30.000000	1.009213e+03
	977	482	244.250000	30.500000	1.013961e+03
	982	482	245.500000	30.500000	1.008748e+03
	988	482	247.000000	30.500000	1.009171e+03
	916	484	229.000000	31.000000	1.019103e+03
	919	485	229.750000	31.250000	1.019131e+03
	975	485	243.750000	31.250000	1.013878e+03
	1000	487	250.000000	31.750000	1.015643e+03
	979	488	244.750000	32.000000	1.008476e+03
	991	488	247.750000	32.000000	1.010883e+03
	661	489	165.250000	32.250000	1.018918e+03
	662	489	165.500000	32.250000	1.018918e+03
	971	490	242.750000	32.500000	1.014516e+03
	978	491	244.500000	32.750000	1.008501e+03
	985	491	246.250000	32.750000	1.009263e+03
	988	492	247.000000	33.000000	1.009461e+03
	969	493	242.250000	33.250000	1.014283e+03
	965	495	241.250000	33.750000	1.014103e+03
	971	495	242.750000	33.750000	1.014531e+03
	981	495	245.250000	33.750000	1.008768e+03
	962	497	240.500000	34.250000	1.013473e+03
	979	497	244.750000	34.250000	1.009063e+03
	966	498	241.500000	34.500000	1.014326e+03
	969	500	242.250000	35.000000	1.012493e+03
	976	500	244.000000	35.000000	1.010311e+03
	955	502	238.750000	35.500000	1.015571e+03
	995	502	248.750000	35.500000	1.015343e+03
	971	503	242.750000	35.750000	1.011141e+03
	975	503	243.750000	35.750000	1.009798e+03
	993	504	248.250000	36.000000	1.015911e+03
	960	505	240.000000	36.250000	1.013106e+03
	963	505	240.750000	36.250000	1.012648e+03
	982	505	245.500000	36.250000	1.009291e+03
	987	505	246.750000	36.250000	1.013881e+03
	972	506	243.000000	36.500000	1.009028e+03
	962	507	240.500000	36.750000	1.012988e+03
	988	507	247.000000	36.750000	1.013466e+03
	993	508	248.250000	37.000000	1.013936e+03
	996	509	249.000000	37.250000	1.014696e+03
	971	511	242.750000	37.750000	1.012151e+03
	986	511	246.500000	37.750000	1.013811e+03
	678	512	169.500000	38.000000	1.017146e+03
	693	513	173.250000	38.250000	1.017891e+03
	977	514	244.250000	38.500000	1.012368e+03
	999	515	249.750000	38.750000	1.013868e+03
	967	516	241.750000	39.000000	1.014751e+03
	921	517	230.250000	39.250000	1.018628e+03
	989	517	247.250000	39.250000	1.011556e+03
	952	518	238.000000	39.500000	1.013651e+03
	980	518	245.000000	39.500000	1.013613e+03
	986	518	246.500000	39.500000	1.011226e+03
	946	520	236.500000	40.000000	1.016473e+03
	969	520	242.250000	40.000000	1.013236e+03
	976	520	244.000000	40.000000	1.014708e+03
	987	520	246.750000	40.000000	1.010801e+03
	918	521	229.500000	40.250000	1.018546e+03
	972	523	243.000000	40.750000	1.013566e+03
	986	523	246.500000	40.750000	1.010823e+03
	978	524	244.500000	41.000000	1.015251e+03
	991	524	247.750000	41.000000	1.009281e+03
	954	525	238.500000	41.250000	1.016801e+03
	968	525	242.000000	41.250000	1.013481e+03
	936	527	234.000000	41.750000	1.017838e+03
	950	527	237.500000	41.750000	1.017333e+03
	741	529	185.250000	42.250000	1.017443e+03
	742	529	185.500000	42.250000	1.017443e+03
	934	529	233.500000	42.250000	1.017808e+03
	966	529	241.500000	42.250000	1.016256e+03
	973	529	243.250000	42.250000	1.015191e+03
	948	530	237.000000	42.500000	1.017011e+03
	933	531	233.250000	42.750000	1.017816e+03
	971	531	242.750000	42.750000	1.015353e+03
	980	531	245.000000	42.750000	1.014088e+03
	942	532	235.500000	43.000000	1.018228e+03
	977	532	244.250000	43.000000	1.013718e+03
	736	533	184.000000	43.250000	1.017481e+03
	916	533	229.000000	43.250000	1.018143e+03
	942	533	235.500000	43.250000	1.018228e+03
	957	533	239.250000	43.250000	1.017393e+03
	965	533	241.250000	43.250000	1.016208e+03
	922	535	230.500000	43.750000	1.018491e+03
	990	535	247.500000	43.750000	1.012931e+03
	972	536	243.000000	44.000000	1.013541e+03
	956	537	239.000000	44.250000	1.016133e+03
	949	538	237.250000	44.500000	1.017901e+03
	937	539	234.250000	44.750000	1.017968e+03
	984	539	246.000000	44.750000	1.014961e+03
	913	540	228.250000	45.000000	1.017831e+03
	721	541	180.250000	45.250000	1.015323e+03
	939	541	234.750000	45.250000	1.017913e+03
	718	542	179.500000	45.500000	1.015336e+03
	978	542	244.500000	45.500000	1.016711e+03
	992	542	248.000000	45.500000	1.013708e+03
	942	543	235.500000	45.750000	1.017888e+03
	950	543	237.500000	45.750000	1.017143e+03
	981	544	245.250000	46.000000	1.016331e+03
	994	544	248.500000	46.000000	1.013046e+03
	951	546	237.750000	46.500000	1.017561e+03
	941	547	235.250000	46.750000	1.017798e+03
	984	547	246.000000	46.750000	1.014278e+03
	963	549	240.750000	47.250000	1.011941e+03
	950	551	237.500000	47.750000	1.016623e+03
	982	551	245.500000	47.750000	1.013208e+03
	965	552	241.250000	48.000000	1.011931e+03
	983	553	245.750000	48.250000	1.013128e+03
	968	554	242.000000	48.500000	1.012076e+03
	974	554	243.500000	48.500000	1.012711e+03
	948	556	237.000000	49.000000	1.016078e+03
	933	557	233.250000	49.250000	1.017388e+03
	977	558	244.250000	49.500000	1.012458e+03
	667	561	166.750000	50.250000	1.012243e+03
	939	561	234.750000	50.250000	1.015988e+03
	977	561	244.250000	50.250000	1.012781e+03
	938	562	234.500000	50.500000	1.015988e+03
	972	562	243.000000	50.500000	1.015523e+03
	963	563	240.750000	50.750000	1.012358e+03
	976	563	244.000000	50.750000	1.013221e+03
	994	564	248.500000	51.000000	1.007051e+03
	955	566	238.750000	51.500000	1.012131e+03
	972	566	243.000000	51.500000	1.014066e+03
	963	571	240.750000	52.750000	1.013696e+03
	950	572	237.500000	53.000000	1.012046e+03
	948	577	237.000000	54.250000	1.011496e+03
	939	580	234.750000	55.000000	1.010601e+03
	794	581	198.500000	55.250000	1.000621e+03
	800	583	200.000000	55.750000	1.000546e+03
	910	583	227.500000	55.750000	1.012978e+03
	939	583	234.750000	55.750000	1.010466e+03
	989	583	247.250000	55.750000	1.007411e+03
	1000	584	250.000000	56.000000	1.005273e+03
	942	586	235.500000	56.500000	1.009253e+03
	765	587	191.250000	56.750000	9.988431e+02
	814	587	203.500000	56.750000	1.000611e+03
	804	588	201.000000	57.000000	9.998756e+02
	940	588	235.000000	57.000000	1.009151e+03
	970	588	242.500000	57.000000	1.007498e+03
	989	588	247.250000	57.000000	1.007673e+03
	953	589	238.250000	57.250000	1.007298e+03
	965	589	241.250000	57.250000	1.007801e+03
	822	591	205.500000	57.750000	1.001186e+03
	996	591	249.000000	57.750000	1.006441e+03
	926	592	231.500000	58.000000	1.010196e+03
	905	593	226.250000	58.250000	1.011791e+03
	982	593	245.500000	58.250000	1.005608e+03
	895	594	223.750000	58.500000	1.010533e+03
	811	596	202.750000	59.000000	1.001113e+03
	817	596	204.250000	59.000000	1.001036e+03
	892	596	223.000000	59.000000	1.010448e+03
	890	598	222.500000	59.500000	1.009748e+03
	896	598	224.000000	59.500000	1.010516e+03
	943	599	235.750000	59.750000	1.005021e+03
	971	599	242.750000	59.750000	1.005203e+03
