2015	3	4	184	12
	994	421	248.500000	15.250000	1.011471e+03
	977	422	244.250000	15.500000	1.011616e+03
	793	426	198.250000	16.500000	1.013166e+03
	985	428	246.250000	17.000000	1.011866e+03
	986	428	246.500000	17.000000	1.011866e+03
	989	428	247.250000	17.000000	1.011864e+03
	990	430	247.500000	17.500000	1.011849e+03
	992	432	248.000000	18.000000	1.011919e+03
	996	434	249.000000	18.500000	1.011886e+03
	997	434	249.250000	18.500000	1.011886e+03
	809	438	202.250000	19.500000	1.014164e+03
	815	440	203.750000	20.000000	1.013859e+03
	820	441	205.000000	20.250000	1.014491e+03
	818	442	204.500000	20.500000	1.014581e+03
	821	446	205.250000	21.500000	1.015254e+03
	989	451	247.250000	22.750000	1.013384e+03
	990	453	247.500000	23.250000	1.013296e+03
	993	457	248.250000	24.250000	1.013066e+03
	990	462	247.500000	25.500000	1.013066e+03
	985	466	246.250000	26.500000	1.013099e+03
	983	468	245.750000	27.000000	1.013079e+03
	1000	468	250.000000	27.000000	1.011996e+03
	983	472	245.750000	28.000000	1.012944e+03
	993	473	248.250000	28.250000	1.012434e+03
	998	474	249.500000	28.500000	1.012351e+03
	994	475	248.500000	28.750000	1.012459e+03
	989	478	247.250000	29.500000	1.012694e+03
	998	478	249.500000	29.500000	1.012214e+03
	829	479	207.250000	29.750000	1.013109e+03
	975	482	243.750000	30.500000	1.013679e+03
	976	486	244.000000	31.500000	1.013749e+03
	986	486	246.500000	31.500000	1.011881e+03
	996	491	249.000000	32.750000	1.012289e+03
	965	492	241.250000	33.000000	1.014336e+03
	986	492	246.500000	33.000000	1.012136e+03
	964	494	241.000000	33.500000	1.014394e+03
	991	495	247.750000	33.750000	1.011866e+03
	968	496	242.000000	34.000000	1.014759e+03
	963	497	240.750000	34.250000	1.014534e+03
	975	500	243.750000	35.000000	1.015796e+03
	963	504	240.750000	36.000000	1.017354e+03
	958	506	239.500000	36.500000	1.017249e+03
	964	508	241.000000	37.000000	1.016109e+03
	1000	508	250.000000	37.000000	1.017769e+03
	838	509	209.500000	37.250000	1.020481e+03
	989	509	247.250000	37.250000	1.020644e+03
	954	510	238.500000	37.500000	1.016501e+03
	839	511	209.750000	37.750000	1.020541e+03
	961	511	240.250000	37.750000	1.015321e+03
	995	511	248.750000	37.750000	1.018659e+03
	984	512	246.000000	38.000000	1.022774e+03
	974	513	243.500000	38.250000	1.022489e+03
	1000	513	250.000000	38.250000	1.019779e+03
	841	514	210.250000	38.500000	1.020549e+03
	958	514	239.500000	38.500000	1.015756e+03
	694	515	173.500000	38.750000	1.035399e+03
	842	516	210.500000	39.000000	1.020594e+03
	949	516	237.250000	39.000000	1.015851e+03
	983	516	245.750000	39.000000	1.023204e+03
	956	517	239.000000	39.250000	1.016189e+03
	963	518	240.750000	39.500000	1.022581e+03
	999	518	249.750000	39.500000	1.021191e+03
	953	519	238.250000	39.750000	1.016204e+03
	975	520	243.750000	40.000000	1.024546e+03
	986	521	246.500000	40.250000	1.022171e+03
	999	521	249.750000	40.250000	1.021819e+03
	977	523	244.250000	40.750000	1.024834e+03
	991	524	247.750000	41.000000	1.021736e+03
	995	525	248.750000	41.250000	1.022769e+03
	999	526	249.750000	41.500000	1.022944e+03
	949	529	237.250000	42.250000	1.021064e+03
	986	530	246.500000	42.500000	1.025126e+03
	721	532	180.250000	43.000000	1.034171e+03
	949	532	237.250000	43.000000	1.021206e+03
	990	532	247.500000	43.000000	1.025029e+03
	996	532	249.000000	43.000000	1.026161e+03
	825	533	206.250000	43.250000	1.022201e+03
	980	533	245.000000	43.250000	1.024216e+03
	849	535	212.250000	43.750000	1.022381e+03
	976	535	244.000000	43.750000	1.025546e+03
	861	536	215.250000	44.000000	1.022696e+03
	963	536	240.750000	44.000000	1.026301e+03
	969	536	242.250000	44.000000	1.026399e+03
	951	537	237.750000	44.250000	1.022186e+03
	966	537	241.500000	44.250000	1.026296e+03
	864	538	216.000000	44.500000	1.022776e+03
	957	538	239.250000	44.500000	1.025026e+03
	983	538	245.750000	44.500000	1.028459e+03
	865	539	216.250000	44.750000	1.022776e+03
	997	539	249.250000	44.750000	1.030151e+03
	967	540	241.750000	45.000000	1.026111e+03
	989	540	247.250000	45.000000	1.028654e+03
	962	542	240.500000	45.500000	1.024934e+03
	1000	543	250.000000	45.750000	1.029806e+03
	951	544	237.750000	46.000000	1.023724e+03
	958	544	239.500000	46.000000	1.024939e+03
	975	544	243.750000	46.000000	1.027686e+03
	990	544	247.500000	46.000000	1.029089e+03
	871	545	217.750000	46.250000	1.022704e+03
	967	545	241.750000	46.250000	1.025496e+03
	987	545	246.750000	46.250000	1.028581e+03
	954	547	238.500000	46.750000	1.023086e+03
	984	547	246.000000	46.750000	1.028371e+03
	999	549	249.750000	47.250000	1.031059e+03
	981	550	245.250000	47.500000	1.027614e+03
	943	551	235.750000	47.750000	1.024736e+03
	947	551	236.750000	47.750000	1.024461e+03
	954	552	238.500000	48.000000	1.025116e+03
	979	552	244.750000	48.000000	1.027649e+03
	957	553	239.250000	48.250000	1.024574e+03
	964	553	241.000000	48.250000	1.025814e+03
	939	554	234.750000	48.500000	1.024841e+03
	947	554	236.750000	48.500000	1.024909e+03
	959	555	239.750000	48.750000	1.024441e+03
	951	556	237.750000	49.000000	1.025351e+03
	986	556	246.500000	49.000000	1.026934e+03
	933	557	233.250000	49.250000	1.024551e+03
	943	558	235.750000	49.500000	1.025079e+03
	979	558	244.750000	49.500000	1.029046e+03
	984	558	246.000000	49.500000	1.027376e+03
	932	559	233.000000	49.750000	1.024536e+03
	975	560	243.750000	50.000000	1.028591e+03
	952	561	238.000000	50.250000	1.025894e+03
	881	563	220.250000	50.750000	1.018599e+03
	982	563	245.500000	50.750000	1.025426e+03
	947	565	236.750000	51.250000	1.021131e+03
	970	565	242.500000	51.250000	1.030374e+03
	941	567	235.250000	51.750000	1.022904e+03
	978	568	244.500000	52.000000	1.022929e+03
	942	571	235.500000	52.750000	1.021866e+03
	972	572	243.000000	53.000000	1.020781e+03
	935	574	233.750000	53.500000	1.024069e+03
	942	574	235.500000	53.500000	1.023459e+03
	952	574	238.000000	53.500000	1.025546e+03
	967	575	241.750000	53.750000	1.019751e+03
	931	576	232.750000	54.000000	1.024176e+03
	969	577	242.250000	54.250000	1.020491e+03
	932	578	233.000000	54.500000	1.024339e+03
	939	578	234.750000	54.500000	1.024796e+03
	964	578	241.000000	54.500000	1.020341e+03
	974	578	243.500000	54.500000	1.023599e+03
	930	580	232.500000	55.000000	1.024331e+03
	945	580	236.250000	55.000000	1.025286e+03
	976	580	244.000000	55.000000	1.022666e+03
	938	581	234.500000	55.250000	1.024644e+03
	830	582	207.500000	55.500000	1.011221e+03
	831	582	207.750000	55.500000	1.011221e+03
	854	583	213.500000	55.750000	1.011144e+03
	931	583	232.750000	55.750000	1.024414e+03
	957	583	239.250000	55.750000	1.019346e+03
	835	584	208.750000	56.000000	1.011146e+03
	994	586	248.500000	56.500000	1.028661e+03
	982	587	245.500000	56.750000	1.024664e+03
	898	588	224.500000	57.000000	1.020326e+03
	902	588	225.500000	57.000000	1.020689e+03
	936	588	234.000000	57.000000	1.021884e+03
	962	588	240.500000	57.000000	1.019116e+03
	950	590	237.500000	57.500000	1.013609e+03
	826	591	206.500000	57.750000	1.013261e+03
	916	591	229.000000	57.750000	1.022316e+03
	926	591	231.500000	57.750000	1.022104e+03
	976	591	244.000000	57.750000	1.020816e+03
	933	592	233.250000	58.000000	1.021211e+03
	950	593	237.500000	58.250000	1.012804e+03
	960	593	240.000000	58.250000	1.015001e+03
	988	593	247.000000	58.250000	1.024306e+03
	914	594	228.500000	58.500000	1.021314e+03
	923	594	230.750000	58.500000	1.021484e+03
	819	595	204.750000	58.750000	1.013884e+03
	888	595	222.000000	58.750000	1.018889e+03
	901	595	225.250000	58.750000	1.021124e+03
	946	595	236.500000	58.750000	1.011561e+03
	953	595	238.250000	58.750000	1.014506e+03
	682	596	170.500000	59.000000	9.934863e+02
	904	597	226.000000	59.250000	1.020371e+03
	970	597	242.500000	59.250000	1.019281e+03
	687	598	171.750000	59.500000	9.934213e+02
	928	598	232.000000	59.500000	1.017949e+03
	975	598	243.750000	59.500000	1.018561e+03
	908	599	227.000000	59.750000	1.020249e+03
	941	599	235.250000	59.750000	1.012204e+03
	836	600	209.000000	60.000000	1.015011e+03
	920	600	230.000000	60.000000	1.017954e+03
	949	600	237.250000	60.000000	1.011889e+03
