2015	1	19	184	12
	1000	421	250.000000	15.250000	1.015129e+03
	736	424	184.000000	16.000000	1.012414e+03
	737	424	184.250000	16.000000	1.012414e+03
	915	425	228.750000	16.250000	1.013989e+03
	666	429	166.500000	17.250000	1.012737e+03
	736	435	184.000000	18.750000	1.011927e+03
	672	436	168.000000	19.000000	1.012537e+03
	738	436	184.500000	19.000000	1.011877e+03
	920	436	230.000000	19.000000	1.014029e+03
	740	437	185.000000	19.250000	1.011872e+03
	812	439	203.000000	19.750000	1.016202e+03
	745	440	186.250000	20.000000	1.011937e+03
	810	440	202.500000	20.000000	1.016332e+03
	815	440	203.750000	20.000000	1.015884e+03
	821	440	205.250000	20.000000	1.017532e+03
	748	442	187.000000	20.500000	1.012024e+03
	811	442	202.750000	20.500000	1.016319e+03
	817	442	204.250000	20.500000	1.016702e+03
	817	444	204.250000	21.000000	1.017062e+03
	807	447	201.750000	21.750000	1.016924e+03
	1000	451	250.000000	22.750000	1.015947e+03
	994	461	248.500000	25.250000	1.017307e+03
	991	463	247.750000	25.750000	1.017269e+03
	989	465	247.250000	26.250000	1.017327e+03
	986	472	246.500000	28.000000	1.018122e+03
	983	474	245.750000	28.500000	1.018354e+03
	994	478	248.500000	29.500000	1.017459e+03
	976	483	244.000000	30.750000	1.019762e+03
	989	484	247.250000	31.000000	1.018352e+03
	975	485	243.750000	31.250000	1.019777e+03
	988	485	247.000000	31.250000	1.018352e+03
	989	485	247.250000	31.250000	1.018352e+03
	862	486	215.500000	31.500000	1.022294e+03
	980	487	245.000000	31.750000	1.019459e+03
	974	489	243.500000	32.250000	1.019637e+03
	978	490	244.500000	32.500000	1.019457e+03
	865	491	216.250000	32.750000	1.022082e+03
	973	492	243.250000	33.000000	1.019639e+03
	979	492	244.750000	33.000000	1.019467e+03
	984	492	246.000000	33.000000	1.019112e+03
	896	493	224.000000	33.250000	1.026102e+03
	978	493	244.500000	33.250000	1.019467e+03
	994	493	248.500000	33.250000	1.020194e+03
	1000	493	250.000000	33.250000	1.020949e+03
	896	494	224.000000	33.500000	1.026102e+03
	770	495	192.500000	33.750000	9.944744e+02
	972	495	243.000000	33.750000	1.019764e+03
	969	496	242.250000	34.000000	1.019907e+03
	961	497	240.250000	34.250000	1.019859e+03
	986	498	246.500000	34.500000	1.019967e+03
	997	498	249.250000	34.500000	1.021177e+03
	979	500	244.750000	35.000000	1.020432e+03
	994	500	248.500000	35.000000	1.021237e+03
	972	501	243.000000	35.250000	1.022304e+03
	999	502	249.750000	35.500000	1.023062e+03
	968	504	242.000000	36.000000	1.020624e+03
	978	505	244.500000	36.250000	1.021174e+03
	960	506	240.000000	36.500000	1.024872e+03
	985	506	246.250000	36.500000	1.021257e+03
	998	506	249.500000	36.500000	1.022802e+03
	991	507	247.750000	36.750000	1.022014e+03
	964	508	241.000000	37.000000	1.023472e+03
	975	508	243.750000	37.000000	1.021312e+03
	967	509	241.750000	37.250000	1.022092e+03
	982	509	245.500000	37.250000	1.021664e+03
	961	510	240.250000	37.500000	1.023542e+03
	988	510	247.000000	37.500000	1.021412e+03
	1000	511	250.000000	37.750000	1.023537e+03
	959	512	239.750000	38.000000	1.023439e+03
	993	512	248.250000	38.000000	1.022072e+03
	948	513	237.000000	38.250000	1.024652e+03
	974	513	243.500000	38.250000	1.022394e+03
	984	513	246.000000	38.250000	1.021699e+03
	958	514	239.500000	38.500000	1.023697e+03
	966	514	241.500000	38.500000	1.023492e+03
	969	515	242.250000	38.750000	1.023134e+03
	975	515	243.750000	38.750000	1.022502e+03
	990	515	247.500000	38.750000	1.021354e+03
	979	516	244.750000	39.000000	1.022572e+03
	984	516	246.000000	39.000000	1.021549e+03
	994	516	248.500000	39.000000	1.021964e+03
	987	517	246.750000	39.250000	1.021759e+03
	948	519	237.000000	39.750000	1.024587e+03
	969	519	242.250000	39.750000	1.023449e+03
	984	519	246.000000	39.750000	1.021867e+03
	975	520	243.750000	40.000000	1.023507e+03
	989	520	247.250000	40.000000	1.022359e+03
	998	520	249.500000	40.000000	1.021359e+03
	953	521	238.250000	40.250000	1.025254e+03
	1000	523	250.000000	40.750000	1.021047e+03
	992	526	248.000000	41.500000	1.024302e+03
	700	529	175.000000	42.250000	9.571219e+02
	951	529	237.750000	42.250000	1.030204e+03
	987	529	246.750000	42.250000	1.025892e+03
	996	529	249.000000	42.250000	1.024019e+03
	977	530	244.250000	42.500000	1.026904e+03
	1000	530	250.000000	42.500000	1.021139e+03
	973	533	243.250000	43.250000	1.027772e+03
	983	533	245.750000	43.250000	1.025594e+03
	977	534	244.250000	43.500000	1.027584e+03
	738	535	184.500000	43.750000	9.668469e+02
	987	535	246.750000	43.750000	1.023274e+03
	998	535	249.500000	43.750000	1.024169e+03
	720	536	180.000000	44.000000	9.634969e+02
	969	537	242.250000	44.250000	1.027689e+03
	975	537	243.750000	44.250000	1.027594e+03
	990	537	247.500000	44.250000	1.023222e+03
	984	538	246.000000	44.500000	1.025812e+03
	954	539	238.500000	44.750000	1.027792e+03
	820	541	205.000000	45.250000	9.967644e+02
	823	543	205.750000	45.750000	9.965419e+02
	993	543	248.250000	45.750000	1.020717e+03
	954	544	238.500000	46.000000	1.027324e+03
	975	545	243.750000	46.250000	1.025862e+03
	957	546	239.250000	46.500000	1.025149e+03
	972	546	243.000000	46.500000	1.025702e+03
	944	548	236.000000	47.000000	1.026764e+03
	833	550	208.250000	47.500000	9.968943e+02
	950	551	237.500000	47.750000	1.025524e+03
	949	552	237.250000	48.000000	1.025524e+03
	960	552	240.000000	48.000000	1.023587e+03
	953	553	238.250000	48.250000	1.025927e+03
	965	555	241.250000	48.750000	1.023357e+03
	945	557	236.250000	49.250000	1.023819e+03
	938	560	234.500000	50.000000	1.023272e+03
	969	562	242.250000	50.500000	1.020389e+03
	961	563	240.250000	50.750000	1.019527e+03
	975	563	243.750000	50.750000	1.017662e+03
	998	563	249.500000	50.750000	1.009272e+03
	796	565	199.000000	51.250000	1.003119e+03
	972	566	243.000000	51.500000	1.018012e+03
	994	566	248.500000	51.500000	1.009392e+03
	987	567	246.750000	51.750000	1.009687e+03
	953	569	238.250000	52.250000	1.016837e+03
	811	570	202.750000	52.500000	1.002207e+03
	812	572	203.000000	53.000000	1.002194e+03
	978	573	244.500000	53.250000	1.009889e+03
	990	573	247.500000	53.250000	1.009309e+03
	993	578	248.250000	54.500000	1.009534e+03
	696	579	174.000000	54.750000	9.911169e+02
	969	579	242.250000	54.750000	1.008789e+03
	981	580	245.250000	55.000000	1.007979e+03
	934	581	233.500000	55.250000	1.013987e+03
	1000	581	250.000000	55.250000	1.007209e+03
	985	582	246.250000	55.500000	1.008052e+03
	964	583	241.000000	55.750000	1.007714e+03
	943	584	235.750000	56.000000	1.012094e+03
	995	584	248.750000	56.000000	1.006994e+03
	812	585	203.000000	56.250000	1.001612e+03
	958	585	239.500000	56.250000	1.007559e+03
	795	586	198.750000	56.500000	1.003652e+03
	709	588	177.250000	57.000000	9.926844e+02
	973	588	243.250000	57.000000	1.007414e+03
	998	588	249.500000	57.000000	1.008042e+03
	894	589	223.500000	57.250000	9.997994e+02
	986	589	246.500000	57.250000	1.006199e+03
	935	590	233.750000	57.500000	1.009769e+03
	952	590	238.000000	57.500000	1.005117e+03
	968	590	242.000000	57.500000	1.006557e+03
	914	591	228.500000	57.750000	1.008622e+03
	928	591	232.000000	57.750000	1.009382e+03
	946	591	236.500000	57.750000	1.005317e+03
	962	591	240.500000	57.750000	1.006174e+03
	976	591	244.000000	57.750000	1.006372e+03
	718	592	179.500000	58.000000	9.928169e+02
	816	592	204.000000	58.000000	1.003942e+03
	931	593	232.750000	58.250000	1.008599e+03
	944	593	236.000000	58.250000	1.005327e+03
	881	594	220.250000	58.500000	1.004327e+03
	928	596	232.000000	59.000000	1.008037e+03
	954	596	238.500000	59.000000	1.006632e+03
	978	596	244.500000	59.000000	1.006647e+03
	833	597	208.250000	59.250000	1.005432e+03
	871	598	217.750000	59.500000	1.003609e+03
	907	598	226.750000	59.500000	1.008204e+03
	962	598	240.500000	59.500000	1.008272e+03
	798	599	199.500000	59.750000	1.007164e+03
	828	599	207.000000	59.750000	1.005179e+03
	841	599	210.250000	59.750000	1.003787e+03
	853	599	213.250000	59.750000	1.004114e+03
	921	599	230.250000	59.750000	1.008092e+03
	939	599	234.750000	59.750000	1.007347e+03
	845	600	211.250000	60.000000	1.003699e+03
	968	600	242.000000	60.000000	1.009829e+03
