2015	9	8	208	12
	718	420	179.500000	15.000000	1.009088e+03
	748	420	187.000000	15.000000	1.009760e+03
	935	420	233.750000	15.000000	1.007357e+03
	936	420	234.000000	15.000000	1.007357e+03
	663	422	165.750000	15.500000	1.009540e+03
	724	422	181.000000	15.500000	1.009093e+03
	725	422	181.250000	15.500000	1.009093e+03
	809	422	202.250000	15.500000	1.011412e+03
	701	423	175.250000	15.750000	1.008963e+03
	812	423	203.000000	15.750000	1.011468e+03
	945	423	236.250000	15.750000	1.007515e+03
	711	424	177.750000	16.000000	1.009062e+03
	733	424	183.250000	16.000000	1.009165e+03
	679	425	169.750000	16.250000	1.009088e+03
	680	425	170.000000	16.250000	1.009088e+03
	723	425	180.750000	16.250000	1.009153e+03
	672	426	168.000000	16.500000	1.008980e+03
	695	426	173.750000	16.500000	1.009242e+03
	811	426	202.750000	16.500000	1.011552e+03
	685	427	171.250000	16.750000	1.009378e+03
	715	427	178.750000	16.750000	1.009095e+03
	795	427	198.750000	16.750000	1.011102e+03
	710	428	177.500000	17.000000	1.009148e+03
	721	428	180.250000	17.000000	1.009198e+03
	725	428	181.250000	17.000000	1.009190e+03
	767	428	191.750000	17.000000	1.010230e+03
	707	429	176.750000	17.250000	1.009138e+03
	708	429	177.000000	17.250000	1.009138e+03
	689	430	172.250000	17.500000	1.009060e+03
	800	430	200.000000	17.500000	1.011547e+03
	768	431	192.000000	17.750000	1.010360e+03
	679	436	169.750000	19.000000	1.009725e+03
	680	436	170.000000	19.000000	1.009725e+03
	820	436	205.000000	19.000000	1.011753e+03
	677	437	169.250000	19.250000	1.009742e+03
	814	438	203.500000	19.500000	1.012055e+03
	671	439	167.750000	19.750000	1.009843e+03
	812	439	203.000000	19.750000	1.012170e+03
	692	440	173.000000	20.000000	1.010122e+03
	815	440	203.750000	20.000000	1.012097e+03
	821	440	205.250000	20.000000	1.012035e+03
	830	440	207.500000	20.000000	1.011917e+03
	985	442	246.250000	20.500000	9.916825e+02
	801	446	200.250000	21.500000	1.012855e+03
	811	446	202.750000	21.500000	1.012725e+03
	666	447	166.500000	21.750000	1.010120e+03
	741	454	185.250000	23.500000	1.011305e+03
	742	454	185.500000	23.500000	1.011305e+03
	998	457	249.500000	24.250000	1.007117e+03
	998	461	249.500000	25.250000	1.007450e+03
	832	465	208.000000	26.250000	9.991975e+02
	995	465	248.750000	26.250000	1.007912e+03
	992	470	248.000000	27.500000	1.006955e+03
	985	471	246.250000	27.750000	1.007307e+03
	980	472	245.000000	28.000000	1.007535e+03
	990	472	247.500000	28.000000	1.006450e+03
	983	473	245.750000	28.250000	1.007417e+03
	989	474	247.250000	28.500000	1.006508e+03
	982	475	245.500000	28.750000	1.007412e+03
	980	477	245.000000	29.250000	1.007400e+03
	984	480	246.000000	30.000000	1.006753e+03
	975	484	243.750000	31.000000	1.008130e+03
	984	486	246.000000	31.500000	1.005870e+03
	985	486	246.250000	31.500000	1.005870e+03
	1000	486	250.000000	31.500000	1.012845e+03
	968	487	242.000000	31.750000	1.009307e+03
	980	487	245.000000	31.750000	1.006200e+03
	978	491	244.500000	32.750000	1.006865e+03
	982	491	245.500000	32.750000	1.006333e+03
	985	491	246.250000	32.750000	1.006138e+03
	969	493	242.250000	33.250000	1.009542e+03
	993	493	248.250000	33.250000	1.008453e+03
	964	494	241.000000	33.500000	1.009708e+03
	982	494	245.500000	33.500000	1.006833e+03
	967	495	241.750000	33.750000	1.009635e+03
	983	496	245.750000	34.000000	1.007160e+03
	960	497	240.000000	34.250000	1.009432e+03
	979	497	244.750000	34.250000	1.007922e+03
	969	500	242.250000	35.000000	1.011095e+03
	996	500	249.000000	35.000000	1.014773e+03
	964	501	241.000000	35.250000	1.010753e+03
	975	501	243.750000	35.250000	1.009070e+03
	955	502	238.750000	35.500000	1.010255e+03
	995	502	248.750000	35.500000	1.014965e+03
	960	505	240.000000	36.250000	1.010782e+03
	963	505	240.750000	36.250000	1.010360e+03
	982	505	245.500000	36.250000	1.010000e+03
	972	506	243.000000	36.500000	1.010477e+03
	952	507	238.000000	36.750000	1.011095e+03
	962	507	240.500000	36.750000	1.010422e+03
	994	508	248.500000	37.000000	1.014585e+03
	1000	508	250.000000	37.000000	1.014705e+03
	951	510	237.750000	37.500000	1.010823e+03
	958	510	239.500000	37.500000	1.011045e+03
	997	510	249.250000	37.500000	1.014032e+03
	956	513	239.000000	38.250000	1.011035e+03
	988	514	247.000000	38.500000	1.017227e+03
	997	514	249.250000	38.500000	1.015165e+03
	946	515	236.500000	38.750000	1.010383e+03
	1000	515	250.000000	38.750000	1.015070e+03
	967	516	241.750000	39.000000	1.016878e+03
	989	516	247.250000	39.000000	1.016987e+03
	985	518	246.250000	39.500000	1.017843e+03
	990	518	247.500000	39.500000	1.017097e+03
	952	519	238.000000	39.750000	1.010905e+03
	966	519	241.500000	39.750000	1.016725e+03
	976	520	244.000000	40.000000	1.019085e+03
	992	520	248.000000	40.000000	1.017932e+03
	960	521	240.000000	40.250000	1.017128e+03
	973	522	243.250000	40.500000	1.018845e+03
	985	523	246.250000	40.750000	1.018438e+03
	991	524	247.750000	41.000000	1.017982e+03
	995	527	248.750000	41.750000	1.020032e+03
	999	528	249.750000	42.000000	1.019320e+03
	949	529	237.250000	42.250000	1.017693e+03
	987	529	246.750000	42.250000	1.019122e+03
	969	530	242.250000	42.500000	1.019390e+03
	977	531	244.250000	42.750000	1.018782e+03
	971	533	242.750000	43.250000	1.019742e+03
	983	533	245.750000	43.250000	1.019218e+03
	988	534	247.000000	43.500000	1.018898e+03
	673	535	168.250000	43.750000	1.019865e+03
	674	535	168.500000	43.750000	1.019865e+03
	997	535	249.250000	43.750000	1.020185e+03
	955	536	238.750000	44.000000	1.020390e+03
	991	541	247.750000	45.250000	1.021490e+03
	995	543	248.750000	45.750000	1.020685e+03
	959	545	239.750000	46.250000	1.018775e+03
	989	545	247.250000	46.250000	1.021343e+03
	962	547	240.500000	46.750000	1.018515e+03
	954	549	238.500000	47.250000	1.020420e+03
	1000	550	250.000000	47.500000	1.018102e+03
	744	551	186.000000	47.750000	1.007705e+03
	971	552	242.750000	48.000000	1.020200e+03
	983	553	245.750000	48.250000	1.020787e+03
	991	553	247.750000	48.250000	1.017422e+03
	945	556	236.250000	49.000000	1.016907e+03
	951	556	237.750000	49.000000	1.018302e+03
	997	556	249.250000	49.000000	1.016727e+03
	960	557	240.000000	49.250000	1.017710e+03
	970	557	242.500000	49.250000	1.019635e+03
	938	560	234.500000	50.000000	1.016085e+03
	962	560	240.500000	50.000000	1.017400e+03
	987	562	246.750000	50.500000	1.013982e+03
	932	563	233.000000	50.750000	1.015505e+03
	975	563	243.750000	50.750000	1.017515e+03
	965	564	241.250000	51.000000	1.016355e+03
	990	565	247.500000	51.250000	1.013703e+03
	970	566	242.500000	51.500000	1.016417e+03
	869	568	217.250000	52.000000	9.976675e+02
	942	569	235.500000	52.250000	1.012398e+03
	963	572	240.750000	53.000000	1.014778e+03
	977	573	244.250000	53.250000	1.011805e+03
	978	575	244.500000	53.750000	1.011807e+03
	942	576	235.500000	54.000000	1.010073e+03
	972	576	243.000000	54.000000	1.011570e+03
	938	578	234.500000	54.500000	1.010095e+03
	988	578	247.000000	54.500000	1.011925e+03
	925	579	231.250000	54.750000	1.011388e+03
	934	579	233.500000	54.750000	1.009972e+03
	962	579	240.500000	54.750000	1.011328e+03
	967	579	241.750000	54.750000	1.011398e+03
	980	579	245.000000	54.750000	1.011610e+03
	914	580	228.500000	55.000000	1.010338e+03
	793	581	198.250000	55.250000	1.005972e+03
	945	581	236.250000	55.250000	1.010828e+03
	984	581	246.000000	55.250000	1.012003e+03
	906	583	226.500000	55.750000	1.010688e+03
	963	583	240.750000	55.750000	1.010830e+03
	952	584	238.000000	56.000000	1.010260e+03
	748	585	187.000000	56.250000	1.003407e+03
	899	585	224.750000	56.250000	1.010843e+03
	921	585	230.250000	56.250000	1.012328e+03
	943	585	235.750000	56.250000	1.010450e+03
	956	586	239.000000	56.500000	1.010318e+03
	968	586	242.000000	56.500000	1.010785e+03
	898	587	224.500000	56.750000	1.010828e+03
	974	588	243.500000	57.000000	1.011107e+03
	908	589	227.000000	57.250000	1.010878e+03
	968	589	242.000000	57.250000	1.010922e+03
	892	590	223.000000	57.500000	1.010912e+03
	982	590	245.500000	57.500000	1.011972e+03
	778	592	194.500000	58.000000	1.000105e+03
	830	592	207.500000	58.000000	1.008307e+03
	842	592	210.500000	58.000000	1.008625e+03
	856	592	214.000000	58.000000	1.009210e+03
	890	592	222.500000	58.000000	1.011028e+03
	903	592	225.750000	58.000000	1.011235e+03
	976	592	244.000000	58.000000	1.011300e+03
	928	593	232.000000	58.250000	1.012080e+03
	858	594	214.500000	58.500000	1.009088e+03
	886	594	221.500000	58.500000	1.011253e+03
	896	594	224.000000	58.500000	1.011280e+03
	902	594	225.500000	58.500000	1.011068e+03
	918	594	229.500000	58.500000	1.012568e+03
	945	595	236.250000	58.750000	1.013203e+03
	954	595	238.500000	58.750000	1.012227e+03
	973	595	243.250000	58.750000	1.011593e+03
	817	596	204.250000	59.000000	1.007177e+03
	823	596	205.750000	59.000000	1.007513e+03
	887	596	221.750000	59.000000	1.011535e+03
	910	596	227.500000	59.000000	1.012405e+03
	879	599	219.750000	59.750000	1.011275e+03
	888	599	222.000000	59.750000	1.011812e+03
	895	599	223.750000	59.750000	1.012328e+03
	922	599	230.500000	59.750000	1.012378e+03
	934	599	233.500000	59.750000	1.012807e+03
	992	599	248.000000	59.750000	1.012725e+03
