2015	9	8	227	6
	725	420	181.250000	15.000000	1.008504e+03
	764	420	191.000000	15.000000	1.008659e+03
	683	421	170.750000	15.250000	1.008169e+03
	718	421	179.500000	15.250000	1.008381e+03
	725	421	181.250000	15.250000	1.008504e+03
	826	421	206.500000	15.250000	1.012316e+03
	679	422	169.750000	15.500000	1.008219e+03
	723	422	180.750000	15.500000	1.008479e+03
	730	422	182.500000	15.500000	1.008556e+03
	723	423	180.750000	15.750000	1.008479e+03
	730	423	182.500000	15.750000	1.008556e+03
	845	423	211.250000	15.750000	1.012376e+03
	849	423	212.250000	15.750000	1.012381e+03
	943	423	235.750000	15.750000	1.010731e+03
	693	424	173.250000	16.000000	1.007734e+03
	704	424	176.000000	16.000000	1.008064e+03
	734	424	183.500000	16.000000	1.008656e+03
	854	424	213.500000	16.000000	1.012471e+03
	698	425	174.500000	16.250000	1.007789e+03
	660	427	165.000000	16.750000	1.006601e+03
	854	427	213.500000	16.750000	1.012516e+03
	727	428	181.750000	17.000000	1.008766e+03
	763	428	190.750000	17.000000	1.009281e+03
	936	428	234.000000	17.000000	1.010861e+03
	939	428	234.750000	17.000000	1.010864e+03
	736	429	184.000000	17.250000	1.008686e+03
	737	430	184.250000	17.500000	1.008686e+03
	830	430	207.500000	17.500000	1.012826e+03
	836	430	209.000000	17.500000	1.012736e+03
	692	431	173.000000	17.750000	1.007716e+03
	831	431	207.750000	17.750000	1.012826e+03
	666	432	166.500000	18.000000	1.007401e+03
	837	432	209.250000	18.000000	1.012731e+03
	722	433	180.500000	18.250000	1.008884e+03
	829	433	207.250000	18.250000	1.012869e+03
	837	433	209.250000	18.250000	1.012731e+03
	720	434	180.000000	18.500000	1.008889e+03
	740	434	185.000000	18.500000	1.008874e+03
	821	434	205.250000	18.500000	1.012959e+03
	827	434	206.750000	18.500000	1.012886e+03
	835	434	208.750000	18.500000	1.012759e+03
	673	435	168.250000	18.750000	1.007779e+03
	815	436	203.750000	19.000000	1.012929e+03
	820	436	205.000000	19.000000	1.013074e+03
	830	436	207.500000	19.000000	1.012831e+03
	828	437	207.000000	19.250000	1.012829e+03
	814	438	203.500000	19.500000	1.012869e+03
	988	438	247.000000	19.500000	9.954188e+02
	812	439	203.000000	19.750000	1.012831e+03
	815	440	203.750000	20.000000	1.012729e+03
	823	440	205.750000	20.000000	1.012859e+03
	810	441	202.500000	20.250000	1.012816e+03
	813	441	203.250000	20.250000	1.012806e+03
	820	441	205.000000	20.250000	1.012761e+03
	818	442	204.500000	20.500000	1.012741e+03
	825	442	206.250000	20.500000	1.012866e+03
	821	443	205.250000	20.750000	1.012836e+03
	818	444	204.500000	21.000000	1.012891e+03
	828	444	207.000000	21.000000	1.012849e+03
	829	444	207.250000	21.000000	1.012849e+03
	671	445	167.750000	21.250000	1.008551e+03
	807	445	201.750000	21.250000	1.012871e+03
	815	445	203.750000	21.250000	1.012999e+03
	826	445	206.500000	21.250000	1.012871e+03
	801	446	200.250000	21.500000	1.012894e+03
	811	446	202.750000	21.500000	1.013049e+03
	821	446	205.250000	21.500000	1.013006e+03
	813	447	203.250000	21.750000	1.013121e+03
	999	458	249.750000	24.500000	1.008889e+03
	989	459	247.250000	24.750000	1.007869e+03
	756	460	189.000000	25.000000	1.012089e+03
	989	460	247.250000	25.000000	1.007869e+03
	751	464	187.750000	26.000000	1.011896e+03
	996	464	249.000000	26.000000	1.009139e+03
	989	465	247.250000	26.250000	1.008294e+03
	834	466	208.500000	26.500000	9.974012e+02
	986	466	246.500000	26.500000	1.008131e+03
	985	471	246.250000	27.750000	1.008841e+03
	984	473	246.000000	28.250000	1.009086e+03
	982	475	245.500000	28.750000	1.008964e+03
	988	475	247.000000	28.750000	1.007526e+03
	993	476	248.250000	29.000000	1.008181e+03
	980	477	245.000000	29.250000	1.008819e+03
	989	478	247.250000	29.500000	1.007629e+03
	984	480	246.000000	30.000000	1.007269e+03
	999	481	249.750000	30.250000	1.011766e+03
	975	482	243.750000	30.500000	1.010119e+03
	986	482	246.500000	30.500000	1.007219e+03
	987	485	246.750000	31.250000	1.007024e+03
	965	486	241.250000	31.500000	1.011356e+03
	972	487	243.000000	31.750000	1.010649e+03
	980	487	245.000000	31.750000	1.007676e+03
	979	489	244.750000	32.250000	1.007664e+03
	971	490	242.750000	32.500000	1.010671e+03
	986	491	246.500000	32.750000	1.007616e+03
	970	492	242.500000	33.000000	1.010541e+03
	977	492	244.250000	33.000000	1.007094e+03
	993	492	248.250000	33.000000	1.008331e+03
	967	495	241.750000	33.750000	1.010576e+03
	982	495	245.500000	33.750000	1.008091e+03
	961	497	240.250000	34.250000	1.010386e+03
	978	497	244.500000	34.250000	1.008474e+03
	1000	499	250.000000	34.750000	1.015514e+03
	957	500	239.250000	35.000000	1.011229e+03
	975	500	243.750000	35.000000	1.008804e+03
	955	502	238.750000	35.500000	1.011206e+03
	975	503	243.750000	35.750000	1.009036e+03
	962	504	240.500000	36.000000	1.009901e+03
	995	504	248.750000	36.000000	1.013949e+03
	982	505	245.500000	36.250000	1.008524e+03
	972	506	243.000000	36.500000	1.009696e+03
	952	507	238.000000	36.750000	1.011831e+03
	961	507	240.250000	36.750000	1.010444e+03
	994	508	248.500000	37.000000	1.011981e+03
	1000	508	250.000000	37.000000	1.012651e+03
	997	510	249.250000	37.500000	1.011589e+03
	956	511	239.000000	37.750000	1.010769e+03
	980	511	245.000000	37.750000	1.012581e+03
	950	512	237.500000	38.000000	1.011619e+03
	970	512	242.500000	38.000000	1.013661e+03
	987	512	246.750000	38.000000	1.013279e+03
	977	514	244.250000	38.500000	1.012904e+03
	997	514	249.250000	38.500000	1.012424e+03
	1000	515	250.000000	38.750000	1.011751e+03
	953	516	238.250000	39.000000	1.010604e+03
	967	516	241.750000	39.000000	1.014651e+03
	989	517	247.250000	39.250000	1.013179e+03
	757	518	189.250000	39.500000	1.021041e+03
	952	518	238.000000	39.500000	1.010591e+03
	775	519	193.750000	39.750000	1.020916e+03
	944	519	236.000000	39.750000	1.012406e+03
	966	519	241.500000	39.750000	1.013944e+03
	761	521	190.250000	40.250000	1.021079e+03
	961	521	240.250000	40.250000	1.015024e+03
	779	522	194.750000	40.500000	1.020961e+03
	981	522	245.250000	40.500000	1.016484e+03
	986	522	246.500000	40.500000	1.015181e+03
	779	523	194.750000	40.750000	1.020961e+03
	972	523	243.000000	40.750000	1.015819e+03
	772	524	193.000000	41.000000	1.020966e+03
	965	524	241.250000	41.000000	1.015651e+03
	978	524	244.500000	41.000000	1.016689e+03
	991	524	247.750000	41.000000	1.015571e+03
	765	525	191.250000	41.250000	1.021021e+03
	775	525	193.750000	41.250000	1.020964e+03
	943	526	235.750000	41.500000	1.014069e+03
	950	527	237.500000	41.750000	1.017611e+03
	995	528	248.750000	42.000000	1.018004e+03
	949	530	237.250000	42.500000	1.018439e+03
	960	530	240.000000	42.500000	1.019124e+03
	969	531	242.250000	42.750000	1.017171e+03
	981	531	245.250000	42.750000	1.016961e+03
	977	532	244.250000	43.000000	1.017161e+03
	965	533	241.250000	43.250000	1.019139e+03
	971	533	242.750000	43.250000	1.017984e+03
	973	535	243.250000	43.750000	1.017351e+03
	990	535	247.500000	43.750000	1.014609e+03
	956	537	239.000000	44.250000	1.020166e+03
	984	538	246.000000	44.500000	1.019249e+03
	962	539	240.500000	44.750000	1.020786e+03
	981	539	245.250000	44.750000	1.020426e+03
	956	540	239.000000	45.000000	1.019904e+03
	990	541	247.500000	45.250000	1.019816e+03
	950	542	237.500000	45.500000	1.020971e+03
	956	543	239.000000	45.750000	1.019844e+03
	971	544	242.750000	46.000000	1.021144e+03
	959	545	239.750000	46.250000	1.019036e+03
	984	545	246.000000	46.250000	1.021111e+03
	988	545	247.000000	46.250000	1.021109e+03
	995	546	248.750000	46.500000	1.019989e+03
	986	547	246.500000	46.750000	1.021156e+03
	962	548	240.500000	47.000000	1.018936e+03
	950	551	237.500000	47.750000	1.020781e+03
	728	552	182.000000	48.000000	1.008681e+03
	960	552	240.000000	48.000000	1.018891e+03
	982	554	245.500000	48.500000	1.020839e+03
	945	556	236.250000	49.000000	1.020006e+03
	974	557	243.500000	49.250000	1.020324e+03
	1000	557	250.000000	49.250000	1.016519e+03
	977	561	244.250000	50.250000	1.018694e+03
	975	563	243.750000	50.750000	1.018754e+03
	851	565	212.750000	51.250000	9.975112e+02
	970	567	242.500000	51.750000	1.018754e+03
	952	568	238.000000	52.000000	1.014416e+03
	963	571	240.750000	52.750000	1.017281e+03
	692	575	173.000000	53.750000	1.005709e+03
	948	575	237.000000	53.750000	1.013189e+03
	936	576	234.000000	54.000000	1.012494e+03
	931	578	232.750000	54.500000	1.012076e+03
	913	579	228.250000	54.750000	1.008124e+03
	940	579	235.000000	54.750000	1.012869e+03
	984	581	246.000000	55.250000	1.011971e+03
	933	582	233.250000	55.500000	1.012054e+03
	1000	585	250.000000	56.250000	1.013104e+03
	805	586	201.250000	56.500000	1.008996e+03
	926	586	231.500000	56.500000	1.011729e+03
	952	586	238.000000	56.500000	1.010736e+03
	973	586	243.250000	56.500000	1.011249e+03
	919	587	229.750000	56.750000	1.011391e+03
	940	587	235.000000	56.750000	1.010959e+03
	965	587	241.250000	56.750000	1.011416e+03
	756	588	189.000000	57.000000	1.004484e+03
	757	588	189.250000	57.000000	1.004484e+03
	887	588	221.750000	57.000000	1.011354e+03
	947	588	236.750000	57.000000	1.011606e+03
	774	590	193.500000	57.500000	1.003311e+03
	882	590	220.500000	57.500000	1.011339e+03
	938	590	234.500000	57.500000	1.011199e+03
	814	591	203.500000	57.750000	1.008956e+03
	844	591	211.000000	57.750000	1.009586e+03
	960	591	240.000000	57.750000	1.011351e+03
	996	591	249.000000	57.750000	1.013579e+03
	878	592	219.500000	58.000000	1.011251e+03
	890	592	222.500000	58.000000	1.012004e+03
	928	592	232.000000	58.000000	1.011039e+03
	868	593	217.000000	58.250000	1.010101e+03
	918	593	229.500000	58.250000	1.011644e+03
	971	593	242.750000	58.250000	1.011184e+03
	940	594	235.000000	58.500000	1.011829e+03
	951	595	237.750000	58.750000	1.012196e+03
	985	597	246.250000	59.250000	1.012554e+03
	917	598	229.250000	59.500000	1.011676e+03
	800	599	200.000000	59.750000	1.006879e+03
	855	599	213.750000	59.750000	1.011061e+03
	909	600	227.250000	60.000000	1.011164e+03
	925	600	231.250000	60.000000	1.011049e+03
	988	600	247.000000	60.000000	1.012409e+03
