2015	1	28	189	12
	996	421	249.000000	15.250000	1.011846e+03
	997	423	249.250000	15.750000	1.011831e+03
	815	440	203.750000	20.000000	1.012606e+03
	821	440	205.250000	20.000000	1.013076e+03
	819	441	204.750000	20.250000	1.012709e+03
	914	442	228.500000	20.500000	1.014994e+03
	916	443	229.000000	20.750000	1.015014e+03
	801	444	200.250000	21.000000	1.012899e+03
	809	444	202.250000	21.000000	1.012844e+03
	918	444	229.500000	21.000000	1.015019e+03
	920	445	230.000000	21.250000	1.015021e+03
	939	445	234.750000	21.250000	1.015906e+03
	953	445	238.250000	21.250000	1.015829e+03
	946	446	236.500000	21.500000	1.015971e+03
	807	447	201.750000	21.750000	1.013114e+03
	999	449	249.750000	22.250000	1.013251e+03
	952	452	238.000000	23.000000	1.014959e+03
	931	453	232.750000	23.250000	1.015156e+03
	944	455	236.000000	23.750000	1.015336e+03
	939	456	234.750000	24.000000	1.014861e+03
	935	458	233.750000	24.500000	1.015011e+03
	943	458	235.750000	24.500000	1.015254e+03
	971	461	242.750000	25.250000	1.018656e+03
	992	462	248.000000	25.500000	1.015761e+03
	949	463	237.250000	25.750000	1.016701e+03
	801	472	200.250000	28.000000	1.015266e+03
	982	472	245.500000	28.000000	1.018491e+03
	805	474	201.250000	28.500000	1.015201e+03
	821	474	205.250000	28.500000	1.015834e+03
	983	474	245.750000	28.500000	1.018476e+03
	981	476	245.250000	29.000000	1.018581e+03
	995	476	248.750000	29.000000	1.017239e+03
	975	482	243.750000	30.500000	1.019349e+03
	987	482	246.750000	30.500000	1.019049e+03
	953	483	238.250000	30.750000	1.020976e+03
	995	483	248.750000	30.750000	1.019081e+03
	988	484	247.000000	31.000000	1.019069e+03
	951	485	237.750000	31.250000	1.021054e+03
	965	485	241.250000	31.250000	1.019731e+03
	973	486	243.250000	31.500000	1.019501e+03
	964	488	241.000000	32.000000	1.019751e+03
	967	489	241.750000	32.250000	1.019711e+03
	968	489	242.000000	32.250000	1.019711e+03
	984	492	246.000000	33.000000	1.020046e+03
	990	492	247.500000	33.000000	1.020261e+03
	991	492	247.750000	33.000000	1.020261e+03
	977	493	244.250000	33.250000	1.021191e+03
	988	494	247.000000	33.500000	1.020146e+03
	1000	498	250.000000	34.500000	1.021804e+03
	996	499	249.000000	34.750000	1.021869e+03
	964	500	241.000000	35.000000	1.023186e+03
	844	501	211.000000	35.250000	1.014979e+03
	999	503	249.750000	35.750000	1.022114e+03
	965	504	241.250000	36.000000	1.023604e+03
	998	504	249.500000	36.000000	1.022114e+03
	980	506	245.000000	36.500000	1.022996e+03
	984	506	246.000000	36.500000	1.023194e+03
	987	506	246.750000	36.500000	1.023601e+03
	1000	506	250.000000	36.500000	1.022069e+03
	958	508	239.500000	37.000000	1.024694e+03
	964	508	241.000000	37.000000	1.023831e+03
	983	511	245.750000	37.750000	1.024024e+03
	996	512	249.000000	38.000000	1.022531e+03
	959	513	239.750000	38.250000	1.022531e+03
	978	513	244.500000	38.250000	1.024369e+03
	963	515	240.750000	38.750000	1.026431e+03
	996	516	249.000000	39.000000	1.022016e+03
	962	518	240.500000	39.500000	1.026311e+03
	954	519	238.500000	39.750000	1.024209e+03
	975	520	243.750000	40.000000	1.025631e+03
	986	520	246.500000	40.000000	1.021549e+03
	992	520	248.000000	40.000000	1.022771e+03
	998	520	249.500000	40.000000	1.021061e+03
	915	521	228.750000	40.250000	1.021816e+03
	953	521	238.250000	40.250000	1.024351e+03
	990	522	247.500000	40.500000	1.021846e+03
	999	522	249.750000	40.500000	1.021289e+03
	969	523	242.250000	40.750000	1.025571e+03
	959	524	239.750000	41.000000	1.026974e+03
	976	524	244.000000	41.000000	1.026164e+03
	1000	524	250.000000	41.000000	1.020364e+03
	947	525	236.750000	41.250000	1.024674e+03
	986	525	246.500000	41.250000	1.022336e+03
	952	526	238.000000	41.500000	1.024779e+03
	995	526	248.750000	41.500000	1.021859e+03
	943	527	235.750000	41.750000	1.024404e+03
	971	527	242.750000	41.750000	1.025129e+03
	948	529	237.000000	42.250000	1.025576e+03
	968	529	242.000000	42.250000	1.025121e+03
	969	529	242.250000	42.250000	1.025121e+03
	993	529	248.250000	42.250000	1.022176e+03
	962	530	240.500000	42.500000	1.026524e+03
	981	530	245.250000	42.500000	1.024226e+03
	999	530	249.750000	42.500000	1.019456e+03
	975	531	243.750000	42.750000	1.024341e+03
	976	531	244.000000	42.750000	1.024341e+03
	957	532	239.250000	43.000000	1.026424e+03
	949	533	237.250000	43.250000	1.025611e+03
	970	534	242.500000	43.500000	1.025384e+03
	992	534	248.000000	43.500000	1.022609e+03
	682	535	170.500000	43.750000	1.036981e+03
	957	535	239.250000	43.750000	1.025764e+03
	965	536	241.250000	44.000000	1.026129e+03
	987	536	246.750000	44.000000	1.020849e+03
	969	537	242.250000	44.250000	1.025119e+03
	681	538	170.250000	44.500000	1.036951e+03
	959	538	239.750000	44.500000	1.025981e+03
	949	539	237.250000	44.750000	1.025921e+03
	991	539	247.750000	44.750000	1.020259e+03
	956	542	239.000000	45.500000	1.025696e+03
	996	542	249.000000	45.500000	1.017199e+03
	959	544	239.750000	46.000000	1.024994e+03
	969	546	242.250000	46.500000	1.025796e+03
	993	546	248.250000	46.500000	1.016721e+03
	950	549	237.500000	47.250000	1.026881e+03
	1000	549	250.000000	47.250000	1.013209e+03
	791	550	197.750000	47.500000	9.910312e+02
	946	551	236.500000	47.750000	1.026496e+03
	960	551	240.000000	47.750000	1.024801e+03
	994	551	248.500000	47.750000	1.015084e+03
	959	553	239.750000	48.250000	1.024439e+03
	947	554	236.750000	48.500000	1.026821e+03
	931	555	232.750000	48.750000	1.026506e+03
	960	555	240.000000	48.750000	1.024384e+03
	965	555	241.250000	48.750000	1.023854e+03
	989	555	247.250000	48.750000	1.017026e+03
	945	557	236.250000	49.250000	1.026794e+03
	931	558	232.750000	49.500000	1.026389e+03
	942	558	235.500000	49.500000	1.026641e+03
	969	558	242.250000	49.500000	1.023669e+03
	982	561	245.500000	50.250000	1.018494e+03
	954	562	238.500000	50.500000	1.025854e+03
	977	562	244.250000	50.500000	1.020521e+03
	814	563	203.500000	50.750000	9.929338e+02
	873	563	218.250000	50.750000	1.004889e+03
	938	563	234.500000	50.750000	1.027344e+03
	877	564	219.250000	51.000000	1.004869e+03
	958	564	239.500000	51.000000	1.025999e+03
	980	564	245.000000	51.000000	1.018614e+03
	820	565	205.000000	51.250000	9.920912e+02
	950	565	237.500000	51.250000	1.026446e+03
	789	568	197.250000	52.000000	9.863638e+02
	980	569	245.000000	52.250000	1.019306e+03
	933	570	233.250000	52.500000	1.027451e+03
	958	570	239.500000	52.500000	1.026924e+03
	943	571	235.750000	52.750000	1.026529e+03
	955	571	238.750000	52.750000	1.026931e+03
	965	571	241.250000	52.750000	1.025661e+03
	977	571	244.250000	52.750000	1.019806e+03
	938	572	234.500000	53.000000	1.027126e+03
	947	572	236.750000	53.000000	1.026434e+03
	974	572	243.500000	53.000000	1.020174e+03
	947	574	236.750000	53.500000	1.026471e+03
	959	574	239.750000	53.500000	1.026189e+03
	953	575	238.250000	53.750000	1.026331e+03
	991	575	247.750000	53.750000	1.018989e+03
	993	578	248.250000	54.500000	1.018784e+03
	682	579	170.500000	54.750000	1.038546e+03
	960	579	240.000000	54.750000	1.022784e+03
	924	580	231.000000	55.000000	1.026161e+03
	930	581	232.500000	55.250000	1.025791e+03
	956	581	239.000000	55.250000	1.022604e+03
	935	583	233.750000	55.750000	1.025249e+03
	949	583	237.250000	55.750000	1.022886e+03
	858	584	214.500000	56.000000	1.003516e+03
	863	585	215.750000	56.250000	1.003681e+03
	924	585	231.000000	56.250000	1.025154e+03
	918	586	229.500000	56.500000	1.024966e+03
	947	586	236.750000	56.500000	1.022206e+03
	948	586	237.000000	56.500000	1.022206e+03
	963	586	240.750000	56.500000	1.027564e+03
	946	588	236.500000	57.000000	1.021394e+03
	990	590	247.500000	57.500000	1.026224e+03
	934	591	233.500000	57.750000	1.024104e+03
	922	593	230.500000	58.250000	1.024999e+03
	931	593	232.750000	58.250000	1.024641e+03
	942	593	235.500000	58.250000	1.023001e+03
	916	595	229.000000	58.750000	1.025969e+03
	927	595	231.750000	58.750000	1.024679e+03
	936	595	234.000000	58.750000	1.024011e+03
	987	595	246.750000	58.750000	1.029979e+03
	980	596	245.000000	59.000000	1.027324e+03
	907	598	226.750000	59.500000	1.027234e+03
	919	598	229.750000	59.500000	1.025919e+03
	967	598	241.750000	59.500000	1.030681e+03
	798	599	199.500000	59.750000	1.013231e+03
	822	599	205.500000	59.750000	1.014069e+03
	937	599	234.250000	59.750000	1.028061e+03
	896	600	224.000000	60.000000	1.023344e+03
