2015	7	2	210	6
	741	426	185.250000	16.500000	1.010621e+03
	815	436	203.750000	19.000000	1.011874e+03
	814	438	203.500000	19.500000	1.011851e+03
	807	439	201.750000	19.750000	1.011729e+03
	812	439	203.000000	19.750000	1.011746e+03
	815	440	203.750000	20.000000	1.011726e+03
	821	440	205.250000	20.000000	1.012372e+03
	810	441	202.500000	20.250000	1.011702e+03
	818	442	204.500000	20.500000	1.011901e+03
	806	443	201.500000	20.750000	1.011718e+03
	813	444	203.250000	21.000000	1.011504e+03
	817	444	204.250000	21.000000	1.012096e+03
	778	447	194.500000	21.750000	1.010706e+03
	800	447	200.000000	21.750000	1.011533e+03
	804	447	201.000000	21.750000	1.011642e+03
	810	447	202.500000	21.750000	1.011927e+03
	930	447	232.500000	21.750000	1.014814e+03
	806	451	201.500000	22.750000	1.011746e+03
	999	452	249.750000	23.000000	1.012018e+03
	916	454	229.000000	23.500000	1.014559e+03
	913	455	228.250000	23.750000	1.014553e+03
	997	455	249.250000	23.750000	1.012178e+03
	995	456	248.750000	24.000000	1.012279e+03
	999	458	249.750000	24.500000	1.011452e+03
	994	459	248.500000	24.750000	1.012406e+03
	917	462	229.250000	25.500000	1.014417e+03
	996	464	249.000000	26.000000	1.011122e+03
	924	465	231.000000	26.250000	1.014272e+03
	990	465	247.500000	26.250000	1.012394e+03
	924	466	231.000000	26.500000	1.014272e+03
	921	467	230.250000	26.750000	1.014342e+03
	987	467	246.750000	26.750000	1.012317e+03
	917	468	229.250000	27.000000	1.014363e+03
	1000	469	250.000000	27.250000	1.010971e+03
	980	470	245.000000	27.500000	1.013774e+03
	995	470	248.750000	27.500000	1.010792e+03
	997	471	249.250000	27.750000	1.010889e+03
	985	472	246.250000	28.000000	1.012932e+03
	990	472	247.500000	28.000000	1.010548e+03
	993	473	248.250000	28.250000	1.010694e+03
	934	474	233.500000	28.500000	1.014666e+03
	933	475	233.250000	28.750000	1.014666e+03
	983	475	245.750000	28.750000	1.013337e+03
	988	475	247.000000	28.750000	1.010443e+03
	930	476	232.500000	29.000000	1.014691e+03
	928	477	232.000000	29.250000	1.014704e+03
	980	477	245.000000	29.250000	1.013146e+03
	924	479	231.000000	29.750000	1.014678e+03
	987	479	246.750000	29.750000	1.010508e+03
	984	480	246.000000	30.000000	1.010571e+03
	948	482	237.000000	30.500000	1.015096e+03
	976	482	244.000000	30.500000	1.013681e+03
	983	482	245.750000	30.500000	1.010616e+03
	986	482	246.500000	30.500000	1.010628e+03
	947	483	236.750000	30.750000	1.015096e+03
	665	484	166.250000	31.000000	1.018692e+03
	975	484	243.750000	31.000000	1.013638e+03
	972	487	243.000000	31.750000	1.013712e+03
	943	488	235.750000	32.000000	1.015072e+03
	953	488	238.250000	32.000000	1.014588e+03
	979	489	244.750000	32.250000	1.009802e+03
	942	490	235.500000	32.500000	1.015052e+03
	968	491	242.000000	32.750000	1.013661e+03
	985	491	246.250000	32.750000	1.010097e+03
	977	492	244.250000	33.000000	1.009352e+03
	988	492	247.000000	33.000000	1.010189e+03
	969	493	242.250000	33.250000	1.013567e+03
	991	494	247.750000	33.500000	1.010368e+03
	970	495	242.500000	33.750000	1.013466e+03
	971	495	242.750000	33.750000	1.013466e+03
	981	495	245.250000	33.750000	1.009528e+03
	961	497	240.250000	34.250000	1.012963e+03
	966	498	241.500000	34.500000	1.013552e+03
	978	498	244.500000	34.500000	1.009357e+03
	969	500	242.250000	35.000000	1.011301e+03
	981	500	245.250000	35.000000	1.009227e+03
	990	500	247.500000	35.000000	1.013646e+03
	723	501	180.750000	35.250000	1.016003e+03
	952	501	238.000000	35.250000	1.013296e+03
	723	502	180.750000	35.500000	1.016003e+03
	971	503	242.750000	35.750000	1.010037e+03
	975	503	243.750000	35.750000	1.008593e+03
	956	505	239.000000	36.250000	1.012581e+03
	982	505	245.500000	36.250000	1.006746e+03
	702	506	175.500000	36.500000	1.014938e+03
	960	506	240.000000	36.500000	1.009116e+03
	972	506	243.000000	36.500000	1.008128e+03
	817	509	204.250000	37.250000	1.006814e+03
	940	510	235.000000	37.500000	1.013083e+03
	997	510	249.250000	37.500000	1.005977e+03
	956	511	239.000000	37.750000	1.009759e+03
	985	511	246.250000	37.750000	1.011789e+03
	968	512	242.000000	38.000000	1.013052e+03
	982	514	245.500000	38.500000	1.012518e+03
	997	514	249.250000	38.500000	1.007198e+03
	1000	515	250.000000	38.750000	1.006619e+03
	953	516	238.250000	39.000000	1.008771e+03
	791	517	197.750000	39.250000	1.004916e+03
	989	517	247.250000	39.250000	1.007382e+03
	952	518	238.000000	39.500000	1.008467e+03
	980	518	245.000000	39.500000	1.014552e+03
	986	518	246.500000	39.500000	1.009416e+03
	966	519	241.500000	39.750000	1.009253e+03
	992	521	248.000000	40.250000	1.010534e+03
	986	522	246.500000	40.500000	1.008252e+03
	965	524	241.250000	41.000000	1.008659e+03
	801	525	200.250000	41.250000	1.004196e+03
	944	525	236.000000	41.250000	1.014181e+03
	954	525	238.500000	41.250000	1.014488e+03
	980	525	245.000000	41.250000	1.011724e+03
	989	525	247.250000	41.250000	1.008312e+03
	967	526	241.750000	41.500000	1.008871e+03
	950	527	237.500000	41.750000	1.012422e+03
	943	528	235.750000	42.000000	1.014292e+03
	954	528	238.500000	42.000000	1.012653e+03
	973	528	243.250000	42.000000	1.010778e+03
	948	530	237.000000	42.500000	1.012457e+03
	1000	530	250.000000	42.500000	1.012994e+03
	969	531	242.250000	42.750000	1.008429e+03
	980	531	245.000000	42.750000	1.007999e+03
	977	532	244.250000	43.000000	1.007781e+03
	985	532	246.250000	43.000000	1.008258e+03
	965	533	241.250000	43.250000	1.010192e+03
	989	533	247.250000	43.250000	1.007741e+03
	973	535	243.250000	43.750000	1.007477e+03
	956	537	239.000000	44.250000	1.011709e+03
	984	538	246.000000	44.500000	1.014131e+03
	962	539	240.500000	44.750000	1.012481e+03
	979	539	244.750000	44.750000	1.015617e+03
	956	540	239.000000	45.000000	1.011308e+03
	980	541	245.000000	45.250000	1.015339e+03
	984	541	246.000000	45.250000	1.014256e+03
	990	541	247.500000	45.250000	1.013892e+03
	950	542	237.500000	45.500000	1.012518e+03
	956	543	239.000000	45.750000	1.010733e+03
	961	543	240.250000	45.750000	1.009288e+03
	994	543	248.500000	45.750000	1.015319e+03
	764	545	191.000000	46.250000	1.007761e+03
	949	546	237.250000	46.500000	1.013582e+03
	959	546	239.750000	46.500000	1.010296e+03
	963	546	240.750000	46.500000	1.009638e+03
	972	546	243.000000	46.500000	1.011113e+03
	984	546	246.000000	46.500000	1.013192e+03
	968	547	242.000000	46.750000	1.010168e+03
	992	547	248.000000	46.750000	1.017743e+03
	945	549	236.250000	47.250000	1.014354e+03
	950	549	237.500000	47.250000	1.013669e+03
	982	549	245.500000	47.250000	1.012811e+03
	970	551	242.500000	47.750000	1.011067e+03
	1000	551	250.000000	47.750000	1.016667e+03
	950	552	237.500000	48.000000	1.013701e+03
	973	553	243.250000	48.250000	1.011312e+03
	940	555	235.000000	48.750000	1.014729e+03
	955	555	238.750000	48.750000	1.015727e+03
	947	556	236.750000	49.000000	1.013283e+03
	873	558	218.250000	49.500000	1.021867e+03
	976	558	244.000000	49.500000	1.017122e+03
	956	560	239.000000	50.000000	1.017061e+03
	962	560	240.500000	50.000000	1.016464e+03
	857	561	214.250000	50.250000	1.021709e+03
	948	561	237.000000	50.250000	1.016536e+03
	968	561	242.000000	50.250000	1.016249e+03
	737	563	184.250000	50.750000	1.002079e+03
	959	563	239.750000	50.750000	1.016607e+03
	963	563	240.750000	50.750000	1.016006e+03
	973	564	243.250000	51.000000	1.018861e+03
	933	566	233.250000	51.500000	1.019727e+03
	939	569	234.750000	52.250000	1.017537e+03
	944	569	236.000000	52.250000	1.016984e+03
	963	571	240.750000	52.750000	1.018804e+03
	950	572	237.500000	53.000000	1.016844e+03
	945	573	236.250000	53.250000	1.016669e+03
	960	573	240.000000	53.250000	1.019952e+03
	770	575	192.500000	53.750000	1.016532e+03
	948	575	237.000000	53.750000	1.016436e+03
	666	579	166.500000	54.750000	1.012879e+03
	941	579	235.250000	54.750000	1.015894e+03
	946	579	236.500000	54.750000	1.016432e+03
	935	580	233.750000	55.000000	1.015971e+03
	784	581	196.000000	55.250000	1.019527e+03
	930	581	232.500000	55.250000	1.017051e+03
	962	581	240.500000	55.250000	1.016328e+03
	939	583	234.750000	55.750000	1.016461e+03
	793	584	198.250000	56.000000	1.020358e+03
	943	585	235.750000	56.250000	1.014723e+03
	964	585	241.000000	56.250000	1.014996e+03
	804	586	201.000000	56.500000	1.020706e+03
	929	586	232.250000	56.500000	1.017409e+03
	877	587	219.250000	56.750000	9.997994e+02
	945	587	236.250000	56.750000	1.015296e+03
	940	588	235.000000	57.000000	1.014706e+03
	827	589	206.750000	57.250000	1.019513e+03
	938	590	234.500000	57.500000	1.014598e+03
	820	592	205.000000	58.000000	1.019071e+03
	918	592	229.500000	58.000000	1.015831e+03
	926	592	231.500000	58.000000	1.015381e+03
	954	592	238.500000	58.000000	1.011253e+03
	908	594	227.000000	58.500000	1.014838e+03
	950	594	237.500000	58.500000	1.011457e+03
	958	594	239.500000	58.500000	1.011711e+03
	977	594	244.250000	58.500000	1.012256e+03
	984	594	246.000000	58.500000	1.011738e+03
	903	596	225.750000	59.000000	1.015257e+03
	967	596	241.750000	59.000000	1.011991e+03
	833	597	208.250000	59.250000	1.017982e+03
	917	598	229.250000	59.500000	1.015293e+03
	841	599	210.250000	59.750000	1.015911e+03
	905	599	226.250000	59.750000	1.014766e+03
	934	599	233.500000	59.750000	1.012647e+03
	815	600	203.750000	60.000000	1.018188e+03
