2015	1	7	225	18
	852	428	213.000000	17.000000	1.012557e+03
	853	429	213.250000	17.250000	1.012557e+03
	856	431	214.000000	17.750000	1.012578e+03
	706	432	176.500000	18.000000	1.011230e+03
	860	433	215.000000	18.250000	1.012555e+03
	864	435	216.000000	18.750000	1.012580e+03
	819	437	204.750000	19.250000	1.014105e+03
	864	438	216.000000	19.500000	1.012610e+03
	816	439	204.000000	19.750000	1.013907e+03
	736	442	184.000000	20.500000	1.012625e+03
	702	444	175.500000	21.000000	1.011722e+03
	877	444	219.250000	21.000000	1.012235e+03
	878	444	219.500000	21.000000	1.012235e+03
	697	446	174.250000	21.500000	1.011775e+03
	709	446	177.250000	21.500000	1.011912e+03
	881	446	220.250000	21.500000	1.012292e+03
	695	447	173.750000	21.750000	1.011718e+03
	713	448	178.250000	22.000000	1.011893e+03
	842	448	210.500000	22.000000	1.014050e+03
	716	449	179.000000	22.250000	1.011900e+03
	710	450	177.500000	22.500000	1.011968e+03
	718	450	179.500000	22.500000	1.011862e+03
	873	451	218.250000	22.750000	1.012660e+03
	716	452	179.000000	23.000000	1.012023e+03
	722	452	180.500000	23.000000	1.011795e+03
	873	452	218.250000	23.000000	1.012660e+03
	703	455	175.750000	23.750000	1.012537e+03
	727	455	181.750000	23.750000	1.011690e+03
	888	458	222.000000	24.500000	1.011740e+03
	1000	459	250.000000	24.750000	1.018385e+03
	939	461	234.750000	25.250000	1.018825e+03
	981	462	245.250000	25.500000	1.019903e+03
	978	463	244.500000	25.750000	1.019982e+03
	984	465	246.000000	26.250000	1.020018e+03
	975	466	243.750000	26.500000	1.019833e+03
	956	467	239.000000	26.750000	1.019953e+03
	958	468	239.500000	27.000000	1.019955e+03
	970	470	242.500000	27.500000	1.020315e+03
	966	472	241.500000	28.000000	1.020150e+03
	974	472	243.500000	28.000000	1.020312e+03
	954	473	238.500000	28.250000	1.020143e+03
	965	474	241.250000	28.500000	1.020130e+03
	983	474	245.750000	28.500000	1.020110e+03
	998	475	249.500000	28.750000	1.018595e+03
	972	476	243.000000	29.000000	1.020695e+03
	982	476	245.500000	29.000000	1.020157e+03
	980	477	245.000000	29.250000	1.020213e+03
	968	478	242.000000	29.500000	1.020568e+03
	976	481	244.000000	30.250000	1.020643e+03
	993	481	248.250000	30.250000	1.018635e+03
	902	483	225.500000	30.750000	1.009568e+03
	968	484	242.000000	31.000000	1.020390e+03
	992	484	248.000000	31.000000	1.018778e+03
	758	485	189.500000	31.250000	1.006130e+03
	941	486	235.250000	31.500000	1.020018e+03
	973	488	243.250000	32.000000	1.020170e+03
	972	490	243.000000	32.500000	1.020032e+03
	971	492	242.750000	33.000000	1.020093e+03
	979	492	244.750000	33.000000	1.021445e+03
	984	492	246.000000	33.000000	1.020635e+03
	953	493	238.250000	33.250000	1.021070e+03
	999	494	249.750000	33.500000	1.025070e+03
	762	495	190.500000	33.750000	1.003367e+03
	968	495	242.000000	33.750000	1.020145e+03
	979	499	244.750000	34.750000	1.022662e+03
	964	500	241.000000	35.000000	1.022310e+03
	992	500	248.000000	35.000000	1.026250e+03
	972	501	243.000000	35.250000	1.024340e+03
	965	502	241.250000	35.500000	1.022503e+03
	952	503	238.000000	35.750000	1.021510e+03
	999	503	249.750000	35.750000	1.030395e+03
	979	505	244.750000	36.250000	1.025422e+03
	984	505	246.000000	36.250000	1.025578e+03
	963	506	240.750000	36.500000	1.022852e+03
	998	506	249.500000	36.500000	1.030940e+03
	983	507	245.750000	36.750000	1.026065e+03
	989	507	247.250000	36.750000	1.028652e+03
	967	509	241.750000	37.250000	1.027848e+03
	988	510	247.000000	37.500000	1.026630e+03
	931	511	232.750000	37.750000	1.019508e+03
	959	511	239.750000	37.750000	1.023537e+03
	930	513	232.500000	38.250000	1.019435e+03
	958	513	239.500000	38.250000	1.023885e+03
	981	513	245.250000	38.250000	1.028562e+03
	898	515	224.500000	38.750000	1.005708e+03
	929	515	232.250000	38.750000	1.019455e+03
	971	515	242.750000	38.750000	1.027865e+03
	956	516	239.000000	39.000000	1.024165e+03
	974	516	243.500000	39.000000	1.027887e+03
	980	516	245.000000	39.000000	1.027922e+03
	993	516	248.250000	39.000000	1.029453e+03
	929	517	232.250000	39.250000	1.019492e+03
	969	517	242.250000	39.250000	1.027605e+03
	955	518	238.750000	39.500000	1.024350e+03
	994	518	248.500000	39.500000	1.029630e+03
	945	519	236.250000	39.750000	1.022095e+03
	972	519	243.000000	39.750000	1.028468e+03
	980	520	245.000000	40.000000	1.028427e+03
	895	521	223.750000	40.250000	1.004585e+03
	944	521	236.000000	40.250000	1.022130e+03
	952	521	238.000000	40.250000	1.024560e+03
	970	521	242.500000	40.250000	1.029502e+03
	990	521	247.500000	40.250000	1.031348e+03
	966	522	241.500000	40.500000	1.030392e+03
	978	522	244.500000	40.500000	1.028047e+03
	927	523	231.750000	40.750000	1.019510e+03
	943	523	235.750000	40.750000	1.022125e+03
	997	523	249.250000	40.750000	1.029368e+03
	894	524	223.500000	41.000000	1.004225e+03
	956	524	239.000000	41.000000	1.028157e+03
	926	525	231.500000	41.250000	1.019503e+03
	994	526	248.500000	41.500000	1.030955e+03
	722	527	180.500000	41.750000	9.716625e+02
	977	527	244.250000	41.750000	1.027243e+03
	962	528	240.500000	42.000000	1.027040e+03
	970	528	242.500000	42.000000	1.027745e+03
	985	528	246.250000	42.000000	1.029012e+03
	942	529	235.500000	42.250000	1.022177e+03
	994	529	248.500000	42.250000	1.031345e+03
	942	530	235.500000	42.500000	1.022177e+03
	957	530	239.250000	42.500000	1.025690e+03
	974	530	243.500000	42.500000	1.028680e+03
	990	530	247.500000	42.500000	1.032305e+03
	997	530	249.250000	42.500000	1.030223e+03
	966	531	241.500000	42.750000	1.028733e+03
	993	532	248.250000	43.000000	1.031935e+03
	834	533	208.500000	43.250000	9.913300e+02
	970	533	242.500000	43.250000	1.032935e+03
	948	534	237.000000	43.500000	1.023258e+03
	996	535	249.000000	43.750000	1.032103e+03
	979	536	244.750000	44.000000	1.028363e+03
	943	537	235.750000	44.250000	1.023162e+03
	951	537	237.750000	44.250000	1.023545e+03
	963	537	240.750000	44.250000	1.027545e+03
	958	538	239.500000	44.500000	1.026377e+03
	981	539	245.250000	44.750000	1.027858e+03
	987	539	246.750000	44.750000	1.029068e+03
	964	540	241.000000	45.000000	1.026705e+03
	994	541	248.500000	45.250000	1.029103e+03
	944	542	236.000000	45.500000	1.023345e+03
	673	544	168.250000	46.000000	1.008115e+03
	969	544	242.250000	46.000000	1.026350e+03
	951	545	237.750000	46.250000	1.024453e+03
	987	545	246.750000	46.250000	1.026657e+03
	990	545	247.500000	46.250000	1.029323e+03
	999	545	249.750000	46.250000	1.032848e+03
	963	546	240.750000	46.500000	1.030993e+03
	981	546	245.250000	46.500000	1.025760e+03
	953	547	238.250000	46.750000	1.024280e+03
	998	548	249.500000	47.000000	1.028380e+03
	967	549	241.750000	47.250000	1.029922e+03
	954	550	238.500000	47.500000	1.024950e+03
	945	551	236.250000	47.750000	1.024150e+03
	989	552	247.250000	48.000000	1.023280e+03
	965	554	241.250000	48.500000	1.028228e+03
	854	555	213.500000	48.750000	9.925350e+02
	942	555	235.500000	48.750000	1.025455e+03
	958	556	239.500000	49.000000	1.022843e+03
	971	556	242.750000	49.000000	1.028575e+03
	977	556	244.250000	49.000000	1.032325e+03
	987	556	246.750000	49.000000	1.024093e+03
	995	557	248.750000	49.250000	1.035547e+03
	814	558	203.500000	49.500000	9.986600e+02
	936	558	234.000000	49.500000	1.025560e+03
	950	559	237.500000	49.750000	1.025660e+03
	965	560	241.250000	50.000000	1.027395e+03
	998	560	249.500000	50.000000	1.033435e+03
	945	561	236.250000	50.250000	1.026215e+03
	952	561	238.000000	50.250000	1.025103e+03
	973	561	243.250000	50.250000	1.025493e+03
	983	561	245.750000	50.250000	1.019448e+03
	939	563	234.750000	50.750000	1.027188e+03
	965	563	241.250000	50.750000	1.029015e+03
	982	563	245.500000	50.750000	1.019145e+03
	948	565	237.000000	51.250000	1.024750e+03
	958	565	239.500000	51.250000	1.029667e+03
	969	565	242.250000	51.250000	1.026968e+03
	941	567	235.250000	51.750000	1.027070e+03
	978	568	244.500000	52.000000	1.016560e+03
	935	569	233.750000	52.250000	1.027407e+03
	934	571	233.500000	52.750000	1.027907e+03
	941	571	235.250000	52.750000	1.025953e+03
	946	571	236.500000	52.750000	1.028655e+03
	947	571	236.750000	52.750000	1.028655e+03
	974	571	243.500000	52.750000	1.017177e+03
	931	572	232.750000	53.000000	1.028312e+03
	959	572	239.750000	53.000000	1.026292e+03
	983	573	245.750000	53.250000	1.028098e+03
	934	574	233.500000	53.500000	1.028637e+03
	967	575	241.750000	53.750000	1.019472e+03
	929	576	232.250000	54.000000	1.026880e+03
	964	577	241.000000	54.250000	1.021555e+03
	781	578	195.250000	54.500000	1.007463e+03
	940	578	235.000000	54.500000	1.033420e+03
	972	579	243.000000	54.750000	1.027660e+03
	977	579	244.250000	54.750000	1.025080e+03
	927	580	231.750000	55.000000	1.028448e+03
	780	581	195.000000	55.250000	1.007295e+03
	942	582	235.500000	55.500000	1.031017e+03
	780	583	195.000000	55.750000	1.007315e+03
	950	583	237.500000	55.750000	1.030267e+03
	875	584	218.750000	56.000000	1.012335e+03
	931	584	232.750000	56.000000	1.028748e+03
	976	584	244.000000	56.000000	1.028120e+03
	778	585	194.500000	56.250000	1.007330e+03
	990	585	247.500000	56.250000	1.030478e+03
	767	587	191.750000	56.750000	1.007480e+03
	936	587	234.000000	56.750000	1.026120e+03
	946	587	236.500000	56.750000	1.028315e+03
	953	587	238.250000	56.750000	1.034040e+03
	668	588	167.000000	57.000000	1.002412e+03
	968	588	242.000000	57.000000	1.029180e+03
	906	589	226.500000	57.250000	1.020630e+03
	916	589	229.000000	57.250000	1.026400e+03
	926	590	231.500000	57.500000	1.026578e+03
	942	590	235.500000	57.500000	1.026042e+03
	932	591	233.000000	57.750000	1.027828e+03
	940	592	235.000000	58.000000	1.027010e+03
	990	592	247.500000	58.000000	1.029392e+03
	922	593	230.500000	58.250000	1.028305e+03
	890	595	222.500000	58.750000	1.016715e+03
	826	597	206.500000	59.250000	1.017427e+03
	982	597	245.500000	59.250000	1.029387e+03
	823	600	205.750000	60.000000	1.016030e+03
	839	600	209.750000	60.000000	1.017318e+03
