2015	2	24	166	6
	727	420	181.750000	15.000000	1.012628e+03
	933	420	233.250000	15.000000	1.014060e+03
	722	421	180.500000	15.250000	1.012607e+03
	725	421	181.250000	15.250000	1.012612e+03
	896	421	224.000000	15.250000	1.011835e+03
	887	424	221.750000	16.000000	1.012390e+03
	733	427	183.250000	16.750000	1.012985e+03
	735	428	183.750000	17.000000	1.013030e+03
	707	429	176.750000	17.250000	1.014463e+03
	1000	429	250.000000	17.250000	1.015050e+03
	709	430	177.250000	17.500000	1.014468e+03
	710	430	177.500000	17.500000	1.014468e+03
	922	430	230.500000	17.500000	1.014732e+03
	926	430	231.500000	17.500000	1.014912e+03
	745	431	186.250000	17.750000	1.013135e+03
	741	433	185.250000	18.250000	1.013133e+03
	746	433	186.500000	18.250000	1.013133e+03
	717	434	179.250000	18.500000	1.014535e+03
	718	435	179.500000	18.750000	1.014535e+03
	720	436	180.000000	19.000000	1.014555e+03
	744	436	186.000000	19.000000	1.013100e+03
	750	436	187.500000	19.000000	1.013230e+03
	815	436	203.750000	19.000000	1.015953e+03
	747	438	186.750000	19.500000	1.013208e+03
	754	438	188.500000	19.500000	1.013372e+03
	814	438	203.500000	19.500000	1.016073e+03
	999	438	249.750000	19.500000	1.015412e+03
	815	440	203.750000	20.000000	1.015980e+03
	757	443	189.250000	20.750000	1.013443e+03
	811	443	202.750000	20.750000	1.016162e+03
	821	443	205.250000	20.750000	1.017312e+03
	757	444	189.250000	21.000000	1.013443e+03
	817	444	204.250000	21.000000	1.017340e+03
	758	445	189.500000	21.250000	1.013443e+03
	744	448	186.000000	22.000000	1.013448e+03
	803	449	200.750000	22.250000	1.016412e+03
	1000	451	250.000000	22.750000	1.014982e+03
	760	452	190.000000	23.000000	1.013570e+03
	750	453	187.500000	23.250000	1.013148e+03
	748	457	187.000000	24.250000	1.012850e+03
	926	463	231.500000	25.750000	1.022090e+03
	928	464	232.000000	26.000000	1.022083e+03
	991	464	247.750000	26.000000	1.016220e+03
	931	465	232.750000	26.250000	1.022057e+03
	798	468	199.500000	27.000000	1.016020e+03
	988	475	247.000000	28.750000	1.015828e+03
	801	476	200.250000	29.000000	1.015932e+03
	993	477	248.250000	29.250000	1.015515e+03
	990	478	247.500000	29.500000	1.015737e+03
	996	478	249.000000	29.500000	1.015670e+03
	988	479	247.000000	29.750000	1.015807e+03
	984	482	246.000000	30.500000	1.015468e+03
	977	483	244.250000	30.750000	1.018820e+03
	974	484	243.500000	31.000000	1.019068e+03
	988	488	247.000000	32.000000	1.015745e+03
	745	490	186.250000	32.500000	1.003468e+03
	970	492	242.500000	33.000000	1.019610e+03
	994	492	248.500000	33.000000	1.014607e+03
	956	500	239.000000	35.000000	1.021380e+03
	963	500	240.750000	35.000000	1.022105e+03
	972	500	243.000000	35.000000	1.020857e+03
	952	502	238.000000	35.500000	1.021470e+03
	761	503	190.250000	35.750000	1.007030e+03
	972	504	243.000000	36.000000	1.020812e+03
	963	505	240.750000	36.250000	1.021612e+03
	979	505	244.750000	36.250000	1.021968e+03
	984	505	246.000000	36.250000	1.021972e+03
	982	507	245.500000	36.750000	1.021985e+03
	961	508	240.250000	37.000000	1.021730e+03
	988	509	247.000000	37.250000	1.022573e+03
	959	510	239.750000	37.500000	1.021720e+03
	973	510	243.250000	37.500000	1.023555e+03
	956	511	239.000000	37.750000	1.021893e+03
	992	511	248.000000	37.750000	1.023508e+03
	977	514	244.250000	38.500000	1.023755e+03
	1000	515	250.000000	38.750000	1.023860e+03
	967	516	241.750000	39.000000	1.027312e+03
	967	517	241.750000	39.250000	1.027312e+03
	985	518	246.250000	39.500000	1.025927e+03
	993	518	248.250000	39.500000	1.024000e+03
	945	519	236.250000	39.750000	1.024037e+03
	969	519	242.250000	39.750000	1.027188e+03
	772	520	193.000000	40.000000	9.996525e+02
	985	522	246.250000	40.500000	1.025995e+03
	773	523	193.250000	40.750000	9.996975e+02
	998	523	249.500000	40.750000	1.024370e+03
	696	524	174.000000	41.000000	1.024420e+03
	965	524	241.250000	41.000000	1.029500e+03
	942	525	235.500000	41.250000	1.024507e+03
	943	525	235.750000	41.250000	1.024507e+03
	990	525	247.500000	41.250000	1.026185e+03
	697	526	174.250000	41.500000	1.024420e+03
	978	526	244.500000	41.500000	1.030448e+03
	948	529	237.000000	42.250000	1.026875e+03
	998	530	249.500000	42.500000	1.025340e+03
	973	533	243.250000	43.250000	1.029647e+03
	986	534	246.500000	43.500000	1.026765e+03
	782	535	195.500000	43.750000	1.000720e+03
	980	535	245.000000	43.750000	1.026573e+03
	993	535	248.250000	43.750000	1.027573e+03
	996	536	249.000000	44.000000	1.027515e+03
	969	537	242.250000	44.250000	1.028575e+03
	990	537	247.500000	44.250000	1.026825e+03
	897	538	224.250000	44.500000	1.033502e+03
	958	538	239.500000	44.500000	1.030157e+03
	951	539	237.750000	44.750000	1.027828e+03
	968	539	242.000000	44.750000	1.028968e+03
	899	540	224.750000	45.000000	1.033515e+03
	971	540	242.750000	45.000000	1.028950e+03
	963	541	240.750000	45.250000	1.030323e+03
	996	542	249.000000	45.500000	1.028440e+03
	990	543	247.500000	45.750000	1.028940e+03
	950	544	237.500000	46.000000	1.028627e+03
	969	544	242.250000	46.000000	1.030537e+03
	978	544	244.500000	46.000000	1.030917e+03
	987	545	246.750000	46.250000	1.029243e+03
	992	545	248.000000	46.250000	1.028993e+03
	809	547	202.250000	46.750000	9.949575e+02
	955	547	238.750000	46.750000	1.027797e+03
	986	547	246.500000	46.750000	1.029797e+03
	1000	549	250.000000	47.250000	1.022148e+03
	950	550	237.500000	47.500000	1.029155e+03
	981	550	245.250000	47.500000	1.029520e+03
	947	551	236.750000	47.750000	1.028412e+03
	990	553	247.500000	48.250000	1.021362e+03
	947	554	236.750000	48.500000	1.029182e+03
	945	556	236.250000	49.000000	1.029095e+03
	997	556	249.250000	49.000000	1.019838e+03
	960	557	240.000000	49.250000	1.025547e+03
	991	557	247.750000	49.250000	1.020180e+03
	938	559	234.500000	49.750000	1.029098e+03
	958	560	239.500000	50.000000	1.024873e+03
	975	561	243.750000	50.250000	1.025777e+03
	954	562	238.500000	50.500000	1.024210e+03
	983	563	245.750000	50.750000	1.016667e+03
	905	565	226.250000	51.250000	1.026255e+03
	950	565	237.500000	51.250000	1.021662e+03
	979	569	244.750000	52.250000	1.014675e+03
	987	569	246.750000	52.250000	1.015328e+03
	946	571	236.500000	52.750000	1.022172e+03
	984	571	246.000000	52.750000	1.015385e+03
	975	572	243.750000	53.000000	1.014075e+03
	977	576	244.250000	54.000000	1.014845e+03
	985	576	246.250000	54.000000	1.015400e+03
	969	577	242.250000	54.250000	1.015253e+03
	965	578	241.250000	54.500000	1.015470e+03
	979	580	244.750000	55.000000	1.014278e+03
	793	583	198.250000	55.750000	1.021885e+03
	907	586	226.750000	56.500000	1.025970e+03
	940	588	235.000000	57.000000	1.018812e+03
	960	590	240.000000	57.500000	1.012718e+03
	948	591	237.000000	57.750000	1.013665e+03
	820	592	205.000000	58.000000	1.024295e+03
	824	593	206.000000	58.250000	1.024363e+03
	824	594	206.000000	58.500000	1.024363e+03
	894	594	223.500000	58.500000	1.023948e+03
	944	594	236.000000	58.500000	1.013388e+03
	888	596	222.000000	59.000000	1.025915e+03
	942	596	235.500000	59.000000	1.013427e+03
	974	596	243.500000	59.000000	1.019912e+03
	893	597	223.250000	59.250000	1.023963e+03
	950	598	237.500000	59.500000	1.015110e+03
	841	599	210.250000	59.750000	1.023107e+03
	845	599	211.250000	59.750000	1.023357e+03
	868	599	217.000000	59.750000	1.024855e+03
	877	599	219.250000	59.750000	1.025017e+03
