2015	1	10	238	18
	668	434	167.000000	18.500000	1.011521e+03
	864	434	216.000000	18.500000	1.013531e+03
	721	435	180.250000	18.750000	1.012504e+03
	672	436	168.000000	19.000000	1.011526e+03
	872	436	218.000000	19.000000	1.014014e+03
	666	437	166.500000	19.250000	1.011491e+03
	674	437	168.500000	19.250000	1.011524e+03
	717	437	179.250000	19.250000	1.012476e+03
	668	438	167.000000	19.500000	1.011496e+03
	678	438	169.500000	19.500000	1.011571e+03
	723	438	180.750000	19.500000	1.012561e+03
	814	438	203.500000	19.500000	1.015071e+03
	863	438	215.750000	19.500000	1.014409e+03
	876	438	219.000000	19.500000	1.014119e+03
	812	439	203.000000	19.750000	1.015106e+03
	684	440	171.000000	20.000000	1.011546e+03
	815	440	203.750000	20.000000	1.015016e+03
	821	440	205.250000	20.000000	1.015511e+03
	690	441	172.500000	20.250000	1.011564e+03
	694	443	173.500000	20.750000	1.011519e+03
	821	443	205.250000	20.750000	1.015744e+03
	877	443	219.250000	20.750000	1.013876e+03
	817	444	204.250000	21.000000	1.015671e+03
	687	445	171.750000	21.250000	1.011699e+03
	697	445	174.250000	21.250000	1.011586e+03
	814	445	203.500000	21.250000	1.015749e+03
	684	447	171.000000	21.750000	1.011711e+03
	682	451	170.500000	22.750000	1.011731e+03
	800	451	200.000000	22.750000	1.015874e+03
	962	452	240.500000	23.000000	1.017651e+03
	798	456	199.500000	24.000000	1.015886e+03
	948	456	237.000000	24.000000	1.017886e+03
	979	461	244.750000	25.250000	1.017689e+03
	918	463	229.500000	25.750000	1.019546e+03
	984	463	246.000000	25.750000	1.017586e+03
	990	466	247.500000	26.500000	1.017309e+03
	668	467	167.000000	26.750000	1.011134e+03
	985	467	246.250000	26.750000	1.017471e+03
	982	468	245.500000	27.000000	1.017541e+03
	992	468	248.000000	27.000000	1.016906e+03
	980	470	245.000000	27.500000	1.017454e+03
	995	470	248.750000	27.500000	1.017069e+03
	980	472	245.000000	28.000000	1.017439e+03
	989	472	247.250000	28.000000	1.016959e+03
	987	475	246.750000	28.750000	1.016814e+03
	995	475	248.750000	28.750000	1.016776e+03
	993	477	248.250000	29.250000	1.016996e+03
	984	479	246.000000	29.750000	1.016299e+03
	990	479	247.500000	29.750000	1.016824e+03
	975	482	243.750000	30.500000	1.017269e+03
	982	482	245.500000	30.500000	1.016334e+03
	989	482	247.250000	30.500000	1.016766e+03
	962	483	240.500000	30.750000	1.015184e+03
	946	484	236.500000	31.000000	1.014744e+03
	948	486	237.000000	31.500000	1.014729e+03
	979	486	244.750000	31.500000	1.016549e+03
	991	487	247.750000	31.750000	1.017224e+03
	974	490	243.500000	32.500000	1.016801e+03
	977	490	244.250000	32.500000	1.016826e+03
	953	491	238.250000	32.750000	1.014479e+03
	988	491	247.000000	32.750000	1.017264e+03
	970	492	242.500000	33.000000	1.016906e+03
	973	492	243.250000	33.000000	1.016801e+03
	786	493	196.500000	33.250000	1.001449e+03
	994	493	248.500000	33.250000	1.018446e+03
	992	495	248.000000	33.750000	1.018519e+03
	880	496	220.000000	34.000000	1.023159e+03
	973	498	243.250000	34.500000	1.016761e+03
	970	499	242.500000	34.750000	1.016849e+03
	956	500	239.000000	35.000000	1.016074e+03
	963	500	240.750000	35.000000	1.015819e+03
	680	502	170.000000	35.500000	1.002714e+03
	960	502	240.000000	35.500000	1.016044e+03
	977	502	244.250000	35.500000	1.016724e+03
	992	502	248.000000	35.500000	1.018404e+03
	946	503	236.500000	35.750000	1.016344e+03
	972	503	243.000000	35.750000	1.016769e+03
	965	504	241.250000	36.000000	1.015966e+03
	983	504	245.750000	36.000000	1.017504e+03
	976	505	244.000000	36.250000	1.016239e+03
	972	506	243.000000	36.500000	1.016486e+03
	973	506	243.250000	36.500000	1.016486e+03
	991	506	247.750000	36.500000	1.018976e+03
	963	507	240.750000	36.750000	1.016441e+03
	738	508	184.500000	37.000000	9.885588e+02
	969	508	242.250000	37.000000	1.016669e+03
	955	509	238.750000	37.250000	1.016791e+03
	974	509	243.500000	37.250000	1.016624e+03
	961	510	240.250000	37.500000	1.016221e+03
	968	510	242.000000	37.500000	1.016684e+03
	988	511	247.000000	37.750000	1.017436e+03
	730	512	182.500000	38.000000	9.896838e+02
	959	512	239.750000	38.000000	1.016101e+03
	967	512	241.750000	38.000000	1.016789e+03
	975	512	243.750000	38.000000	1.016749e+03
	976	512	244.000000	38.000000	1.016749e+03
	958	514	239.500000	38.500000	1.016324e+03
	989	515	247.250000	38.750000	1.016364e+03
	961	516	240.250000	39.000000	1.016174e+03
	976	516	244.000000	39.000000	1.016484e+03
	957	517	239.250000	39.250000	1.016334e+03
	970	517	242.500000	39.250000	1.016861e+03
	971	517	242.750000	39.250000	1.016861e+03
	984	517	246.000000	39.250000	1.015651e+03
	792	518	198.000000	39.500000	9.918387e+02
	948	518	237.000000	39.500000	1.016036e+03
	960	518	240.000000	39.500000	1.016069e+03
	979	518	244.750000	39.500000	1.016416e+03
	955	519	238.750000	39.750000	1.016166e+03
	983	519	245.750000	39.750000	1.015156e+03
	992	519	248.000000	39.750000	1.016421e+03
	709	521	177.250000	40.250000	9.844088e+02
	955	522	238.750000	40.500000	1.016321e+03
	964	522	241.000000	40.500000	1.021726e+03
	969	522	242.250000	40.500000	1.021051e+03
	994	523	248.500000	40.750000	1.016361e+03
	998	524	249.500000	41.000000	1.015214e+03
	949	526	237.250000	41.500000	1.016091e+03
	976	526	244.000000	41.500000	1.018444e+03
	994	526	248.500000	41.500000	1.017486e+03
	979	527	244.750000	41.750000	1.017419e+03
	947	528	236.750000	42.000000	1.016621e+03
	971	528	242.750000	42.000000	1.019989e+03
	985	528	246.250000	42.000000	1.019911e+03
	967	529	241.750000	42.250000	1.020394e+03
	990	530	247.500000	42.500000	1.019976e+03
	997	530	249.250000	42.500000	1.017129e+03
	957	531	239.250000	42.750000	1.015794e+03
	966	531	241.500000	42.750000	1.019156e+03
	973	531	243.250000	42.750000	1.021191e+03
	951	532	237.750000	43.000000	1.016169e+03
	790	533	197.500000	43.250000	9.876987e+02
	998	533	249.500000	43.250000	1.018791e+03
	952	534	238.000000	43.500000	1.016336e+03
	954	536	238.500000	44.000000	1.015266e+03
	984	536	246.000000	44.000000	1.015579e+03
	957	538	239.250000	44.500000	1.016101e+03
	987	538	246.750000	44.500000	1.017234e+03
	953	539	238.250000	44.750000	1.016209e+03
	966	540	241.500000	45.000000	1.016179e+03
	992	540	248.000000	45.000000	1.018914e+03
	971	542	242.750000	45.500000	1.017849e+03
	987	542	246.750000	45.500000	1.016279e+03
	995	542	248.750000	45.500000	1.015609e+03
	967	543	241.750000	45.750000	1.018144e+03
	978	544	244.500000	46.000000	1.017356e+03
	989	544	247.250000	46.000000	1.014824e+03
	969	545	242.250000	46.250000	1.017631e+03
	999	545	249.750000	46.250000	1.013666e+03
	954	546	238.500000	46.500000	1.016344e+03
	982	546	245.500000	46.500000	1.017006e+03
	971	548	242.750000	47.000000	1.018901e+03
	998	548	249.500000	47.000000	1.014229e+03
	951	549	237.750000	47.250000	1.016931e+03
	765	551	191.250000	47.750000	9.818962e+02
	947	551	236.750000	47.750000	1.016271e+03
	989	551	247.250000	47.750000	1.015086e+03
	712	552	178.000000	48.000000	9.731688e+02
	941	553	235.250000	48.250000	1.016334e+03
	949	554	237.250000	48.500000	1.016744e+03
	957	554	239.250000	48.500000	1.015744e+03
	963	554	240.750000	48.500000	1.020404e+03
	987	555	246.750000	48.750000	1.017296e+03
	935	556	233.750000	49.000000	1.016324e+03
	949	556	237.250000	49.000000	1.016876e+03
	958	556	239.500000	49.000000	1.014499e+03
	972	556	243.000000	49.000000	1.020399e+03
	977	556	244.250000	49.000000	1.020944e+03
	1000	557	250.000000	49.250000	1.022264e+03
	865	558	216.250000	49.500000	1.004704e+03
	934	558	233.500000	49.500000	1.016396e+03
	948	558	237.000000	49.500000	1.016959e+03
	965	560	241.250000	50.000000	1.018304e+03
	952	561	238.000000	50.250000	1.016571e+03
	982	561	245.500000	50.250000	1.016541e+03
	927	562	231.750000	50.500000	1.016856e+03
	975	562	243.750000	50.500000	1.017246e+03
	980	563	245.000000	50.750000	1.014464e+03
	933	564	233.250000	51.000000	1.016779e+03
	947	564	236.750000	51.000000	1.015554e+03
	926	565	231.500000	51.250000	1.016826e+03
	927	565	231.750000	51.250000	1.016826e+03
	958	565	239.500000	51.250000	1.018084e+03
	938	567	234.500000	51.750000	1.016221e+03
	977	567	244.250000	51.750000	1.012294e+03
	972	570	243.000000	52.500000	1.012619e+03
	942	571	235.500000	52.750000	1.016451e+03
	912	574	228.000000	53.500000	1.015889e+03
	934	574	233.500000	53.500000	1.017686e+03
	965	574	241.250000	53.500000	1.012801e+03
	931	575	232.750000	53.750000	1.017979e+03
	962	576	240.500000	54.000000	1.014971e+03
	939	578	234.750000	54.500000	1.021361e+03
	956	579	239.000000	54.750000	1.018396e+03
	932	581	233.000000	55.250000	1.019614e+03
	999	581	249.750000	55.250000	1.027834e+03
	941	582	235.250000	55.500000	1.019809e+03
	950	582	237.500000	55.500000	1.020779e+03
	931	583	232.750000	55.750000	1.019184e+03
	994	584	248.500000	56.000000	1.027079e+03
	917	585	229.250000	56.250000	1.017311e+03
	936	586	234.000000	56.500000	1.018316e+03
	982	586	245.500000	56.500000	1.025664e+03
	964	588	241.000000	57.000000	1.023399e+03
	976	588	244.000000	57.000000	1.024779e+03
	908	589	227.000000	57.250000	1.016256e+03
	834	590	208.500000	57.500000	1.010946e+03
	872	590	218.000000	57.500000	1.008401e+03
	926	590	231.500000	57.500000	1.017546e+03
	944	590	236.000000	57.500000	1.017859e+03
	967	590	241.750000	57.500000	1.023876e+03
	988	590	247.000000	57.500000	1.024904e+03
	822	591	205.500000	57.750000	1.010341e+03
	838	591	209.500000	57.750000	1.010971e+03
	962	591	240.500000	57.750000	1.023346e+03
	976	591	244.000000	57.750000	1.025106e+03
	992	591	248.000000	57.750000	1.024589e+03
	842	592	210.500000	58.000000	1.011034e+03
	852	592	213.000000	58.000000	1.011161e+03
	908	592	227.000000	58.000000	1.015871e+03
	930	592	232.500000	58.000000	1.019101e+03
	942	592	235.500000	58.000000	1.017261e+03
	922	593	230.500000	58.250000	1.018831e+03
	888	595	222.000000	58.750000	1.013794e+03
	969	595	242.250000	58.750000	1.026836e+03
	902	596	225.500000	59.000000	1.015794e+03
	921	596	230.250000	59.000000	1.021031e+03
	980	596	245.000000	59.000000	1.022824e+03
	907	598	226.750000	59.500000	1.018466e+03
	919	598	229.750000	59.500000	1.019644e+03
	953	598	238.250000	59.500000	1.024661e+03
	964	598	241.000000	59.500000	1.024654e+03
	990	598	247.500000	59.500000	1.024884e+03
	894	599	223.500000	59.750000	1.016594e+03
	939	599	234.750000	59.750000	1.022094e+03
	947	599	236.750000	59.750000	1.024429e+03
	823	600	205.750000	60.000000	1.011709e+03
	969	600	242.250000	60.000000	1.023801e+03
