2015	9	23	200	12
	670	420	167.500000	15.000000	1.009677e+03
	701	420	175.250000	15.000000	1.010020e+03
	671	423	167.750000	15.750000	1.009677e+03
	669	424	167.250000	16.000000	1.009685e+03
	692	424	173.000000	16.000000	1.010193e+03
	714	424	178.500000	16.000000	1.009893e+03
	717	425	179.250000	16.250000	1.009845e+03
	720	426	180.000000	16.500000	1.009840e+03
	744	431	186.000000	17.750000	1.009455e+03
	815	436	203.750000	19.000000	1.009638e+03
	694	438	173.500000	19.500000	1.010630e+03
	804	438	201.000000	19.500000	1.009865e+03
	807	439	201.750000	19.750000	1.009903e+03
	812	439	203.000000	19.750000	1.009915e+03
	815	440	203.750000	20.000000	1.009698e+03
	708	444	177.000000	21.000000	1.011138e+03
	703	449	175.750000	22.250000	1.011328e+03
	663	456	165.750000	24.000000	1.011547e+03
	683	457	170.750000	24.250000	1.011117e+03
	720	458	180.000000	24.500000	1.011060e+03
	943	459	235.750000	24.750000	1.013310e+03
	690	460	172.500000	25.000000	1.011010e+03
	701	460	175.250000	25.000000	1.010938e+03
	945	460	236.250000	25.000000	1.013300e+03
	946	460	236.500000	25.000000	1.013300e+03
	703	461	175.750000	25.250000	1.010898e+03
	708	463	177.000000	25.750000	1.010797e+03
	756	463	189.000000	25.750000	1.011417e+03
	991	463	247.750000	25.750000	1.009490e+03
	710	464	177.500000	26.000000	1.010810e+03
	948	464	237.000000	26.000000	1.013343e+03
	948	465	237.000000	26.250000	1.013343e+03
	713	466	178.250000	26.500000	1.010852e+03
	953	466	238.250000	26.500000	1.013385e+03
	680	468	170.000000	27.000000	1.011010e+03
	681	468	170.250000	27.000000	1.011010e+03
	985	471	246.250000	27.750000	1.010958e+03
	983	473	245.750000	28.250000	1.011018e+03
	691	475	172.750000	28.750000	1.010412e+03
	982	475	245.500000	28.750000	1.010965e+03
	980	476	245.000000	29.000000	1.010958e+03
	989	478	247.250000	29.500000	1.009188e+03
	984	480	246.000000	30.000000	1.009492e+03
	983	482	245.750000	30.500000	1.009520e+03
	986	482	246.500000	30.500000	1.009540e+03
	756	483	189.000000	30.750000	1.010655e+03
	981	486	245.250000	31.500000	1.009785e+03
	1000	487	250.000000	31.750000	1.013915e+03
	979	489	244.750000	32.250000	1.009878e+03
	995	489	248.750000	32.250000	1.012463e+03
	971	490	242.750000	32.500000	1.012405e+03
	978	491	244.500000	32.750000	1.009715e+03
	984	491	246.000000	32.750000	1.010672e+03
	988	492	247.000000	33.000000	1.011250e+03
	969	493	242.250000	33.250000	1.012258e+03
	993	493	248.250000	33.250000	1.011547e+03
	965	494	241.250000	33.500000	1.012355e+03
	981	495	245.250000	33.750000	1.010380e+03
	979	497	244.750000	34.250000	1.010505e+03
	998	499	249.500000	34.750000	1.015362e+03
	968	500	242.000000	35.000000	1.011773e+03
	740	501	185.000000	35.250000	1.006415e+03
	963	501	240.750000	35.250000	1.012325e+03
	975	501	243.750000	35.250000	1.010347e+03
	898	502	224.500000	35.500000	1.018028e+03
	955	502	238.750000	35.500000	1.013732e+03
	995	502	248.750000	35.500000	1.014672e+03
	902	503	225.500000	35.750000	1.018000e+03
	974	503	243.500000	35.750000	1.009713e+03
	980	504	245.000000	36.000000	1.010532e+03
	815	505	203.750000	36.250000	1.019648e+03
	972	506	243.000000	36.500000	1.008865e+03
	908	507	227.000000	36.750000	1.017802e+03
	961	508	240.250000	37.000000	1.011843e+03
	912	509	228.000000	37.250000	1.017665e+03
	997	509	249.250000	37.250000	1.013278e+03
	700	510	175.000000	37.500000	1.006025e+03
	729	510	182.250000	37.500000	1.007143e+03
	959	510	239.750000	37.500000	1.012458e+03
	726	511	181.500000	37.750000	1.007195e+03
	917	511	229.250000	37.750000	1.017555e+03
	986	511	246.500000	37.750000	1.014872e+03
	970	512	242.500000	38.000000	1.012753e+03
	719	514	179.750000	38.500000	1.006732e+03
	953	514	238.250000	38.500000	1.013520e+03
	956	514	239.000000	38.500000	1.013443e+03
	977	514	244.250000	38.500000	1.013280e+03
	997	514	249.250000	38.500000	1.013310e+03
	1000	515	250.000000	38.750000	1.012537e+03
	949	516	237.250000	39.000000	1.013143e+03
	967	516	241.750000	39.000000	1.013157e+03
	699	517	174.750000	39.250000	1.006235e+03
	988	517	247.000000	39.250000	1.011968e+03
	876	518	219.000000	39.500000	1.012578e+03
	985	518	246.250000	39.500000	1.011045e+03
	698	519	174.500000	39.750000	1.006275e+03
	966	519	241.500000	39.750000	1.012557e+03
	962	521	240.500000	40.250000	1.013880e+03
	984	521	246.000000	40.250000	1.011280e+03
	972	523	243.000000	40.750000	1.012622e+03
	965	524	241.250000	41.000000	1.013278e+03
	978	524	244.500000	41.000000	1.012977e+03
	984	524	246.000000	41.000000	1.011295e+03
	991	524	247.750000	41.000000	1.010735e+03
	957	526	239.250000	41.500000	1.014845e+03
	968	526	242.000000	41.500000	1.012917e+03
	707	527	176.750000	41.750000	1.006675e+03
	951	527	237.750000	41.750000	1.015495e+03
	946	528	236.500000	42.000000	1.015893e+03
	999	528	249.750000	42.000000	1.013760e+03
	972	529	243.000000	42.250000	1.012215e+03
	945	530	236.250000	42.500000	1.015938e+03
	963	531	240.750000	42.750000	1.013290e+03
	977	531	244.250000	42.750000	1.009805e+03
	969	532	242.250000	43.000000	1.011140e+03
	990	532	247.500000	43.000000	1.011675e+03
	975	533	243.750000	43.250000	1.009833e+03
	959	535	239.750000	43.750000	1.013807e+03
	921	536	230.250000	44.000000	1.011525e+03
	982	537	245.500000	44.250000	1.014135e+03
	990	537	247.500000	44.250000	1.013220e+03
	960	538	240.000000	44.500000	1.013870e+03
	999	538	249.750000	44.500000	1.015422e+03
	985	540	246.250000	45.000000	1.013838e+03
	992	540	248.000000	45.000000	1.013750e+03
	965	541	241.250000	45.250000	1.013505e+03
	993	543	248.250000	45.750000	1.013235e+03
	960	544	240.000000	46.000000	1.012523e+03
	976	544	244.000000	46.000000	1.012653e+03
	972	545	243.000000	46.250000	1.012857e+03
	962	546	240.500000	46.500000	1.012380e+03
	984	546	246.000000	46.500000	1.013218e+03
	964	548	241.000000	47.000000	1.012370e+03
	995	549	248.750000	47.250000	1.011833e+03
	999	549	249.750000	47.250000	1.011570e+03
	984	550	246.000000	47.500000	1.013290e+03
	991	550	247.750000	47.500000	1.011742e+03
	950	551	237.500000	47.750000	1.016047e+03
	954	552	238.500000	48.000000	1.016045e+03
	986	552	246.500000	48.000000	1.013685e+03
	960	553	240.000000	48.250000	1.012740e+03
	996	553	249.000000	48.250000	1.012292e+03
	1000	553	250.000000	48.250000	1.011825e+03
	963	555	240.750000	48.750000	1.012747e+03
	911	556	227.750000	49.000000	1.006958e+03
	945	556	236.250000	49.000000	1.014720e+03
	979	556	244.750000	49.000000	1.014078e+03
	992	556	248.000000	49.000000	1.011852e+03
	911	557	227.750000	49.250000	1.006958e+03
	986	557	246.500000	49.250000	1.012722e+03
	964	559	241.000000	49.750000	1.013117e+03
	998	559	249.500000	49.750000	1.012045e+03
	984	560	246.000000	50.000000	1.012703e+03
	965	561	241.250000	50.250000	1.013035e+03
	879	563	219.750000	50.750000	1.004745e+03
	975	563	243.750000	50.750000	1.013045e+03
	980	564	245.000000	51.000000	1.012643e+03
	971	565	242.750000	51.250000	1.012722e+03
	990	565	247.500000	51.250000	1.014352e+03
	950	566	237.500000	51.500000	1.011013e+03
	976	569	244.000000	52.250000	1.012190e+03
	947	570	236.750000	52.500000	1.009695e+03
	965	570	241.250000	52.500000	1.013185e+03
	859	572	214.750000	53.000000	1.002357e+03
	972	572	243.000000	53.000000	1.011600e+03
	905	574	226.250000	53.500000	1.004508e+03
	954	574	238.500000	53.500000	1.010117e+03
	904	576	226.000000	54.000000	1.004530e+03
	940	576	235.000000	54.000000	1.009165e+03
	937	577	234.250000	54.250000	1.009050e+03
	958	577	239.500000	54.250000	1.011275e+03
	926	578	231.500000	54.500000	1.010097e+03
	962	578	240.500000	54.500000	1.010730e+03
	872	580	218.000000	55.000000	1.001055e+03
	934	580	233.500000	55.000000	1.009305e+03
	956	582	239.000000	55.500000	1.011570e+03
	927	583	231.750000	55.750000	1.009425e+03
	942	584	235.500000	56.000000	1.011453e+03
	951	584	237.750000	56.000000	1.011768e+03
	887	585	221.750000	56.250000	1.002648e+03
	960	588	240.000000	57.000000	1.013662e+03
	948	590	237.000000	57.500000	1.011562e+03
	916	591	229.000000	57.750000	1.011042e+03
	918	593	229.500000	58.250000	1.010575e+03
	943	593	235.750000	58.250000	1.012390e+03
	890	594	222.500000	58.500000	1.006410e+03
	937	594	234.250000	58.500000	1.013003e+03
	872	595	218.000000	58.750000	1.006915e+03
	915	595	228.750000	58.750000	1.011185e+03
	925	595	231.250000	58.750000	1.011557e+03
	929	595	232.250000	58.750000	1.011630e+03
	876	596	219.000000	59.000000	1.006922e+03
	881	596	220.250000	59.000000	1.006778e+03
	906	598	226.500000	59.500000	1.010470e+03
	911	598	227.750000	59.500000	1.010857e+03
	975	598	243.750000	59.500000	1.017898e+03
	860	599	215.000000	59.750000	1.007830e+03
	879	599	219.750000	59.750000	1.006987e+03
	864	600	216.000000	60.000000	1.007622e+03
	865	600	216.250000	60.000000	1.007622e+03
