2014	10	2	175	6
	771	426	192.750000	16.500000	1.012019e+03
	992	426	248.000000	16.500000	1.008949e+03
	993	429	248.250000	17.250000	1.008914e+03
	820	436	205.000000	19.000000	1.013139e+03
	799	438	199.750000	19.500000	1.013224e+03
	800	438	200.000000	19.500000	1.013224e+03
	814	438	203.500000	19.500000	1.013061e+03
	1000	438	250.000000	19.500000	1.008476e+03
	802	439	200.500000	19.750000	1.013239e+03
	812	439	203.000000	19.750000	1.013066e+03
	810	440	202.500000	20.000000	1.013131e+03
	815	440	203.750000	20.000000	1.013016e+03
	820	441	205.000000	20.250000	1.013539e+03
	811	442	202.750000	20.500000	1.013166e+03
	707	443	176.750000	20.750000	1.011896e+03
	712	443	178.000000	20.750000	1.011939e+03
	821	443	205.250000	20.750000	1.013619e+03
	804	444	201.000000	21.000000	1.013346e+03
	807	444	201.750000	21.000000	1.013344e+03
	813	444	203.250000	21.000000	1.013311e+03
	817	444	204.250000	21.000000	1.013561e+03
	806	445	201.500000	21.250000	1.013344e+03
	700	447	175.000000	21.750000	1.011854e+03
	810	447	202.500000	21.750000	1.013641e+03
	789	448	197.250000	22.000000	1.013529e+03
	793	448	198.250000	22.000000	1.013574e+03
	703	450	175.750000	22.500000	1.011854e+03
	972	450	243.000000	22.500000	1.008519e+03
	973	450	243.250000	22.500000	1.008519e+03
	779	452	194.750000	23.000000	1.013431e+03
	999	452	249.750000	23.000000	1.008129e+03
	690	453	172.500000	23.250000	1.012009e+03
	997	455	249.250000	23.750000	1.007996e+03
	837	459	209.250000	24.750000	1.016024e+03
	992	459	248.000000	24.750000	1.008644e+03
	991	463	247.750000	25.750000	1.008516e+03
	996	464	249.000000	26.000000	1.007086e+03
	989	465	247.250000	26.250000	1.008484e+03
	987	466	246.750000	26.500000	1.008496e+03
	987	467	246.750000	26.750000	1.008496e+03
	1000	467	250.000000	26.750000	1.006729e+03
	997	471	249.250000	27.750000	1.006846e+03
	985	472	246.250000	28.000000	1.009216e+03
	990	472	247.500000	28.000000	1.007341e+03
	994	473	248.500000	28.250000	1.007286e+03
	993	475	248.250000	28.750000	1.007329e+03
	980	477	245.000000	29.250000	1.009516e+03
	989	477	247.250000	29.250000	1.007661e+03
	988	479	247.000000	29.750000	1.007854e+03
	984	480	246.000000	30.000000	1.008211e+03
	977	481	244.250000	30.250000	1.010421e+03
	983	482	245.750000	30.500000	1.008201e+03
	988	482	247.000000	30.500000	1.008111e+03
	975	484	243.750000	31.000000	1.010489e+03
	987	484	246.750000	31.000000	1.008146e+03
	973	486	243.250000	31.500000	1.010686e+03
	960	487	240.000000	31.750000	1.010961e+03
	1000	487	250.000000	31.750000	1.011696e+03
	972	490	243.000000	32.500000	1.010864e+03
	968	491	242.000000	32.750000	1.011066e+03
	978	491	244.500000	32.750000	1.009236e+03
	986	491	246.500000	32.750000	1.008589e+03
	971	492	242.750000	33.000000	1.010881e+03
	993	493	248.250000	33.250000	1.009061e+03
	967	496	241.750000	34.000000	1.011301e+03
	959	498	239.750000	34.500000	1.010529e+03
	970	500	242.500000	35.000000	1.013534e+03
	975	500	243.750000	35.000000	1.012726e+03
	964	501	241.000000	35.250000	1.012351e+03
	767	503	191.750000	35.750000	9.982037e+02
	991	503	247.750000	35.750000	1.016739e+03
	963	504	240.750000	36.000000	1.011834e+03
	960	505	240.000000	36.250000	1.012159e+03
	972	506	243.000000	36.500000	1.015224e+03
	962	507	240.500000	36.750000	1.012069e+03
	995	508	248.750000	37.000000	1.017924e+03
	998	510	249.500000	37.500000	1.018244e+03
	956	511	239.000000	37.750000	1.012226e+03
	987	512	246.750000	38.000000	1.021174e+03
	839	514	209.750000	38.500000	1.007724e+03
	955	514	238.750000	38.500000	1.012281e+03
	946	515	236.500000	38.750000	1.013494e+03
	841	516	210.250000	39.000000	1.007336e+03
	967	516	241.750000	39.000000	1.020474e+03
	988	516	247.000000	39.000000	1.021351e+03
	843	518	210.750000	39.500000	1.007329e+03
	945	518	236.250000	39.500000	1.013429e+03
	986	518	246.500000	39.500000	1.021481e+03
	989	518	247.250000	39.500000	1.021171e+03
	966	519	241.500000	39.750000	1.020031e+03
	979	519	244.750000	39.750000	1.021321e+03
	844	521	211.000000	40.250000	1.007236e+03
	961	521	240.250000	40.250000	1.020414e+03
	980	521	245.000000	40.250000	1.021331e+03
	972	523	243.000000	40.750000	1.021199e+03
	977	523	244.250000	40.750000	1.021599e+03
	965	524	241.250000	41.000000	1.021151e+03
	943	525	235.750000	41.250000	1.015864e+03
	989	525	247.250000	41.250000	1.020026e+03
	950	527	237.500000	41.750000	1.018841e+03
	973	527	243.250000	41.750000	1.021414e+03
	995	528	248.750000	42.000000	1.020884e+03
	967	530	241.750000	42.500000	1.020439e+03
	987	531	246.750000	42.750000	1.020441e+03
	999	531	249.750000	42.750000	1.019906e+03
	956	533	239.000000	43.250000	1.019719e+03
	981	533	245.250000	43.250000	1.019861e+03
	964	534	241.000000	43.500000	1.019726e+03
	960	535	240.000000	43.750000	1.019659e+03
	971	535	242.750000	43.750000	1.018661e+03
	997	535	249.250000	43.750000	1.019889e+03
	989	536	247.250000	44.000000	1.018046e+03
	956	537	239.000000	44.250000	1.019499e+03
	963	539	240.750000	44.750000	1.019416e+03
	969	539	242.250000	44.750000	1.018789e+03
	983	541	245.750000	45.250000	1.018196e+03
	969	542	242.250000	45.500000	1.018796e+03
	980	543	245.000000	45.750000	1.018254e+03
	732	544	183.000000	46.000000	1.005426e+03
	960	544	240.000000	46.000000	1.017571e+03
	975	544	243.750000	46.000000	1.017511e+03
	993	544	248.250000	46.000000	1.015381e+03
	944	546	236.000000	46.500000	1.023046e+03
	963	546	240.750000	46.500000	1.017144e+03
	986	548	246.500000	47.000000	1.016971e+03
	950	549	237.500000	47.250000	1.021944e+03
	914	550	228.500000	47.500000	1.019634e+03
	943	550	235.750000	47.500000	1.022924e+03
	723	551	180.750000	47.750000	1.005596e+03
	805	551	201.250000	47.750000	9.915737e+02
	806	551	201.500000	47.750000	9.915737e+02
	835	552	208.750000	48.000000	9.932988e+02
	720	553	180.000000	48.250000	1.005519e+03
	954	554	238.500000	48.500000	1.022464e+03
	978	554	244.500000	48.500000	1.014169e+03
	982	554	245.500000	48.500000	1.014354e+03
	969	555	242.250000	48.750000	1.014136e+03
	975	555	243.750000	48.750000	1.014234e+03
	812	556	203.000000	49.000000	9.916962e+02
	850	556	212.500000	49.000000	9.940787e+02
	930	556	232.500000	49.000000	1.022209e+03
	938	556	234.500000	49.000000	1.022069e+03
	948	556	237.000000	49.000000	1.021126e+03
	987	556	246.750000	49.000000	1.011804e+03
	951	557	237.750000	49.250000	1.021606e+03
	970	557	242.500000	49.250000	1.013929e+03
	977	558	244.250000	49.500000	1.012119e+03
	942	559	235.500000	49.750000	1.021526e+03
	950	562	237.500000	50.500000	1.020039e+03
	963	563	240.750000	50.750000	1.018074e+03
	932	564	233.000000	51.000000	1.022709e+03
	978	565	244.500000	51.250000	1.015891e+03
	942	566	235.500000	51.500000	1.022379e+03
	970	566	242.500000	51.500000	1.018444e+03
	950	568	237.500000	52.000000	1.022106e+03
	964	570	241.000000	52.500000	1.020436e+03
	967	572	241.750000	53.000000	1.020634e+03
	950	573	237.500000	53.250000	1.021841e+03
	951	576	237.750000	54.000000	1.021569e+03
	925	584	231.250000	56.000000	1.025314e+03
	943	584	235.750000	56.000000	1.022496e+03
	952	584	238.000000	56.000000	1.024084e+03
	954	584	238.500000	56.000000	1.024084e+03
	900	591	225.000000	57.750000	1.024939e+03
	928	592	232.000000	58.000000	1.026424e+03
	918	593	229.500000	58.250000	1.027266e+03
	932	594	233.000000	58.500000	1.026054e+03
	888	595	222.000000	58.750000	1.024809e+03
	908	595	227.000000	58.750000	1.027111e+03
	824	596	206.000000	59.000000	1.019909e+03
	923	597	230.750000	59.250000	1.026634e+03
	904	599	226.000000	59.750000	1.027206e+03
	892	600	223.000000	60.000000	1.028034e+03
	911	600	227.750000	60.000000	1.027031e+03
	943	600	235.750000	60.000000	1.022731e+03
