2015	7	6	196	6
	743	436	185.750000	19.000000	1.013365e+03
	743	437	185.750000	19.250000	1.013365e+03
	814	438	203.500000	19.500000	1.013860e+03
	812	439	203.000000	19.750000	1.013940e+03
	815	440	203.750000	20.000000	1.013665e+03
	731	441	182.750000	20.250000	1.013340e+03
	732	441	183.000000	20.250000	1.013340e+03
	733	441	183.250000	20.250000	1.013340e+03
	810	441	202.500000	20.250000	1.013888e+03
	813	441	203.250000	20.250000	1.013975e+03
	820	441	205.000000	20.250000	1.014812e+03
	811	442	202.750000	20.500000	1.013888e+03
	817	442	204.250000	20.500000	1.014568e+03
	752	443	188.000000	20.750000	1.013622e+03
	821	443	205.250000	20.750000	1.014925e+03
	817	444	204.250000	21.000000	1.014883e+03
	705	445	176.250000	21.250000	1.013112e+03
	731	445	182.750000	21.250000	1.013340e+03
	729	446	182.250000	21.500000	1.013335e+03
	704	447	176.000000	21.750000	1.013120e+03
	707	448	176.750000	22.000000	1.013102e+03
	708	448	177.000000	22.000000	1.013102e+03
	716	451	179.000000	22.750000	1.013018e+03
	750	453	187.500000	23.250000	1.014047e+03
	732	454	183.000000	23.500000	1.013393e+03
	997	455	249.250000	23.750000	1.014727e+03
	995	456	248.750000	24.000000	1.014753e+03
	994	459	248.500000	24.750000	1.014852e+03
	998	462	249.500000	25.500000	1.012787e+03
	936	464	234.000000	26.000000	1.018775e+03
	996	464	249.000000	26.000000	1.012370e+03
	864	465	216.000000	26.250000	1.017200e+03
	989	465	247.250000	26.250000	1.013970e+03
	990	465	247.500000	26.250000	1.013970e+03
	995	466	248.750000	26.500000	1.012300e+03
	988	467	247.000000	26.750000	1.014157e+03
	990	472	247.500000	28.000000	1.011622e+03
	764	473	191.000000	28.250000	1.014590e+03
	988	475	247.000000	28.750000	1.011362e+03
	770	478	192.500000	29.500000	1.014590e+03
	980	478	245.000000	29.500000	1.014953e+03
	989	478	247.250000	29.500000	1.011448e+03
	775	482	193.750000	30.500000	1.014575e+03
	776	483	194.000000	30.750000	1.014575e+03
	982	483	245.500000	30.750000	1.008573e+03
	976	485	244.000000	31.250000	1.015120e+03
	1000	487	250.000000	31.750000	1.015860e+03
	979	488	244.750000	32.000000	1.008438e+03
	970	489	242.500000	32.250000	1.015857e+03
	995	489	248.750000	32.250000	1.013693e+03
	973	490	243.250000	32.500000	1.015730e+03
	781	491	195.250000	32.750000	1.014722e+03
	977	492	244.250000	33.000000	1.007943e+03
	969	493	242.250000	33.250000	1.015843e+03
	981	495	245.250000	33.750000	1.008925e+03
	968	496	242.000000	34.000000	1.015828e+03
	978	497	244.500000	34.250000	1.008718e+03
	961	498	240.250000	34.500000	1.015320e+03
	982	499	245.500000	34.750000	1.009230e+03
	969	500	242.250000	35.000000	1.011597e+03
	963	501	240.750000	35.250000	1.010657e+03
	975	501	243.750000	35.250000	1.008862e+03
	971	503	242.750000	35.750000	1.009338e+03
	974	503	243.500000	35.750000	1.008422e+03
	995	504	248.750000	36.000000	1.012128e+03
	951	505	237.750000	36.250000	1.015958e+03
	962	505	240.500000	36.250000	1.010170e+03
	982	505	245.500000	36.250000	1.008475e+03
	972	506	243.000000	36.500000	1.008972e+03
	988	507	247.000000	36.750000	1.012078e+03
	1000	508	250.000000	37.000000	1.009845e+03
	921	509	230.250000	37.250000	1.015110e+03
	997	510	249.250000	37.500000	1.007970e+03
	986	511	246.500000	37.750000	1.011835e+03
	970	512	242.500000	38.000000	1.013588e+03
	924	513	231.000000	38.250000	1.014857e+03
	997	513	249.250000	38.250000	1.009410e+03
	978	514	244.500000	38.500000	1.011922e+03
	1000	514	250.000000	38.500000	1.009528e+03
	987	515	246.750000	38.750000	1.010107e+03
	967	516	241.750000	39.000000	1.013802e+03
	989	517	247.250000	39.250000	1.009930e+03
	985	518	246.250000	39.500000	1.011355e+03
	952	519	238.000000	39.750000	1.009948e+03
	966	519	241.500000	39.750000	1.012903e+03
	946	520	236.500000	40.000000	1.014583e+03
	956	520	239.000000	40.000000	1.015175e+03
	969	520	242.250000	40.000000	1.013295e+03
	988	520	247.000000	40.000000	1.011128e+03
	992	520	248.000000	40.000000	1.011470e+03
	951	521	237.750000	40.250000	1.009963e+03
	961	521	240.250000	40.250000	1.013300e+03
	767	523	191.750000	40.750000	1.004782e+03
	977	523	244.250000	40.750000	1.015925e+03
	964	524	241.000000	41.000000	1.013245e+03
	971	524	242.750000	41.000000	1.014975e+03
	991	524	247.750000	41.000000	1.010925e+03
	954	525	238.500000	41.250000	1.013540e+03
	967	526	241.750000	41.500000	1.014300e+03
	999	526	249.750000	41.500000	1.014568e+03
	950	527	237.500000	41.750000	1.012560e+03
	973	529	243.250000	42.250000	1.015253e+03
	948	530	237.000000	42.500000	1.012220e+03
	954	530	238.500000	42.500000	1.013653e+03
	967	530	241.750000	42.500000	1.014393e+03
	980	531	245.000000	42.750000	1.010737e+03
	1000	531	250.000000	42.750000	1.015985e+03
	977	532	244.250000	43.000000	1.010355e+03
	984	532	246.000000	43.000000	1.010975e+03
	957	533	239.250000	43.250000	1.013242e+03
	988	533	247.000000	43.250000	1.010700e+03
	963	534	240.750000	43.500000	1.012583e+03
	972	536	243.000000	44.000000	1.009513e+03
	984	538	246.000000	44.500000	1.013305e+03
	962	539	240.500000	44.750000	1.010773e+03
	971	539	242.750000	44.750000	1.010607e+03
	999	539	249.750000	44.750000	1.019025e+03
	930	541	232.500000	45.250000	1.012122e+03
	978	542	244.500000	45.500000	1.012698e+03
	950	543	237.500000	45.750000	1.011990e+03
	956	543	239.000000	45.750000	1.010177e+03
	970	543	242.500000	45.750000	1.011378e+03
	962	544	240.500000	46.000000	1.007497e+03
	975	544	243.750000	46.000000	1.010648e+03
	995	544	248.750000	46.000000	1.019785e+03
	784	545	196.000000	46.250000	1.000110e+03
	959	546	239.750000	46.500000	1.008410e+03
	972	546	243.000000	46.500000	1.010643e+03
	950	552	237.500000	48.000000	1.010278e+03
	961	552	240.250000	48.000000	1.009990e+03
	955	555	238.750000	48.750000	1.012357e+03
	937	556	234.250000	49.000000	1.010740e+03
	947	556	236.750000	49.000000	1.009378e+03
	953	558	238.250000	49.500000	1.010830e+03
	967	559	241.750000	49.750000	1.013305e+03
	987	559	246.750000	49.750000	1.021690e+03
	940	560	235.000000	50.000000	1.009505e+03
	962	560	240.500000	50.000000	1.012440e+03
	948	561	237.000000	50.250000	1.012290e+03
	968	561	242.000000	50.250000	1.013013e+03
	957	563	239.250000	50.750000	1.011985e+03
	963	563	240.750000	50.750000	1.012120e+03
	985	563	246.250000	50.750000	1.021782e+03
	955	566	238.750000	51.500000	1.013145e+03
	970	566	242.500000	51.500000	1.015805e+03
	951	567	237.750000	51.750000	1.013122e+03
	946	568	236.500000	52.000000	1.013453e+03
	926	570	231.500000	52.500000	1.010963e+03
	923	573	230.750000	53.250000	1.012028e+03
	937	573	234.250000	53.250000	1.014610e+03
	957	574	239.250000	53.500000	1.015065e+03
	974	574	243.500000	53.500000	1.019287e+03
	757	576	189.250000	54.000000	9.840675e+02
	950	576	237.500000	54.000000	1.014268e+03
	964	576	241.000000	54.000000	1.017833e+03
	936	577	234.000000	54.250000	1.014660e+03
	946	577	236.500000	54.250000	1.014557e+03
	980	577	245.000000	54.250000	1.019040e+03
	917	579	229.250000	54.750000	1.014190e+03
	941	579	235.250000	54.750000	1.014622e+03
	965	580	241.250000	55.000000	1.017825e+03
	990	580	247.500000	55.000000	1.018802e+03
	945	581	236.250000	55.250000	1.015205e+03
	929	582	232.250000	55.500000	1.014657e+03
	924	583	231.000000	55.750000	1.014612e+03
	967	583	241.750000	55.750000	1.017810e+03
	943	584	235.750000	56.000000	1.015287e+03
	953	585	238.250000	56.250000	1.016888e+03
	801	586	200.250000	56.500000	1.004760e+03
	926	586	231.500000	56.500000	1.015440e+03
	669	587	167.250000	56.750000	1.004722e+03
	920	587	230.000000	56.750000	1.016330e+03
	940	587	235.000000	56.750000	1.015698e+03
	661	589	165.250000	57.250000	1.004758e+03
	662	589	165.500000	57.250000	1.004758e+03
	938	589	234.500000	57.250000	1.016185e+03
	916	592	229.000000	58.000000	1.016530e+03
	926	592	231.500000	58.000000	1.016667e+03
	979	593	244.750000	58.250000	1.016015e+03
	894	594	223.500000	58.500000	1.018835e+03
	888	595	222.000000	58.750000	1.020273e+03
	900	595	225.000000	58.750000	1.018703e+03
	910	595	227.500000	58.750000	1.017645e+03
	915	595	228.750000	58.750000	1.017963e+03
	951	595	237.750000	58.750000	1.015378e+03
	961	595	240.250000	58.750000	1.014867e+03
	965	595	241.250000	58.750000	1.014880e+03
	943	597	235.750000	59.250000	1.015715e+03
	896	598	224.000000	59.500000	1.018945e+03
	834	599	208.500000	59.750000	1.019795e+03
	879	599	219.750000	59.750000	1.021052e+03
	932	599	233.000000	59.750000	1.015097e+03
	955	599	238.750000	59.750000	1.016390e+03
	992	599	248.000000	59.750000	1.014360e+03
	911	600	227.750000	60.000000	1.017453e+03
	996	600	249.000000	60.000000	1.014200e+03
