2015	4	20	166	12
	966	435	241.500000	18.750000	1.012633e+03
	815	436	203.750000	19.000000	1.016916e+03
	966	436	241.500000	19.000000	1.012633e+03
	967	436	241.750000	19.000000	1.012633e+03
	815	440	203.750000	20.000000	1.016851e+03
	820	441	205.000000	20.250000	1.019401e+03
	997	455	249.250000	23.750000	1.010348e+03
	996	464	249.000000	26.000000	1.008888e+03
	990	465	247.500000	26.250000	1.010313e+03
	997	467	249.250000	26.750000	1.008961e+03
	694	469	173.500000	27.250000	1.021576e+03
	995	470	248.750000	27.500000	1.008956e+03
	695	471	173.750000	27.750000	1.021563e+03
	997	471	249.250000	27.750000	1.008976e+03
	990	472	247.500000	28.000000	1.008676e+03
	993	474	248.250000	28.500000	1.008753e+03
	988	475	247.000000	28.750000	1.008556e+03
	969	483	242.250000	30.750000	1.012298e+03
	982	483	245.500000	30.750000	1.006711e+03
	843	484	210.750000	31.000000	1.027053e+03
	974	484	243.500000	31.000000	1.011836e+03
	968	485	242.000000	31.250000	1.012251e+03
	973	486	243.250000	31.500000	1.011921e+03
	980	487	245.000000	31.750000	1.007006e+03
	835	489	208.750000	32.250000	1.027078e+03
	959	489	239.750000	32.250000	1.012418e+03
	979	489	244.750000	32.250000	1.006918e+03
	965	490	241.250000	32.500000	1.012253e+03
	959	491	239.750000	32.750000	1.012416e+03
	965	491	241.250000	32.750000	1.012253e+03
	970	492	242.500000	33.000000	1.012146e+03
	988	492	247.000000	33.000000	1.007763e+03
	977	493	244.250000	33.250000	1.006236e+03
	991	494	247.750000	33.500000	1.007931e+03
	980	496	245.000000	34.000000	1.006121e+03
	1000	498	250.000000	34.500000	1.010336e+03
	981	500	245.250000	35.000000	1.006461e+03
	996	500	249.000000	35.000000	1.009656e+03
	963	501	240.750000	35.250000	1.008381e+03
	968	501	242.000000	35.250000	1.008368e+03
	975	501	243.750000	35.250000	1.006873e+03
	974	503	243.500000	35.750000	1.006521e+03
	980	504	245.000000	36.000000	1.006381e+03
	972	506	243.000000	36.500000	1.006576e+03
	992	507	248.000000	36.750000	1.009971e+03
	995	507	248.750000	36.750000	1.010231e+03
	961	508	240.250000	37.000000	1.008023e+03
	998	508	249.500000	37.000000	1.009863e+03
	995	511	248.750000	37.750000	1.009878e+03
	945	514	236.250000	38.500000	1.011323e+03
	967	514	241.750000	38.500000	1.011671e+03
	956	516	239.000000	39.000000	1.009268e+03
	990	516	247.500000	39.000000	1.010343e+03
	949	517	237.250000	39.250000	1.009388e+03
	964	517	241.000000	39.250000	1.011383e+03
	1000	517	250.000000	39.250000	1.012253e+03
	952	518	238.000000	39.500000	1.009178e+03
	967	519	241.750000	39.750000	1.011558e+03
	979	519	244.750000	39.750000	1.012483e+03
	942	520	235.500000	40.000000	1.011221e+03
	967	520	241.750000	40.000000	1.011558e+03
	946	521	236.500000	40.250000	1.009481e+03
	999	522	249.750000	40.500000	1.012548e+03
	985	523	246.250000	40.750000	1.011393e+03
	964	524	241.000000	41.000000	1.012206e+03
	990	524	247.500000	41.000000	1.011086e+03
	957	525	239.250000	41.250000	1.011853e+03
	945	526	236.250000	41.500000	1.010256e+03
	944	528	236.000000	42.000000	1.010498e+03
	948	529	237.000000	42.250000	1.011298e+03
	957	529	239.250000	42.250000	1.011928e+03
	967	530	241.750000	42.500000	1.012448e+03
	976	532	244.000000	43.000000	1.011888e+03
	709	534	177.250000	43.500000	1.002668e+03
	963	534	240.750000	43.500000	1.013053e+03
	950	535	237.500000	43.750000	1.011686e+03
	951	537	237.750000	44.250000	1.011791e+03
	990	537	247.500000	44.250000	1.014721e+03
	958	538	239.500000	44.500000	1.013191e+03
	970	540	242.500000	45.000000	1.013966e+03
	947	541	236.750000	45.250000	1.012938e+03
	962	542	240.500000	45.500000	1.012748e+03
	996	542	249.000000	45.500000	1.017581e+03
	951	544	237.750000	46.000000	1.012476e+03
	960	544	240.000000	46.000000	1.012681e+03
	967	545	241.750000	46.250000	1.012886e+03
	987	545	246.750000	46.250000	1.015966e+03
	962	546	240.500000	46.500000	1.012553e+03
	999	549	249.750000	47.250000	1.015838e+03
	946	551	236.500000	47.750000	1.013816e+03
	984	551	246.000000	47.750000	1.015271e+03
	990	551	247.500000	47.750000	1.014941e+03
	976	552	244.000000	48.000000	1.013721e+03
	989	553	247.250000	48.250000	1.014581e+03
	971	554	242.750000	48.500000	1.013291e+03
	944	555	236.000000	48.750000	1.014238e+03
	986	556	246.500000	49.000000	1.013681e+03
	995	557	248.750000	49.250000	1.015761e+03
	937	558	234.250000	49.500000	1.014156e+03
	1000	559	250.000000	49.750000	1.015898e+03
	944	560	236.000000	50.000000	1.014141e+03
	961	561	240.250000	50.250000	1.015223e+03
	983	561	245.750000	50.250000	1.013628e+03
	958	564	239.500000	51.000000	1.015808e+03
	937	565	234.250000	51.250000	1.014756e+03
	941	566	235.250000	51.500000	1.015268e+03
	947	566	236.750000	51.500000	1.014946e+03
	982	566	245.500000	51.500000	1.013863e+03
	986	568	246.500000	52.000000	1.014348e+03
	979	569	244.750000	52.250000	1.014021e+03
	929	571	232.250000	52.750000	1.016593e+03
	942	571	235.500000	52.750000	1.014823e+03
	947	572	236.750000	53.000000	1.014711e+03
	976	572	244.000000	53.000000	1.013968e+03
	984	572	246.000000	53.000000	1.013288e+03
	951	574	237.750000	53.500000	1.014816e+03
	993	574	248.250000	53.500000	1.013526e+03
	945	575	236.250000	53.750000	1.014716e+03
	982	575	245.500000	53.750000	1.012463e+03
	927	576	231.750000	54.000000	1.016253e+03
	929	578	232.250000	54.500000	1.016061e+03
	969	578	242.250000	54.500000	1.013476e+03
	964	579	241.000000	54.750000	1.013316e+03
	981	579	245.250000	54.750000	1.012156e+03
	982	579	245.500000	54.750000	1.012156e+03
	947	580	236.750000	55.000000	1.015001e+03
	930	581	232.500000	55.250000	1.016043e+03
	985	582	246.250000	55.500000	1.012183e+03
	992	582	248.000000	55.500000	1.012558e+03
	943	583	235.750000	55.750000	1.014991e+03
	958	583	239.500000	55.750000	1.012453e+03
	964	583	241.000000	55.750000	1.012526e+03
	980	583	245.000000	55.750000	1.012378e+03
	952	584	238.000000	56.000000	1.012801e+03
	975	584	243.750000	56.000000	1.012083e+03
	930	585	232.500000	56.250000	1.015628e+03
	997	585	249.250000	56.250000	1.011966e+03
	959	586	239.750000	56.500000	1.012623e+03
	941	587	235.250000	56.750000	1.014666e+03
	965	587	241.250000	56.750000	1.011781e+03
	976	588	244.000000	57.000000	1.012148e+03
	952	589	238.000000	57.250000	1.012133e+03
	998	589	249.500000	57.250000	1.011688e+03
	890	590	222.500000	57.500000	1.005523e+03
	968	590	242.000000	57.500000	1.011708e+03
	992	590	248.000000	57.500000	1.011278e+03
	960	591	240.000000	57.750000	1.011453e+03
	978	591	244.500000	57.750000	1.011671e+03
	880	592	220.000000	58.000000	1.007851e+03
	888	592	222.000000	58.000000	1.005526e+03
	916	592	229.000000	58.000000	1.012813e+03
	964	593	241.000000	58.250000	1.011523e+03
	876	594	219.000000	58.500000	1.007826e+03
	910	594	227.500000	58.500000	1.011103e+03
	970	594	242.500000	58.500000	1.011881e+03
	778	597	194.500000	59.250000	9.963906e+02
	838	597	209.500000	59.250000	1.003071e+03
	958	597	239.500000	59.250000	1.011623e+03
	873	598	218.250000	59.500000	1.007763e+03
	926	598	231.500000	59.500000	1.011416e+03
	819	599	204.750000	59.750000	1.006528e+03
	921	599	230.250000	59.750000	1.011471e+03
	933	599	233.250000	59.750000	1.011958e+03
	830	600	207.500000	60.000000	1.001991e+03
	872	600	218.000000	60.000000	1.007763e+03
	881	600	220.250000	60.000000	1.007256e+03
