2015	6	30	207	6
	970	433	242.500000	18.250000	1.012787e+03
	971	433	242.750000	18.250000	1.012787e+03
	814	438	203.500000	19.500000	1.014247e+03
	812	439	203.000000	19.750000	1.014148e+03
	810	440	202.500000	20.000000	1.014182e+03
	815	440	203.750000	20.000000	1.014093e+03
	821	440	205.250000	20.000000	1.014638e+03
	805	441	201.250000	20.250000	1.014278e+03
	806	441	201.500000	20.250000	1.014278e+03
	813	441	203.250000	20.250000	1.014167e+03
	818	442	204.500000	20.500000	1.014290e+03
	801	443	200.250000	20.750000	1.014295e+03
	806	443	201.500000	20.750000	1.014290e+03
	821	443	205.250000	20.750000	1.014695e+03
	804	444	201.000000	21.000000	1.014280e+03
	807	444	201.750000	21.000000	1.014290e+03
	813	444	203.250000	21.000000	1.014047e+03
	817	444	204.250000	21.000000	1.014417e+03
	987	445	246.750000	21.250000	1.013225e+03
	802	446	200.500000	21.500000	1.014395e+03
	811	446	202.750000	21.500000	1.014343e+03
	981	449	245.250000	22.250000	1.013120e+03
	801	450	200.250000	22.500000	1.014657e+03
	981	450	245.250000	22.500000	1.013120e+03
	802	453	200.500000	23.250000	1.014740e+03
	996	453	249.000000	23.250000	1.012710e+03
	989	454	247.250000	23.500000	1.012638e+03
	987	457	246.750000	24.250000	1.012698e+03
	995	457	248.750000	24.250000	1.012630e+03
	1000	458	250.000000	24.500000	1.011383e+03
	994	459	248.500000	24.750000	1.012575e+03
	992	462	248.000000	25.500000	1.012568e+03
	997	462	249.250000	25.500000	1.011278e+03
	991	464	247.750000	26.000000	1.012475e+03
	996	464	249.000000	26.000000	1.011088e+03
	989	465	247.250000	26.250000	1.012290e+03
	796	466	199.000000	26.500000	1.014943e+03
	995	466	248.750000	26.500000	1.011245e+03
	983	468	245.750000	27.000000	1.011790e+03
	986	468	246.500000	27.000000	1.011880e+03
	981	469	245.250000	27.250000	1.011867e+03
	988	470	247.000000	27.500000	1.012112e+03
	992	470	248.000000	27.500000	1.010940e+03
	769	471	192.250000	27.750000	1.014823e+03
	985	472	246.250000	28.000000	1.011537e+03
	990	472	247.500000	28.000000	1.010485e+03
	719	473	179.750000	28.250000	1.018500e+03
	776	473	194.000000	28.250000	1.014475e+03
	982	475	245.500000	28.750000	1.011370e+03
	988	475	247.000000	28.750000	1.010242e+03
	714	476	178.500000	29.000000	1.018650e+03
	791	476	197.750000	29.000000	1.013643e+03
	980	477	245.000000	29.250000	1.011190e+03
	997	477	249.250000	29.250000	1.012220e+03
	989	478	247.250000	29.500000	1.010195e+03
	709	480	177.250000	30.000000	1.018820e+03
	984	480	246.000000	30.000000	1.009482e+03
	709	481	177.250000	30.250000	1.018820e+03
	700	482	175.000000	30.500000	1.018860e+03
	715	482	178.750000	30.500000	1.018090e+03
	1000	482	250.000000	30.500000	1.014440e+03
	975	484	243.750000	31.000000	1.011720e+03
	973	486	243.250000	31.500000	1.011912e+03
	971	488	242.750000	32.000000	1.012245e+03
	968	491	242.000000	32.750000	1.012177e+03
	977	492	244.250000	33.000000	1.007407e+03
	988	492	247.000000	33.000000	1.007845e+03
	969	493	242.250000	33.250000	1.012263e+03
	992	493	248.000000	33.250000	1.008155e+03
	999	493	249.750000	33.250000	1.011360e+03
	967	495	241.750000	33.750000	1.012215e+03
	971	495	242.750000	33.750000	1.012338e+03
	961	497	240.250000	34.250000	1.011677e+03
	979	497	244.750000	34.250000	1.007650e+03
	982	497	245.500000	34.250000	1.007530e+03
	969	500	242.250000	35.000000	1.010742e+03
	996	502	249.000000	35.500000	1.011270e+03
	975	503	243.750000	35.750000	1.007560e+03
	954	504	238.500000	36.000000	1.011492e+03
	962	504	240.500000	36.000000	1.009805e+03
	990	504	247.500000	36.000000	1.012495e+03
	995	504	248.750000	36.000000	1.011023e+03
	982	505	245.500000	36.250000	1.006172e+03
	972	506	243.000000	36.500000	1.007357e+03
	961	507	240.250000	36.750000	1.010177e+03
	988	507	247.000000	36.750000	1.011470e+03
	995	508	248.750000	37.000000	1.009895e+03
	997	510	249.250000	37.500000	1.007818e+03
	986	511	246.500000	37.750000	1.012057e+03
	969	512	242.250000	38.000000	1.011083e+03
	977	514	244.250000	38.500000	1.011518e+03
	997	514	249.250000	38.500000	1.008100e+03
	1000	515	250.000000	38.750000	1.006378e+03
	967	516	241.750000	39.000000	1.012610e+03
	972	517	243.000000	39.250000	1.013823e+03
	989	517	247.250000	39.250000	1.007635e+03
	952	518	238.000000	39.500000	1.009747e+03
	966	519	241.500000	39.750000	1.010685e+03
	978	519	244.500000	39.750000	1.012633e+03
	945	520	236.250000	40.000000	1.014362e+03
	969	520	242.250000	40.000000	1.011468e+03
	992	520	248.000000	40.000000	1.009193e+03
	911	522	227.750000	40.500000	1.023185e+03
	986	522	246.500000	40.500000	1.006852e+03
	972	523	243.000000	40.750000	1.009750e+03
	965	524	241.250000	41.000000	1.010665e+03
	980	524	245.000000	41.000000	1.010445e+03
	990	525	247.500000	41.250000	1.007485e+03
	968	526	242.000000	41.500000	1.010330e+03
	1000	526	250.000000	41.500000	1.011465e+03
	950	527	237.500000	41.750000	1.015430e+03
	957	527	239.250000	41.750000	1.014417e+03
	995	527	248.750000	41.750000	1.012105e+03
	973	529	243.250000	42.250000	1.009685e+03
	948	530	237.000000	42.500000	1.015982e+03
	768	531	192.000000	42.750000	9.967000e+02
	969	532	242.250000	43.000000	1.008745e+03
	977	532	244.250000	43.000000	1.006143e+03
	990	532	247.500000	43.000000	1.012165e+03
	965	533	241.250000	43.250000	1.010372e+03
	973	535	243.250000	43.750000	1.005830e+03
	993	535	248.250000	43.750000	1.013550e+03
	956	537	239.000000	44.250000	1.015430e+03
	984	538	246.000000	44.500000	1.014225e+03
	944	539	236.000000	44.750000	1.018438e+03
	955	539	238.750000	44.750000	1.014948e+03
	963	539	240.750000	44.750000	1.014010e+03
	687	540	171.750000	45.000000	1.001443e+03
	990	541	247.500000	45.250000	1.016040e+03
	950	542	237.500000	45.500000	1.016560e+03
	994	544	248.500000	46.000000	1.014635e+03
	966	545	241.500000	46.250000	1.009260e+03
	952	546	238.000000	46.500000	1.017380e+03
	972	546	243.000000	46.500000	1.010080e+03
	968	547	242.000000	46.750000	1.009695e+03
	984	547	246.000000	46.750000	1.013122e+03
	971	551	242.750000	47.750000	1.011015e+03
	982	551	245.500000	47.750000	1.010907e+03
	950	552	237.500000	48.000000	1.015710e+03
	962	552	240.500000	48.000000	1.011972e+03
	973	553	243.250000	48.250000	1.010555e+03
	978	554	244.500000	48.500000	1.010523e+03
	998	554	249.500000	48.500000	1.008735e+03
	955	555	238.750000	48.750000	1.017265e+03
	947	556	236.750000	49.000000	1.014285e+03
	994	557	248.500000	49.250000	1.009755e+03
	933	559	233.250000	49.750000	1.017000e+03
	962	560	240.500000	50.000000	1.014213e+03
	949	561	237.250000	50.250000	1.016405e+03
	958	561	239.500000	50.250000	1.015018e+03
	968	561	242.000000	50.250000	1.015188e+03
	963	562	240.750000	50.500000	1.014170e+03
	979	562	244.750000	50.500000	1.015333e+03
	975	563	243.750000	50.750000	1.015198e+03
	985	563	246.250000	50.750000	1.011643e+03
	970	566	242.500000	51.500000	1.015318e+03
	933	567	233.250000	51.750000	1.017753e+03
	954	567	238.500000	51.750000	1.015395e+03
	980	568	245.000000	52.000000	1.013035e+03
	944	569	236.000000	52.250000	1.015597e+03
	933	570	233.250000	52.500000	1.017532e+03
	927	571	231.750000	52.750000	1.017922e+03
	999	571	249.750000	52.750000	1.014438e+03
	963	572	240.750000	53.000000	1.015078e+03
	680	573	170.000000	53.250000	1.006273e+03
	960	573	240.000000	53.250000	1.015312e+03
	974	573	243.500000	53.250000	1.011503e+03
	772	574	193.000000	53.500000	1.016140e+03
	785	577	196.250000	54.250000	1.014403e+03
	927	579	231.750000	54.750000	1.016503e+03
	949	579	237.250000	54.750000	1.012143e+03
	966	580	241.500000	55.000000	1.010122e+03
	947	581	236.750000	55.250000	1.012177e+03
	821	582	205.250000	55.500000	1.011107e+03
	802	583	200.500000	55.750000	1.012005e+03
	821	583	205.250000	55.750000	1.011107e+03
	926	583	231.500000	55.750000	1.016617e+03
	944	584	236.000000	56.000000	1.012550e+03
	960	584	240.000000	56.000000	1.009718e+03
	954	585	238.500000	56.250000	1.009330e+03
	940	587	235.000000	56.750000	1.013758e+03
	906	588	226.500000	57.000000	1.020018e+03
	970	588	242.500000	57.000000	1.009628e+03
	994	588	248.500000	57.000000	1.010713e+03
	808	589	202.000000	57.250000	1.012060e+03
	906	589	226.500000	57.250000	1.020018e+03
	932	589	233.000000	57.250000	1.015680e+03
	938	589	234.500000	57.250000	1.013990e+03
	964	590	241.000000	57.500000	1.009780e+03
	996	590	249.000000	57.500000	1.011155e+03
	928	591	232.000000	57.750000	1.016140e+03
	898	592	224.500000	58.000000	1.020960e+03
	948	592	237.000000	58.000000	1.011215e+03
	970	592	242.500000	58.000000	1.009315e+03
	954	593	238.500000	58.250000	1.010070e+03
	994	593	248.500000	58.250000	1.011237e+03
	919	594	229.750000	58.500000	1.016865e+03
	959	594	239.750000	58.500000	1.010480e+03
	990	594	247.500000	58.500000	1.011032e+03
	967	595	241.750000	58.750000	1.009662e+03
	950	596	237.500000	59.000000	1.010477e+03
	795	598	198.750000	59.500000	1.013895e+03
	945	599	236.250000	59.750000	1.010773e+03
	962	599	240.500000	59.750000	1.009573e+03
	973	599	243.250000	59.750000	1.010075e+03
	985	599	246.250000	59.750000	1.011388e+03
	932	600	233.000000	60.000000	1.012775e+03
