2015	9	27	160	12
	721	420	180.250000	15.000000	1.008613e+03
	797	420	199.250000	15.000000	1.011108e+03
	974	420	243.500000	15.000000	1.006743e+03
	763	422	190.750000	15.500000	1.011421e+03
	789	422	197.250000	15.500000	1.010881e+03
	977	422	244.250000	15.500000	1.006733e+03
	786	423	196.500000	15.750000	1.010933e+03
	993	423	248.250000	15.750000	1.006208e+03
	896	425	224.000000	16.250000	1.009953e+03
	998	425	249.500000	16.250000	1.006528e+03
	823	426	205.750000	16.500000	1.008346e+03
	836	426	209.000000	16.500000	1.011453e+03
	882	427	220.500000	16.750000	1.009923e+03
	794	428	198.500000	17.000000	1.011638e+03
	896	428	224.000000	17.000000	1.009953e+03
	792	429	198.000000	17.250000	1.011606e+03
	782	431	195.500000	17.750000	1.012168e+03
	688	432	172.000000	18.000000	1.011196e+03
	1000	433	250.000000	18.250000	1.006698e+03
	773	434	193.250000	18.500000	1.012558e+03
	810	436	202.500000	19.000000	1.012438e+03
	815	436	203.750000	19.000000	1.011916e+03
	995	437	248.750000	19.250000	1.006778e+03
	812	439	203.000000	19.750000	1.012593e+03
	916	439	229.000000	19.750000	1.011513e+03
	815	440	203.750000	20.000000	1.012356e+03
	820	441	205.000000	20.250000	1.014513e+03
	996	443	249.000000	20.750000	1.006896e+03
	889	446	222.250000	21.500000	1.011128e+03
	995	456	248.750000	24.000000	1.006861e+03
	996	464	249.000000	26.000000	1.006258e+03
	989	465	247.250000	26.250000	1.006311e+03
	987	466	246.750000	26.500000	1.006461e+03
	995	466	248.750000	26.500000	1.006443e+03
	984	467	246.000000	26.750000	1.006626e+03
	982	468	245.500000	27.000000	1.006816e+03
	995	470	248.750000	27.500000	1.006351e+03
	985	471	246.250000	27.750000	1.007131e+03
	983	472	245.750000	28.000000	1.007103e+03
	981	473	245.250000	28.250000	1.007036e+03
	993	473	248.250000	28.250000	1.006271e+03
	988	475	247.000000	28.750000	1.006106e+03
	980	476	245.000000	29.000000	1.006873e+03
	898	478	224.500000	29.500000	1.012248e+03
	989	478	247.250000	29.500000	1.006036e+03
	905	479	226.250000	29.750000	1.012578e+03
	976	479	244.000000	29.750000	1.007496e+03
	984	480	246.000000	30.000000	1.005603e+03
	982	482	245.500000	30.500000	1.005558e+03
	975	483	243.750000	30.750000	1.007513e+03
	972	487	243.000000	31.750000	1.008013e+03
	1000	487	250.000000	31.750000	1.012346e+03
	895	488	223.750000	32.000000	1.011533e+03
	979	488	244.750000	32.000000	1.005273e+03
	971	490	242.750000	32.500000	1.008281e+03
	714	491	178.500000	32.750000	1.016703e+03
	963	492	240.750000	33.000000	1.008226e+03
	977	492	244.250000	33.000000	1.005088e+03
	988	492	247.000000	33.000000	1.006861e+03
	969	493	242.250000	33.250000	1.008266e+03
	981	494	245.250000	33.500000	1.005968e+03
	991	494	247.750000	33.500000	1.007511e+03
	967	495	241.750000	33.750000	1.008313e+03
	981	495	245.250000	33.750000	1.005968e+03
	665	496	166.250000	34.000000	1.010568e+03
	666	496	166.500000	34.000000	1.010568e+03
	669	496	167.250000	34.000000	1.010583e+03
	961	497	240.250000	34.250000	1.007936e+03
	1000	498	250.000000	34.500000	1.014446e+03
	957	500	239.250000	35.000000	1.008236e+03
	969	500	242.250000	35.000000	1.008353e+03
	976	500	244.000000	35.000000	1.006771e+03
	996	501	249.000000	35.250000	1.013013e+03
	955	502	238.750000	35.500000	1.008273e+03
	971	503	242.750000	35.750000	1.007483e+03
	975	503	243.750000	35.750000	1.006538e+03
	995	504	248.750000	36.000000	1.012831e+03
	982	505	245.500000	36.250000	1.007148e+03
	690	506	172.500000	36.500000	1.006168e+03
	960	506	240.000000	36.500000	1.007108e+03
	972	506	243.000000	36.500000	1.006473e+03
	961	508	240.250000	37.000000	1.007096e+03
	978	508	244.500000	37.000000	1.009616e+03
	994	508	248.500000	37.000000	1.012196e+03
	958	510	239.500000	37.500000	1.007486e+03
	997	510	249.250000	37.500000	1.011498e+03
	986	511	246.500000	37.750000	1.012123e+03
	970	512	242.500000	38.000000	1.010231e+03
	997	513	249.250000	38.250000	1.011653e+03
	693	514	173.250000	38.500000	1.008138e+03
	977	514	244.250000	38.500000	1.010948e+03
	997	514	249.250000	38.500000	1.011653e+03
	1000	514	250.000000	38.500000	1.011313e+03
	948	515	237.000000	38.750000	1.008391e+03
	953	515	238.250000	38.750000	1.008128e+03
	967	516	241.750000	39.000000	1.010168e+03
	989	517	247.250000	39.250000	1.009911e+03
	952	518	238.000000	39.500000	1.008053e+03
	712	519	178.000000	39.750000	1.010118e+03
	945	519	236.250000	39.750000	1.009126e+03
	966	519	241.500000	39.750000	1.009358e+03
	714	522	178.500000	40.500000	1.010098e+03
	985	522	246.250000	40.500000	1.007076e+03
	715	523	178.750000	40.750000	1.010098e+03
	968	523	242.000000	40.750000	1.010268e+03
	972	523	243.000000	40.750000	1.009688e+03
	965	524	241.250000	41.000000	1.010466e+03
	978	524	244.500000	41.000000	1.010483e+03
	990	524	247.500000	41.000000	1.007488e+03
	710	525	177.500000	41.250000	1.010288e+03
	944	525	236.000000	41.250000	1.011513e+03
	998	526	249.500000	41.500000	1.010766e+03
	971	531	242.750000	42.750000	1.013621e+03
	990	533	247.500000	43.250000	1.009006e+03
	977	536	244.250000	44.000000	1.011786e+03
	995	543	248.750000	45.750000	1.013616e+03
	998	543	249.500000	45.750000	1.013318e+03
	981	544	245.250000	46.000000	1.017498e+03
	955	545	238.750000	46.250000	1.019288e+03
	989	545	247.250000	46.250000	1.015646e+03
	967	549	241.750000	47.250000	1.017976e+03
	975	549	243.750000	47.250000	1.017381e+03
	942	550	235.500000	47.500000	1.021828e+03
	946	550	236.500000	47.500000	1.021738e+03
	995	551	248.750000	47.750000	1.012786e+03
	948	554	237.000000	48.500000	1.021826e+03
	983	554	245.750000	48.500000	1.015376e+03
	999	554	249.750000	48.500000	1.011948e+03
	960	555	240.000000	48.750000	1.020053e+03
	937	556	234.250000	49.000000	1.022303e+03
	948	556	237.000000	49.000000	1.022143e+03
	996	557	249.000000	49.250000	1.012223e+03
	968	561	242.000000	50.250000	1.021723e+03
	985	561	246.250000	50.250000	1.012596e+03
	965	562	241.250000	50.500000	1.021878e+03
	962	564	240.500000	51.000000	1.022088e+03
	990	564	247.500000	51.000000	1.012248e+03
	948	566	237.000000	51.500000	1.020428e+03
	929	582	232.250000	55.500000	1.017633e+03
	923	583	230.750000	55.750000	1.017256e+03
	954	583	238.500000	55.750000	1.012223e+03
	944	584	236.000000	56.000000	1.013711e+03
	920	585	230.000000	56.250000	1.017138e+03
	938	587	234.500000	56.750000	1.014148e+03
	902	588	225.500000	57.000000	1.016238e+03
	946	588	236.500000	57.000000	1.013161e+03
	920	590	230.000000	57.500000	1.016998e+03
	936	590	234.000000	57.500000	1.014893e+03
	912	591	228.000000	57.750000	1.016356e+03
	944	591	236.000000	57.750000	1.013838e+03
	926	592	231.500000	58.000000	1.016758e+03
	918	593	229.500000	58.250000	1.017483e+03
	752	594	188.000000	58.500000	9.911231e+02
	886	594	221.500000	58.500000	1.014513e+03
	894	594	223.500000	58.500000	1.014776e+03
	886	595	221.500000	58.750000	1.014513e+03
	892	596	223.000000	59.000000	1.014781e+03
	896	598	224.000000	59.500000	1.015763e+03
	902	598	225.500000	59.500000	1.015793e+03
	684	600	171.000000	60.000000	1.013643e+03
