2014	10	1	178	18
	843	421	210.750000	15.250000	1.012147e+03
	845	422	211.250000	15.500000	1.012079e+03
	855	422	213.750000	15.500000	1.012004e+03
	971	422	242.750000	15.500000	1.009242e+03
	998	422	249.500000	15.500000	1.008284e+03
	714	423	178.500000	15.750000	1.010729e+03
	846	423	211.500000	15.750000	1.012079e+03
	853	423	213.250000	15.750000	1.012019e+03
	682	424	170.500000	16.000000	1.009877e+03
	996	425	249.000000	16.250000	1.008349e+03
	708	426	177.000000	16.500000	1.010829e+03
	980	427	245.000000	16.750000	1.008982e+03
	989	432	247.250000	18.000000	1.008817e+03
	814	438	203.500000	19.500000	1.012927e+03
	812	439	203.000000	19.750000	1.012902e+03
	815	440	203.750000	20.000000	1.012909e+03
	985	440	246.250000	20.000000	1.009137e+03
	803	441	200.750000	20.250000	1.012862e+03
	820	441	205.000000	20.250000	1.013439e+03
	805	442	201.250000	20.500000	1.012844e+03
	806	442	201.500000	20.500000	1.012844e+03
	801	443	200.250000	20.750000	1.012872e+03
	821	443	205.250000	20.750000	1.013547e+03
	807	444	201.750000	21.000000	1.012844e+03
	817	444	204.250000	21.000000	1.013344e+03
	814	445	203.500000	21.250000	1.013257e+03
	802	446	200.500000	21.500000	1.012959e+03
	811	446	202.750000	21.500000	1.013079e+03
	743	447	185.750000	21.750000	1.012699e+03
	776	447	194.000000	21.750000	1.012822e+03
	806	447	201.500000	21.750000	1.012967e+03
	746	448	186.500000	22.000000	1.012672e+03
	762	448	190.500000	22.000000	1.012759e+03
	791	448	197.750000	22.000000	1.012884e+03
	799	449	199.750000	22.250000	1.013047e+03
	749	450	187.250000	22.500000	1.012652e+03
	804	450	201.000000	22.500000	1.013069e+03
	972	450	243.000000	22.500000	1.007884e+03
	752	451	188.000000	22.750000	1.012662e+03
	758	451	189.500000	22.750000	1.012624e+03
	999	452	249.750000	23.000000	1.007844e+03
	755	453	188.750000	23.250000	1.012642e+03
	997	455	249.250000	23.750000	1.007919e+03
	993	460	248.250000	25.000000	1.007962e+03
	998	462	249.500000	25.500000	1.007507e+03
	810	463	202.500000	25.750000	1.014052e+03
	991	464	247.750000	26.000000	1.008179e+03
	996	464	249.000000	26.000000	1.007464e+03
	775	465	193.750000	26.250000	1.012194e+03
	995	466	248.750000	26.500000	1.007497e+03
	783	467	195.750000	26.750000	1.012137e+03
	988	467	247.000000	26.750000	1.008284e+03
	993	467	248.250000	26.750000	1.007472e+03
	1000	469	250.000000	27.250000	1.006847e+03
	992	470	248.000000	27.500000	1.007464e+03
	995	470	248.750000	27.500000	1.007432e+03
	985	471	246.250000	27.750000	1.008619e+03
	992	471	248.000000	27.750000	1.007464e+03
	990	472	247.500000	28.000000	1.007304e+03
	984	473	246.000000	28.250000	1.008844e+03
	988	475	247.000000	28.750000	1.007174e+03
	994	475	248.500000	28.750000	1.007207e+03
	985	479	246.250000	29.750000	1.006802e+03
	982	482	245.500000	30.500000	1.006547e+03
	988	483	247.000000	30.750000	1.007032e+03
	976	485	244.000000	31.250000	1.009007e+03
	981	486	245.250000	31.500000	1.006849e+03
	974	489	243.500000	32.250000	1.009289e+03
	986	490	246.500000	32.500000	1.007527e+03
	968	491	242.000000	32.750000	1.009902e+03
	978	491	244.500000	32.750000	1.007179e+03
	993	491	248.250000	32.750000	1.008444e+03
	988	492	247.000000	33.000000	1.007772e+03
	958	493	239.500000	33.250000	1.009782e+03
	998	493	249.500000	33.250000	1.009837e+03
	981	494	245.250000	33.500000	1.007559e+03
	970	496	242.500000	34.000000	1.009314e+03
	983	496	245.750000	34.000000	1.007754e+03
	966	497	241.500000	34.250000	1.009664e+03
	958	499	239.500000	34.750000	1.009992e+03
	990	499	247.500000	34.750000	1.010602e+03
	965	501	241.250000	35.250000	1.011504e+03
	996	501	249.000000	35.250000	1.009109e+03
	990	503	247.500000	35.750000	1.011149e+03
	963	504	240.750000	36.000000	1.011239e+03
	740	505	185.000000	36.250000	9.966544e+02
	960	505	240.000000	36.250000	1.011412e+03
	982	505	245.500000	36.250000	1.011169e+03
	989	505	247.250000	36.250000	1.011244e+03
	737	506	184.250000	36.500000	9.964444e+02
	733	507	183.250000	36.750000	9.965069e+02
	962	507	240.500000	36.750000	1.011272e+03
	1000	507	250.000000	36.750000	1.010322e+03
	729	508	182.250000	37.000000	9.966044e+02
	953	508	238.250000	37.000000	1.012164e+03
	994	508	248.500000	37.000000	1.010519e+03
	951	512	237.750000	38.000000	1.012612e+03
	958	513	239.500000	38.250000	1.011859e+03
	970	513	242.500000	38.250000	1.018857e+03
	948	514	237.000000	38.500000	1.012977e+03
	999	515	249.750000	38.750000	1.012627e+03
	988	516	247.000000	39.000000	1.017729e+03
	946	517	236.500000	39.250000	1.013384e+03
	986	518	246.500000	39.500000	1.018387e+03
	1000	520	250.000000	40.000000	1.012209e+03
	832	521	208.000000	40.250000	1.003382e+03
	999	522	249.750000	40.500000	1.011962e+03
	963	525	240.750000	41.250000	1.022087e+03
	972	527	243.000000	41.750000	1.021617e+03
	995	527	248.750000	41.750000	1.016099e+03
	991	528	247.750000	42.000000	1.017194e+03
	956	529	239.000000	42.250000	1.021119e+03
	968	531	242.000000	42.750000	1.022179e+03
	995	531	248.750000	42.750000	1.016442e+03
	792	532	198.000000	43.000000	9.928344e+02
	951	532	237.750000	43.000000	1.020817e+03
	985	534	246.250000	43.500000	1.017027e+03
	954	536	238.500000	44.000000	1.021399e+03
	966	537	241.500000	44.250000	1.020664e+03
	972	537	243.000000	44.250000	1.020894e+03
	960	538	240.000000	44.500000	1.021529e+03
	978	538	244.500000	44.500000	1.018667e+03
	983	538	245.750000	44.500000	1.018629e+03
	997	538	249.250000	44.500000	1.015037e+03
	967	539	241.750000	44.750000	1.020504e+03
	963	542	240.750000	45.500000	1.021094e+03
	948	544	237.000000	46.000000	1.023794e+03
	993	544	248.250000	46.000000	1.015479e+03
	786	545	196.500000	46.250000	9.924769e+02
	975	545	243.750000	46.250000	1.020227e+03
	957	546	239.250000	46.500000	1.020107e+03
	971	546	242.750000	46.500000	1.020274e+03
	958	548	239.500000	47.000000	1.020174e+03
	780	551	195.000000	47.750000	9.930969e+02
	947	551	236.750000	47.750000	1.022372e+03
	983	554	245.750000	48.500000	1.016564e+03
	960	555	240.000000	48.750000	1.017804e+03
	966	555	241.500000	48.750000	1.017352e+03
	945	556	236.250000	49.000000	1.021572e+03
	951	556	237.750000	49.000000	1.022157e+03
	942	557	235.500000	49.250000	1.021762e+03
	966	558	241.500000	49.500000	1.017139e+03
	933	561	233.250000	50.250000	1.022509e+03
	934	561	233.500000	50.250000	1.022509e+03
	968	561	242.000000	50.250000	1.016424e+03
	955	562	238.750000	50.500000	1.016249e+03
	930	564	232.500000	51.000000	1.022134e+03
	974	564	243.500000	51.000000	1.013204e+03
	949	566	237.250000	51.500000	1.015762e+03
	956	566	239.000000	51.500000	1.015424e+03
	960	567	240.000000	51.750000	1.015657e+03
	954	569	238.500000	52.250000	1.015754e+03
	951	570	237.750000	52.500000	1.015554e+03
	945	571	236.250000	52.750000	1.016422e+03
	976	571	244.000000	52.750000	1.006859e+03
	972	573	243.000000	53.250000	1.007617e+03
	892	574	223.000000	53.500000	1.022739e+03
	923	575	230.750000	53.750000	1.021252e+03
	914	580	228.500000	55.000000	1.020247e+03
	947	580	236.750000	55.000000	1.013872e+03
	934	581	233.500000	55.250000	1.017002e+03
	916	582	229.000000	55.500000	1.020167e+03
	914	584	228.500000	56.000000	1.020317e+03
	924	586	231.000000	56.500000	1.019837e+03
	948	586	237.000000	56.500000	1.013334e+03
	986	586	246.500000	56.500000	1.003367e+03
	908	588	227.000000	57.000000	1.021129e+03
	865	589	216.250000	57.250000	1.022877e+03
	944	589	236.000000	57.250000	1.014459e+03
	978	589	244.500000	57.250000	1.003672e+03
	882	590	220.500000	57.500000	1.023654e+03
	942	591	235.500000	57.750000	1.014944e+03
	878	592	219.500000	58.000000	1.023767e+03
	882	592	220.500000	58.000000	1.023809e+03
	828	593	207.000000	58.250000	1.023079e+03
	881	594	220.250000	58.500000	1.023909e+03
	886	594	221.500000	58.500000	1.023807e+03
	877	599	219.250000	59.750000	1.024342e+03
