2015	8	5	177	12
	824	420	206.000000	15.000000	1.009156e+03
	825	420	206.250000	15.000000	1.009156e+03
	833	420	208.250000	15.000000	1.009058e+03
	823	422	205.750000	15.500000	1.009173e+03
	829	426	207.250000	16.500000	1.009103e+03
	838	426	209.500000	16.500000	1.008936e+03
	833	427	208.250000	16.750000	1.009046e+03
	804	428	201.000000	17.000000	1.010231e+03
	807	429	201.750000	17.250000	1.010258e+03
	827	429	206.750000	17.250000	1.009153e+03
	809	432	202.250000	18.000000	1.010296e+03
	810	436	202.500000	19.000000	1.010341e+03
	815	436	203.750000	19.000000	1.010156e+03
	819	436	204.750000	19.000000	1.009843e+03
	815	440	203.750000	20.000000	1.010238e+03
	817	442	204.250000	20.500000	1.010873e+03
	837	442	209.250000	20.500000	1.001898e+03
	814	445	203.500000	21.250000	1.011241e+03
	670	452	167.500000	23.000000	1.014436e+03
	999	452	249.750000	23.000000	1.011253e+03
	995	456	248.750000	24.000000	1.011463e+03
	992	457	248.000000	24.250000	1.011538e+03
	998	462	249.500000	25.500000	1.010231e+03
	996	464	249.000000	26.000000	1.009798e+03
	989	465	247.250000	26.250000	1.010656e+03
	987	467	246.750000	26.750000	1.010496e+03
	995	467	248.750000	26.750000	1.009726e+03
	981	469	245.250000	27.250000	1.011106e+03
	985	471	246.250000	27.750000	1.011153e+03
	990	472	247.500000	28.000000	1.008951e+03
	988	475	247.000000	28.750000	1.008841e+03
	730	476	182.500000	29.000000	1.018103e+03
	979	478	244.750000	29.500000	1.010438e+03
	984	480	246.000000	30.000000	1.007801e+03
	892	482	223.000000	30.500000	1.021218e+03
	976	482	244.000000	30.500000	1.010538e+03
	983	482	245.750000	30.500000	1.007818e+03
	897	483	224.250000	30.750000	1.021206e+03
	900	484	225.000000	31.000000	1.021193e+03
	975	484	243.750000	31.000000	1.010608e+03
	982	485	245.500000	31.250000	1.008186e+03
	980	487	245.000000	31.750000	1.008211e+03
	979	489	244.750000	32.250000	1.008031e+03
	995	489	248.750000	32.250000	1.011383e+03
	719	490	179.750000	32.500000	1.017408e+03
	729	490	182.250000	32.500000	1.017483e+03
	978	491	244.500000	32.750000	1.007858e+03
	984	491	246.000000	32.750000	1.008898e+03
	733	492	183.250000	33.000000	1.017538e+03
	988	492	247.000000	33.000000	1.009398e+03
	969	493	242.250000	33.250000	1.012431e+03
	985	494	246.250000	33.500000	1.009578e+03
	991	494	247.750000	33.500000	1.009536e+03
	970	495	242.500000	33.750000	1.012513e+03
	981	495	245.250000	33.750000	1.008198e+03
	967	496	241.750000	34.000000	1.012236e+03
	749	497	187.250000	34.250000	1.017331e+03
	962	497	240.500000	34.250000	1.012328e+03
	979	497	244.750000	34.250000	1.008566e+03
	750	498	187.500000	34.500000	1.017331e+03
	982	499	245.500000	34.750000	1.008591e+03
	969	500	242.250000	35.000000	1.012841e+03
	964	501	241.000000	35.250000	1.014691e+03
	975	503	243.750000	35.750000	1.009368e+03
	962	504	240.500000	36.000000	1.014313e+03
	995	504	248.750000	36.000000	1.013746e+03
	982	505	245.500000	36.250000	1.008138e+03
	729	506	182.250000	36.500000	1.017233e+03
	972	506	243.000000	36.500000	1.008393e+03
	962	507	240.500000	36.750000	1.014266e+03
	976	507	244.000000	36.750000	1.010398e+03
	994	508	248.500000	37.000000	1.012398e+03
	1000	508	250.000000	37.000000	1.012846e+03
	752	510	188.000000	37.500000	1.016343e+03
	997	510	249.250000	37.500000	1.011413e+03
	986	511	246.500000	37.750000	1.012058e+03
	741	512	185.250000	38.000000	1.016563e+03
	1000	513	250.000000	38.250000	1.011591e+03
	977	514	244.250000	38.500000	1.011138e+03
	997	514	249.250000	38.500000	1.011806e+03
	729	516	182.250000	39.000000	1.016873e+03
	948	516	237.000000	39.000000	1.015306e+03
	998	516	249.500000	39.000000	1.011896e+03
	989	517	247.250000	39.250000	1.009721e+03
	952	518	238.000000	39.500000	1.015136e+03
	966	519	241.500000	39.750000	1.011971e+03
	969	520	242.250000	40.000000	1.012411e+03
	987	520	246.750000	40.000000	1.008506e+03
	753	521	188.250000	40.250000	1.016936e+03
	976	521	244.000000	40.250000	1.010506e+03
	769	522	192.250000	40.500000	1.016546e+03
	965	524	241.250000	41.000000	1.012201e+03
	980	524	245.000000	41.000000	1.011046e+03
	985	524	246.250000	41.000000	1.007818e+03
	990	524	247.500000	41.000000	1.007633e+03
	967	526	241.750000	41.500000	1.012123e+03
	946	527	236.500000	41.750000	1.015823e+03
	950	527	237.500000	41.750000	1.015573e+03
	694	528	173.500000	42.000000	1.007316e+03
	955	528	238.750000	42.000000	1.015101e+03
	974	528	243.500000	42.000000	1.011828e+03
	948	529	237.000000	42.250000	1.016106e+03
	729	531	182.250000	42.750000	1.016508e+03
	969	531	242.250000	42.750000	1.010853e+03
	751	532	187.750000	43.000000	1.015498e+03
	988	532	247.000000	43.000000	1.011043e+03
	975	533	243.750000	43.250000	1.009416e+03
	760	536	190.000000	44.000000	1.015763e+03
	972	536	243.000000	44.000000	1.009716e+03
	994	536	248.500000	44.000000	1.014278e+03
	956	537	239.000000	44.250000	1.015028e+03
	775	539	193.750000	44.750000	1.016186e+03
	919	539	229.750000	44.750000	1.020421e+03
	962	539	240.500000	44.750000	1.014478e+03
	980	541	245.000000	45.250000	1.012381e+03
	990	541	247.500000	45.250000	1.013138e+03
	994	543	248.500000	45.750000	1.012478e+03
	975	545	243.750000	46.250000	1.011243e+03
	981	545	245.250000	46.250000	1.012146e+03
	972	546	243.000000	46.500000	1.011406e+03
	988	546	247.000000	46.500000	1.012148e+03
	991	546	247.750000	46.500000	1.012138e+03
	984	547	246.000000	46.750000	1.011561e+03
	1000	550	250.000000	47.500000	1.009983e+03
	992	551	248.000000	47.750000	1.010401e+03
	982	553	245.500000	48.250000	1.009681e+03
	823	554	205.750000	48.500000	1.017518e+03
	969	554	242.250000	48.500000	1.008553e+03
	997	554	249.250000	48.500000	1.010333e+03
	974	555	243.500000	48.750000	1.008301e+03
	945	558	236.250000	49.500000	1.014181e+03
	945	561	236.250000	50.250000	1.014096e+03
	956	562	239.000000	50.500000	1.012503e+03
	968	562	242.000000	50.500000	1.012041e+03
	952	563	238.000000	50.750000	1.012883e+03
	964	563	241.000000	50.750000	1.011363e+03
	944	565	236.000000	51.250000	1.013908e+03
	927	566	231.750000	51.500000	1.015136e+03
	965	569	241.250000	52.250000	1.011743e+03
	980	570	245.000000	52.500000	1.010976e+03
	963	571	240.750000	52.750000	1.011848e+03
	936	573	234.000000	53.250000	1.015531e+03
	981	573	245.250000	53.250000	1.010863e+03
	861	575	215.250000	53.750000	1.013053e+03
	957	575	239.250000	53.750000	1.012398e+03
	858	576	214.500000	54.000000	1.013136e+03
	933	576	233.250000	54.000000	1.016143e+03
	914	577	228.500000	54.250000	1.016593e+03
	953	577	238.250000	54.250000	1.012476e+03
	909	578	227.250000	54.500000	1.016663e+03
	973	578	243.250000	54.500000	1.011806e+03
	971	580	242.750000	55.000000	1.011778e+03
	826	582	206.500000	55.500000	1.007921e+03
	978	582	244.500000	55.500000	1.011516e+03
	934	583	233.500000	55.750000	1.015631e+03
	901	584	225.250000	56.000000	1.016183e+03
	913	585	228.250000	56.250000	1.017463e+03
	925	585	231.250000	56.250000	1.015973e+03
	930	585	232.500000	56.250000	1.015881e+03
	917	586	229.250000	56.500000	1.017088e+03
	970	588	242.500000	57.000000	1.010793e+03
	898	592	224.500000	58.000000	1.015391e+03
	946	592	236.500000	58.000000	1.016611e+03
	808	593	202.000000	58.250000	1.010188e+03
	801	594	200.250000	58.500000	1.010696e+03
	920	594	230.000000	58.500000	1.018048e+03
	816	595	204.000000	58.750000	1.010366e+03
	894	595	223.500000	58.750000	1.015448e+03
	907	595	226.750000	58.750000	1.016041e+03
	802	597	200.500000	59.250000	1.010651e+03
	886	597	221.500000	59.250000	1.013918e+03
	887	597	221.750000	59.250000	1.013918e+03
	896	598	224.000000	59.500000	1.014571e+03
	879	599	219.750000	59.750000	1.013828e+03
	815	600	203.750000	60.000000	1.011311e+03
	864	600	216.000000	60.000000	1.013741e+03
	872	600	218.000000	60.000000	1.013691e+03
