2015	6	20	195	15
	989	425	247.250000	16.250000	1.012286e+03
	984	434	246.000000	18.500000	1.012614e+03
	985	434	246.250000	18.500000	1.012614e+03
	986	435	246.500000	18.750000	1.012614e+03
	807	439	201.750000	19.750000	1.015326e+03
	810	440	202.500000	20.000000	1.015346e+03
	815	440	203.750000	20.000000	1.014456e+03
	983	440	245.750000	20.000000	1.012514e+03
	820	441	205.000000	20.250000	1.015769e+03
	817	442	204.250000	20.500000	1.015614e+03
	821	443	205.250000	20.750000	1.015899e+03
	994	448	248.500000	22.000000	1.012269e+03
	991	450	247.750000	22.500000	1.012249e+03
	864	463	216.000000	25.750000	1.017274e+03
	989	463	247.250000	25.750000	1.012066e+03
	996	464	249.000000	26.000000	1.010066e+03
	990	465	247.500000	26.250000	1.011966e+03
	987	468	246.750000	27.000000	1.011866e+03
	867	469	216.750000	27.250000	1.017551e+03
	981	469	245.250000	27.250000	1.011626e+03
	985	470	246.250000	27.500000	1.011689e+03
	992	470	248.000000	27.500000	1.009341e+03
	866	472	216.500000	28.000000	1.017524e+03
	990	472	247.500000	28.000000	1.008996e+03
	865	473	216.250000	28.250000	1.017524e+03
	980	474	245.000000	28.500000	1.011399e+03
	983	474	245.750000	28.500000	1.011506e+03
	988	475	247.000000	28.750000	1.008404e+03
	989	478	247.250000	29.500000	1.008369e+03
	900	482	225.000000	30.500000	1.019111e+03
	977	482	244.250000	30.500000	1.010664e+03
	982	482	245.500000	30.500000	1.005594e+03
	1000	482	250.000000	30.500000	1.013591e+03
	981	484	245.250000	31.000000	1.006114e+03
	975	485	243.750000	31.250000	1.010321e+03
	663	487	165.750000	31.750000	1.011874e+03
	974	488	243.500000	32.000000	1.010251e+03
	979	488	244.750000	32.000000	1.005954e+03
	1000	488	250.000000	32.000000	1.012044e+03
	664	489	166.000000	32.250000	1.011856e+03
	973	490	243.250000	32.500000	1.010351e+03
	964	492	241.000000	33.000000	1.009964e+03
	977	492	244.250000	33.000000	1.005809e+03
	969	493	242.250000	33.250000	1.010259e+03
	669	494	167.250000	33.500000	1.012094e+03
	968	495	242.000000	33.750000	1.010289e+03
	971	495	242.750000	33.750000	1.010496e+03
	981	495	245.250000	33.750000	1.006469e+03
	672	496	168.000000	34.000000	1.012121e+03
	960	498	240.000000	34.500000	1.009844e+03
	966	498	241.500000	34.500000	1.010269e+03
	971	499	242.750000	34.750000	1.009696e+03
	982	499	245.500000	34.750000	1.006921e+03
	662	500	165.500000	35.000000	1.013031e+03
	958	500	239.500000	35.000000	1.010236e+03
	968	500	242.000000	35.000000	1.009881e+03
	976	500	244.000000	35.000000	1.008146e+03
	996	500	249.000000	35.000000	1.011564e+03
	963	501	240.750000	35.250000	1.010519e+03
	995	502	248.750000	35.500000	1.011541e+03
	962	503	240.500000	35.750000	1.010649e+03
	974	503	243.500000	35.750000	1.007854e+03
	960	505	240.000000	36.250000	1.010544e+03
	982	505	245.500000	36.250000	1.007159e+03
	997	505	249.250000	36.250000	1.012139e+03
	972	506	243.000000	36.500000	1.007091e+03
	1000	507	250.000000	36.750000	1.010859e+03
	961	508	240.250000	37.000000	1.010531e+03
	994	508	248.500000	37.000000	1.011104e+03
	959	510	239.750000	37.500000	1.010534e+03
	997	510	249.250000	37.500000	1.010261e+03
	986	511	246.500000	37.750000	1.012511e+03
	1000	513	250.000000	38.250000	1.010076e+03
	956	514	239.000000	38.500000	1.010886e+03
	977	514	244.250000	38.500000	1.012996e+03
	948	516	237.000000	39.000000	1.011319e+03
	955	516	238.750000	39.000000	1.011009e+03
	967	516	241.750000	39.000000	1.013229e+03
	972	516	243.000000	39.000000	1.013744e+03
	989	516	247.250000	39.000000	1.012076e+03
	985	517	246.250000	39.250000	1.013071e+03
	974	518	243.500000	39.500000	1.013836e+03
	979	518	244.750000	39.500000	1.013864e+03
	990	518	247.500000	39.500000	1.012239e+03
	946	519	236.500000	39.750000	1.011746e+03
	952	519	238.000000	39.750000	1.010491e+03
	966	519	241.500000	39.750000	1.012819e+03
	969	520	242.250000	40.000000	1.013186e+03
	992	520	248.000000	40.000000	1.012894e+03
	979	521	244.750000	40.250000	1.014041e+03
	974	522	243.500000	40.500000	1.013119e+03
	988	523	247.000000	40.750000	1.012891e+03
	965	524	241.250000	41.000000	1.013034e+03
	991	524	247.750000	41.000000	1.012244e+03
	997	525	249.250000	41.250000	1.015069e+03
	1000	526	250.000000	41.500000	1.014764e+03
	943	528	235.750000	42.000000	1.013764e+03
	974	528	243.500000	42.000000	1.014139e+03
	865	529	216.250000	42.250000	1.009301e+03
	949	530	237.250000	42.500000	1.015734e+03
	963	530	240.750000	42.500000	1.015601e+03
	969	531	242.250000	42.750000	1.015054e+03
	971	531	242.750000	42.750000	1.015054e+03
	980	531	245.000000	42.750000	1.014149e+03
	977	532	244.250000	43.000000	1.014226e+03
	996	532	249.000000	43.000000	1.015601e+03
	965	533	241.250000	43.250000	1.015499e+03
	986	533	246.500000	43.250000	1.013871e+03
	990	533	247.500000	43.250000	1.013696e+03
	997	535	249.250000	43.750000	1.015449e+03
	872	536	218.000000	44.000000	1.011176e+03
	972	536	243.000000	44.000000	1.014581e+03
	984	538	246.000000	44.500000	1.015849e+03
	999	539	249.750000	44.750000	1.015846e+03
	981	544	245.250000	46.000000	1.016689e+03
	994	544	248.500000	46.000000	1.014941e+03
	976	546	244.000000	46.500000	1.016004e+03
	984	547	246.000000	46.750000	1.015899e+03
	665	548	166.250000	47.000000	1.015574e+03
	666	548	166.500000	47.000000	1.015574e+03
	951	549	237.750000	47.250000	1.019514e+03
	664	550	166.000000	47.500000	1.015556e+03
	946	551	236.500000	47.750000	1.019166e+03
	998	551	249.500000	47.750000	1.013604e+03
	992	552	248.000000	48.000000	1.013519e+03
	968	553	242.000000	48.250000	1.014881e+03
	982	553	245.500000	48.250000	1.014919e+03
	947	554	236.750000	48.500000	1.019349e+03
	946	556	236.500000	49.000000	1.019136e+03
	939	557	234.750000	49.250000	1.019656e+03
	664	558	166.000000	49.500000	1.015251e+03
	945	558	236.250000	49.500000	1.019149e+03
	977	558	244.250000	49.500000	1.014171e+03
	984	558	246.000000	49.500000	1.014029e+03
	859	560	214.750000	50.000000	1.022609e+03
	986	561	246.500000	50.250000	1.014259e+03
	994	561	248.500000	50.250000	1.014529e+03
	723	562	180.750000	50.500000	1.002076e+03
	982	562	245.500000	50.500000	1.013714e+03
	952	563	238.000000	50.750000	1.018609e+03
	932	564	233.000000	51.000000	1.021194e+03
	933	564	233.250000	51.000000	1.021194e+03
	957	564	239.250000	51.000000	1.017939e+03
	980	564	245.000000	51.000000	1.013349e+03
	928	565	232.000000	51.250000	1.021416e+03
	956	566	239.000000	51.500000	1.018059e+03
	957	566	239.250000	51.500000	1.018059e+03
	962	567	240.500000	51.750000	1.017941e+03
	953	569	238.250000	52.250000	1.017434e+03
	918	572	229.500000	53.000000	1.020876e+03
	961	572	240.250000	53.000000	1.017954e+03
	949	573	237.250000	53.250000	1.017324e+03
	972	573	243.000000	53.250000	1.012829e+03
	919	574	229.750000	53.500000	1.020874e+03
	920	574	230.000000	53.500000	1.020874e+03
	970	576	242.500000	54.000000	1.013159e+03
	976	577	244.000000	54.250000	1.013846e+03
	925	578	231.250000	54.500000	1.020404e+03
	967	579	241.750000	54.750000	1.013591e+03
	980	579	245.000000	54.750000	1.013241e+03
	981	579	245.250000	54.750000	1.013241e+03
	885	580	221.250000	55.000000	1.021046e+03
	784	581	196.000000	55.250000	1.015286e+03
	914	581	228.500000	55.250000	1.020771e+03
	973	581	243.250000	55.250000	1.013266e+03
	996	581	249.000000	55.250000	1.010204e+03
	995	582	248.750000	55.500000	1.010204e+03
	791	583	197.750000	55.750000	1.015609e+03
	918	584	229.500000	56.000000	1.020421e+03
	848	585	212.000000	56.250000	1.020846e+03
	800	586	200.000000	56.500000	1.016106e+03
	966	586	241.500000	56.500000	1.011394e+03
	980	586	245.000000	56.500000	1.011174e+03
	855	587	213.750000	56.750000	1.020619e+03
	974	587	243.500000	56.750000	1.011114e+03
	902	588	225.500000	57.000000	1.020219e+03
	938	589	234.500000	57.250000	1.014286e+03
	984	589	246.000000	57.250000	1.010976e+03
	826	590	206.500000	57.500000	1.019706e+03
	904	590	226.000000	57.500000	1.020069e+03
	976	590	244.000000	57.500000	1.011161e+03
	878	592	219.500000	58.000000	1.021486e+03
	898	592	224.500000	58.000000	1.020619e+03
	906	592	226.500000	58.000000	1.020139e+03
	978	592	244.500000	58.000000	1.011146e+03
	840	593	210.000000	58.250000	1.020741e+03
	980	594	245.000000	58.500000	1.011151e+03
	818	595	204.500000	58.750000	1.018174e+03
	892	596	223.000000	59.000000	1.019824e+03
	960	596	240.000000	59.000000	1.011899e+03
	873	598	218.250000	59.500000	1.021164e+03
	936	598	234.000000	59.500000	1.013656e+03
	950	598	237.500000	59.500000	1.012394e+03
	879	599	219.750000	59.750000	1.020941e+03
	775	600	193.750000	60.000000	1.013079e+03
