2015	9	28	207	18
	695	420	173.750000	15.000000	1.007699e+03
	735	420	183.750000	15.000000	1.009796e+03
	768	420	192.000000	15.000000	1.010761e+03
	953	420	238.250000	15.000000	1.009826e+03
	993	420	248.250000	15.000000	1.009919e+03
	768	421	192.000000	15.250000	1.010761e+03
	760	422	190.000000	15.500000	1.011141e+03
	885	422	221.250000	15.500000	1.011059e+03
	890	422	222.500000	15.500000	1.010989e+03
	732	423	183.000000	15.750000	1.009974e+03
	817	423	204.250000	15.750000	1.011206e+03
	706	424	176.500000	16.000000	1.007886e+03
	752	424	188.000000	16.000000	1.010956e+03
	877	424	219.250000	16.000000	1.011274e+03
	973	424	243.250000	16.000000	1.010274e+03
	975	425	243.750000	16.250000	1.010276e+03
	993	425	248.250000	16.250000	1.009859e+03
	677	426	169.250000	16.500000	1.009221e+03
	703	426	175.750000	16.500000	1.007989e+03
	991	426	247.750000	16.500000	1.009866e+03
	765	427	191.250000	16.750000	1.010921e+03
	777	427	194.250000	16.750000	1.011594e+03
	676	428	169.000000	17.000000	1.009109e+03
	723	428	180.750000	17.000000	1.009994e+03
	751	429	187.750000	17.250000	1.010881e+03
	770	429	192.500000	17.250000	1.011366e+03
	684	431	171.000000	17.750000	1.008506e+03
	766	431	191.500000	17.750000	1.011254e+03
	789	431	197.250000	17.750000	1.012054e+03
	884	432	221.000000	18.000000	1.011591e+03
	685	433	171.250000	18.250000	1.008486e+03
	758	434	189.500000	18.500000	1.011506e+03
	722	436	180.500000	19.000000	1.010951e+03
	723	436	180.750000	19.000000	1.010951e+03
	815	436	203.750000	19.000000	1.012861e+03
	720	437	180.000000	19.250000	1.010994e+03
	815	439	203.750000	19.750000	1.012579e+03
	997	440	249.250000	20.000000	1.009804e+03
	820	441	205.000000	20.250000	1.015149e+03
	999	441	249.750000	20.250000	1.009826e+03
	817	442	204.250000	20.500000	1.014696e+03
	893	443	223.250000	20.750000	1.012369e+03
	893	448	223.250000	22.000000	1.012356e+03
	999	452	249.750000	23.000000	1.009789e+03
	997	455	249.250000	23.750000	1.009744e+03
	999	458	249.750000	24.500000	1.009706e+03
	994	459	248.500000	24.750000	1.009659e+03
	991	464	247.750000	26.000000	1.009869e+03
	996	464	249.000000	26.000000	1.009759e+03
	995	466	248.750000	26.500000	1.009894e+03
	910	467	227.500000	26.750000	1.013914e+03
	988	467	247.000000	26.750000	1.010001e+03
	992	470	248.000000	27.500000	1.009961e+03
	985	471	246.250000	27.750000	1.010446e+03
	990	472	247.500000	28.000000	1.009876e+03
	983	475	245.750000	28.750000	1.011069e+03
	988	475	247.000000	28.750000	1.009916e+03
	980	477	245.000000	29.250000	1.011096e+03
	989	478	247.250000	29.500000	1.009961e+03
	984	480	246.000000	30.000000	1.009191e+03
	976	482	244.000000	30.500000	1.011321e+03
	982	482	245.500000	30.500000	1.008661e+03
	988	483	247.000000	30.750000	1.009529e+03
	975	484	243.750000	31.000000	1.011264e+03
	981	484	245.250000	31.000000	1.008861e+03
	973	486	243.250000	31.500000	1.011669e+03
	979	488	244.750000	32.000000	1.008499e+03
	935	490	233.750000	32.500000	1.015059e+03
	978	491	244.500000	32.750000	1.008606e+03
	984	491	246.000000	32.750000	1.009379e+03
	901	492	225.250000	33.000000	1.009309e+03
	971	492	242.750000	33.000000	1.011591e+03
	988	492	247.000000	33.000000	1.009671e+03
	936	493	234.000000	33.250000	1.015134e+03
	992	493	248.000000	33.250000	1.010284e+03
	998	493	249.500000	33.250000	1.012564e+03
	985	494	246.250000	33.500000	1.010141e+03
	968	495	242.000000	33.750000	1.011706e+03
	982	495	245.500000	33.750000	1.009221e+03
	962	497	240.500000	34.250000	1.012291e+03
	982	499	245.500000	34.750000	1.009901e+03
	990	499	247.500000	34.750000	1.013806e+03
	1000	499	250.000000	34.750000	1.013821e+03
	708	500	177.000000	35.000000	1.014491e+03
	968	500	242.000000	35.000000	1.011231e+03
	976	500	244.000000	35.000000	1.010309e+03
	667	501	166.750000	35.250000	1.010964e+03
	712	501	178.000000	35.250000	1.014499e+03
	963	501	240.750000	35.250000	1.010784e+03
	988	501	247.000000	35.250000	1.014181e+03
	722	502	180.500000	35.500000	1.014694e+03
	963	502	240.750000	35.500000	1.010784e+03
	995	502	248.750000	35.500000	1.012874e+03
	688	503	172.000000	35.750000	1.013804e+03
	971	503	242.750000	35.750000	1.010919e+03
	975	503	243.750000	35.750000	1.010094e+03
	693	504	173.250000	36.000000	1.013851e+03
	990	504	247.500000	36.000000	1.014019e+03
	960	505	240.000000	36.250000	1.010954e+03
	982	505	245.500000	36.250000	1.009309e+03
	737	506	184.250000	36.500000	1.014354e+03
	972	506	243.000000	36.500000	1.009336e+03
	976	507	244.000000	36.750000	1.011004e+03
	961	508	240.250000	37.000000	1.011011e+03
	994	508	248.500000	37.000000	1.012119e+03
	1000	508	250.000000	37.000000	1.011849e+03
	958	510	239.500000	37.500000	1.011239e+03
	997	510	249.250000	37.500000	1.011331e+03
	743	511	185.750000	37.750000	1.014911e+03
	753	511	188.250000	37.750000	1.014971e+03
	980	511	245.000000	37.750000	1.012214e+03
	986	511	246.500000	37.750000	1.012919e+03
	970	512	242.500000	38.000000	1.012704e+03
	998	512	249.500000	38.000000	1.011944e+03
	977	514	244.250000	38.500000	1.012034e+03
	982	514	245.500000	38.500000	1.013229e+03
	997	514	249.250000	38.500000	1.011679e+03
	1000	514	250.000000	38.500000	1.011586e+03
	967	516	241.750000	39.000000	1.013196e+03
	972	516	243.000000	39.000000	1.013104e+03
	988	516	247.000000	39.000000	1.011041e+03
	998	516	249.500000	39.000000	1.011924e+03
	733	517	183.250000	39.250000	1.015686e+03
	947	517	236.750000	39.250000	1.011371e+03
	978	518	244.500000	39.500000	1.012769e+03
	941	519	235.250000	39.750000	1.012399e+03
	952	519	238.000000	39.750000	1.010849e+03
	965	519	241.250000	39.750000	1.012834e+03
	946	520	236.500000	40.000000	1.011244e+03
	969	520	242.250000	40.000000	1.012519e+03
	988	520	247.000000	40.000000	1.012326e+03
	966	521	241.500000	40.250000	1.012721e+03
	992	522	248.000000	40.500000	1.011774e+03
	973	523	243.250000	40.750000	1.012524e+03
	977	523	244.250000	40.750000	1.012884e+03
	955	524	238.750000	41.000000	1.012701e+03
	965	524	241.250000	41.000000	1.013291e+03
	957	526	239.250000	41.500000	1.012951e+03
	946	527	236.500000	41.750000	1.010721e+03
	950	527	237.500000	41.750000	1.011751e+03
	975	527	243.750000	41.750000	1.013289e+03
	988	527	247.000000	41.750000	1.012771e+03
	944	529	236.000000	42.250000	1.010824e+03
	948	529	237.000000	42.250000	1.010654e+03
	963	530	240.750000	42.500000	1.013901e+03
	967	530	241.750000	42.500000	1.014354e+03
	972	530	243.000000	42.500000	1.013761e+03
	985	530	246.250000	42.500000	1.014104e+03
	1000	530	250.000000	42.500000	1.015174e+03
	964	532	241.000000	43.000000	1.013946e+03
	977	532	244.250000	43.000000	1.014439e+03
	990	532	247.500000	43.000000	1.014284e+03
	996	532	249.000000	43.000000	1.014924e+03
	992	534	248.000000	43.500000	1.014371e+03
	993	534	248.250000	43.500000	1.014371e+03
	997	535	249.250000	43.750000	1.015174e+03
	962	536	240.500000	44.000000	1.014176e+03
	982	537	245.500000	44.250000	1.015514e+03
	966	538	241.500000	44.500000	1.014629e+03
	980	539	245.000000	44.750000	1.015621e+03
	998	539	249.500000	44.750000	1.015509e+03
	988	544	247.000000	46.000000	1.016601e+03
	975	548	243.750000	47.000000	1.017599e+03
	999	548	249.750000	47.000000	1.017489e+03
	945	550	236.250000	47.500000	1.016131e+03
	794	555	198.500000	48.750000	9.966188e+02
	958	555	239.500000	48.750000	1.019081e+03
	994	555	248.500000	48.750000	1.019841e+03
	985	556	246.250000	49.000000	1.018616e+03
	797	557	199.250000	49.250000	9.967338e+02
	937	557	234.250000	49.250000	1.017999e+03
	999	559	249.750000	49.750000	1.019974e+03
	944	560	236.000000	50.000000	1.018631e+03
	975	560	243.750000	50.000000	1.019321e+03
	982	560	245.500000	50.000000	1.018616e+03
	946	566	236.500000	51.500000	1.018746e+03
	937	567	234.250000	51.750000	1.018664e+03
	963	567	240.750000	51.750000	1.021629e+03
	925	572	231.250000	53.000000	1.020359e+03
	942	572	235.500000	53.000000	1.018534e+03
	961	572	240.250000	53.000000	1.021686e+03
	972	573	243.000000	53.250000	1.015841e+03
	936	575	234.000000	53.750000	1.019711e+03
	931	577	232.750000	54.250000	1.019579e+03
	968	577	242.000000	54.250000	1.014856e+03
	963	579	240.750000	54.750000	1.014499e+03
	930	581	232.500000	55.250000	1.019139e+03
	945	581	236.250000	55.250000	1.017811e+03
	999	581	249.750000	55.250000	1.019241e+03
	805	582	201.250000	55.500000	9.986113e+02
	994	583	248.500000	55.750000	1.019001e+03
	995	583	248.750000	55.750000	1.019001e+03
	1000	588	250.000000	57.000000	1.019109e+03
	816	589	204.000000	57.250000	9.977213e+02
	938	589	234.500000	57.250000	1.015721e+03
	973	589	243.250000	57.250000	1.015786e+03
	948	590	237.000000	57.500000	1.010234e+03
	992	590	248.000000	57.500000	1.018471e+03
	820	591	205.000000	57.750000	9.976287e+02
	943	595	235.750000	58.750000	1.009304e+03
	812	596	203.000000	59.000000	9.965388e+02
	887	596	221.750000	59.000000	1.006916e+03
	822	597	205.500000	59.250000	9.959713e+02
	840	597	210.000000	59.250000	9.985112e+02
	702	598	175.500000	59.500000	1.019881e+03
	921	600	230.250000	60.000000	1.007051e+03
	939	600	234.750000	60.000000	1.008251e+03
