2015	2	12	250	15
	660	422	165.000000	15.500000	1.010972e+03
	968	423	242.000000	15.750000	1.011808e+03
	966	424	241.500000	16.000000	1.011742e+03
	960	426	240.000000	16.500000	1.012152e+03
	987	427	246.750000	16.750000	1.012927e+03
	990	429	247.500000	17.250000	1.013048e+03
	731	432	182.750000	18.000000	1.011963e+03
	732	432	183.000000	18.000000	1.011963e+03
	733	432	183.250000	18.000000	1.011963e+03
	769	432	192.250000	18.000000	1.012087e+03
	810	432	202.500000	18.000000	1.012784e+03
	951	432	237.750000	18.000000	1.013389e+03
	976	433	244.000000	18.250000	1.012556e+03
	981	434	245.250000	18.500000	1.012629e+03
	972	435	243.000000	18.750000	1.012564e+03
	984	435	246.000000	18.750000	1.012728e+03
	992	435	248.000000	18.750000	1.012813e+03
	755	437	188.750000	19.250000	1.012198e+03
	759	438	189.750000	19.500000	1.012176e+03
	814	438	203.500000	19.500000	1.013098e+03
	989	438	247.250000	19.500000	1.012714e+03
	762	439	190.500000	19.750000	1.012223e+03
	764	439	191.000000	19.750000	1.012223e+03
	815	440	203.750000	20.000000	1.013162e+03
	821	440	205.250000	20.000000	1.013561e+03
	767	441	191.750000	20.250000	1.012188e+03
	808	442	202.000000	20.500000	1.013222e+03
	823	442	205.750000	20.500000	1.013603e+03
	721	444	180.250000	21.000000	1.011133e+03
	799	444	199.750000	21.000000	1.013248e+03
	803	444	200.750000	21.000000	1.013297e+03
	817	444	204.250000	21.000000	1.013422e+03
	820	444	205.000000	21.000000	1.013478e+03
	814	445	203.500000	21.250000	1.013389e+03
	823	445	205.750000	21.250000	1.013557e+03
	735	446	183.750000	21.500000	1.011233e+03
	802	446	200.500000	21.500000	1.013268e+03
	811	446	202.750000	21.500000	1.013304e+03
	800	447	200.000000	21.750000	1.013254e+03
	813	447	203.250000	21.750000	1.013283e+03
	815	448	203.750000	22.000000	1.013292e+03
	750	449	187.500000	22.250000	1.011666e+03
	821	449	205.250000	22.250000	1.013316e+03
	804	451	201.000000	22.750000	1.013169e+03
	825	451	206.250000	22.750000	1.013254e+03
	999	451	249.750000	22.750000	1.013281e+03
	789	452	197.250000	23.000000	1.013249e+03
	998	453	249.500000	23.250000	1.013342e+03
	783	454	195.750000	23.500000	1.013413e+03
	796	454	199.000000	23.500000	1.013089e+03
	858	454	214.500000	23.500000	1.013707e+03
	865	454	216.250000	23.500000	1.013828e+03
	828	455	207.000000	23.750000	1.013252e+03
	860	455	215.000000	23.750000	1.013606e+03
	869	455	217.250000	23.750000	1.013967e+03
	997	455	249.250000	23.750000	1.013403e+03
	861	456	215.250000	24.000000	1.013606e+03
	995	456	248.750000	24.000000	1.013451e+03
	769	457	192.250000	24.250000	1.012478e+03
	992	457	248.000000	24.250000	1.013441e+03
	870	458	217.500000	24.500000	1.013951e+03
	864	460	216.000000	25.000000	1.013714e+03
	986	461	246.500000	25.250000	1.013129e+03
	991	464	247.750000	26.000000	1.012944e+03
	989	465	247.250000	26.250000	1.012936e+03
	845	466	211.250000	26.500000	1.012671e+03
	997	470	249.250000	27.500000	1.011426e+03
	757	471	189.250000	27.750000	1.010342e+03
	830	471	207.500000	27.750000	1.012049e+03
	995	471	248.750000	27.750000	1.011446e+03
	958	472	239.500000	28.000000	1.017459e+03
	986	472	246.500000	28.000000	1.013989e+03
	842	473	210.500000	28.250000	1.012092e+03
	984	473	246.000000	28.250000	1.014242e+03
	758	474	189.500000	28.500000	1.010441e+03
	712	476	178.000000	29.000000	1.001059e+03
	980	477	245.000000	29.250000	1.015469e+03
	761	479	190.250000	29.750000	1.010362e+03
	764	479	191.000000	29.750000	1.010394e+03
	958	481	239.500000	30.250000	1.017273e+03
	975	482	243.750000	30.500000	1.017486e+03
	958	483	239.500000	30.750000	1.017268e+03
	747	484	186.750000	31.000000	1.009392e+03
	971	490	242.750000	32.500000	1.018643e+03
	965	502	241.250000	35.500000	1.021626e+03
	952	503	238.000000	35.750000	1.020138e+03
	999	503	249.750000	35.750000	1.029878e+03
	963	504	240.750000	36.000000	1.022257e+03
	980	505	245.000000	36.250000	1.025672e+03
	984	505	246.000000	36.250000	1.025674e+03
	720	506	180.000000	36.500000	1.006238e+03
	998	506	249.500000	36.500000	1.029652e+03
	717	507	179.250000	36.750000	1.006257e+03
	989	507	247.250000	36.750000	1.028558e+03
	728	509	182.000000	37.250000	1.007581e+03
	961	510	240.250000	37.500000	1.021918e+03
	987	510	246.750000	37.500000	1.027774e+03
	1000	512	250.000000	38.000000	1.029132e+03
	958	513	239.500000	38.250000	1.021673e+03
	984	513	246.000000	38.250000	1.027631e+03
	709	514	177.250000	38.500000	1.005736e+03
	990	514	247.500000	38.500000	1.028046e+03
	994	514	248.500000	38.500000	1.028127e+03
	947	516	236.750000	39.000000	1.021381e+03
	956	516	239.000000	39.000000	1.021424e+03
	992	516	248.000000	39.000000	1.028502e+03
	969	517	242.250000	39.250000	1.025071e+03
	974	517	243.500000	39.250000	1.025748e+03
	979	517	244.750000	39.250000	1.026918e+03
	983	517	245.750000	39.250000	1.026526e+03
	955	518	238.750000	39.500000	1.021706e+03
	987	518	246.750000	39.500000	1.028961e+03
	995	518	248.750000	39.500000	1.028629e+03
	945	519	236.250000	39.750000	1.021348e+03
	1000	519	250.000000	39.750000	1.028472e+03
	982	520	245.500000	40.000000	1.027107e+03
	969	522	242.250000	40.500000	1.025772e+03
	978	522	244.500000	40.500000	1.026947e+03
	989	522	247.250000	40.500000	1.028723e+03
	994	523	248.500000	40.750000	1.028944e+03
	1000	524	250.000000	41.000000	1.025874e+03
	871	525	217.750000	41.250000	9.965956e+02
	951	525	237.750000	41.250000	1.023188e+03
	958	525	239.500000	41.250000	1.024128e+03
	975	526	243.750000	41.500000	1.025864e+03
	994	526	248.500000	41.500000	1.029443e+03
	869	527	217.250000	41.750000	9.967444e+02
	945	528	236.250000	42.000000	1.022581e+03
	962	528	240.500000	42.000000	1.024696e+03
	970	528	242.500000	42.000000	1.025688e+03
	979	528	244.750000	42.000000	1.025566e+03
	984	529	246.000000	42.250000	1.026914e+03
	994	529	248.500000	42.250000	1.030184e+03
	999	529	249.750000	42.250000	1.026033e+03
	957	530	239.250000	42.500000	1.023614e+03
	966	531	241.500000	42.750000	1.025539e+03
	974	531	243.500000	42.750000	1.026184e+03
	990	531	247.500000	42.750000	1.029471e+03
	945	532	236.250000	43.000000	1.022998e+03
	968	533	242.000000	43.250000	1.027604e+03
	994	534	248.500000	43.500000	1.029139e+03
	950	535	237.500000	43.750000	1.022556e+03
	955	535	238.750000	43.750000	1.023824e+03
	983	536	245.750000	44.000000	1.025577e+03
	963	537	240.750000	44.250000	1.025221e+03
	844	538	211.000000	44.500000	9.840219e+02
	987	538	246.750000	44.500000	1.025594e+03
	952	539	238.000000	44.750000	1.021862e+03
	957	539	239.250000	44.750000	1.023277e+03
	992	540	248.000000	45.000000	1.026358e+03
	961	541	240.250000	45.250000	1.023618e+03
	965	541	241.250000	45.250000	1.023104e+03
	971	542	242.750000	45.500000	1.024518e+03
	987	542	246.750000	45.500000	1.025614e+03
	996	542	249.000000	45.500000	1.023152e+03
	945	544	236.250000	46.000000	1.022392e+03
	978	544	244.500000	46.000000	1.025123e+03
	951	545	237.750000	46.250000	1.021742e+03
	969	545	242.250000	46.250000	1.023329e+03
	991	545	247.750000	46.250000	1.022556e+03
	981	546	245.250000	46.500000	1.025131e+03
	953	547	238.250000	46.750000	1.021437e+03
	970	548	242.500000	47.000000	1.024267e+03
	1000	549	250.000000	47.250000	1.017741e+03
	944	551	236.000000	47.750000	1.021162e+03
	961	551	240.250000	47.750000	1.025068e+03
	996	551	249.000000	47.750000	1.019171e+03
	953	552	238.250000	48.000000	1.022176e+03
	976	552	244.000000	48.000000	1.025249e+03
	980	552	245.000000	48.000000	1.024971e+03
	879	553	219.750000	48.250000	9.909182e+02
	990	553	247.500000	48.250000	1.017643e+03
	971	555	242.750000	48.750000	1.025076e+03
	989	555	247.250000	48.750000	1.017851e+03
	997	555	249.250000	48.750000	1.018678e+03
	945	556	236.250000	49.000000	1.022194e+03
	951	556	237.750000	49.000000	1.022593e+03
	941	557	235.250000	49.250000	1.021657e+03
	959	557	239.750000	49.250000	1.021754e+03
	986	557	246.500000	49.250000	1.018266e+03
	992	559	248.000000	49.750000	1.018352e+03
	681	560	170.250000	50.000000	1.016489e+03
	959	560	239.750000	50.000000	1.021922e+03
	678	562	169.500000	50.500000	1.016499e+03
	954	562	238.500000	50.500000	1.022056e+03
	975	562	243.750000	50.500000	1.022968e+03
	988	562	247.000000	50.500000	1.016604e+03
	802	563	200.500000	50.750000	9.844081e+02
	965	563	241.250000	50.750000	1.022771e+03
	677	564	169.250000	51.000000	1.016534e+03
	960	564	240.000000	51.000000	1.023284e+03
	973	564	243.250000	51.000000	1.023823e+03
	950	565	237.500000	51.250000	1.019233e+03
	990	565	247.500000	51.250000	1.018433e+03
	947	566	236.750000	51.500000	1.017614e+03
	970	566	242.500000	51.500000	1.023449e+03
	985	567	246.250000	51.750000	1.016411e+03
	941	568	235.250000	52.000000	1.019417e+03
	668	570	167.000000	52.500000	1.016933e+03
	935	570	233.750000	52.500000	1.016307e+03
	980	570	245.000000	52.500000	1.015943e+03
	884	571	221.000000	52.750000	9.996256e+02
	975	572	243.750000	53.000000	1.015377e+03
	940	573	235.000000	53.250000	1.016179e+03
	954	573	238.500000	53.250000	1.018911e+03
	972	573	243.000000	53.250000	1.016144e+03
	934	574	233.500000	53.500000	1.016654e+03
	661	575	165.250000	53.750000	1.017579e+03
	931	575	232.750000	53.750000	1.016611e+03
	885	576	221.250000	54.000000	9.994594e+02
	927	576	231.750000	54.000000	1.015484e+03
	952	576	238.000000	54.000000	1.018534e+03
	974	576	243.500000	54.000000	1.015958e+03
	939	577	234.750000	54.250000	1.016756e+03
	966	577	241.500000	54.250000	1.015007e+03
	962	579	240.500000	54.750000	1.014283e+03
	980	580	245.000000	55.000000	1.015761e+03
	937	582	234.250000	55.500000	1.017178e+03
	958	582	239.500000	55.500000	1.014168e+03
	985	582	246.250000	55.500000	1.017002e+03
	941	583	235.250000	55.750000	1.017296e+03
	929	584	232.250000	56.000000	1.015882e+03
	996	584	249.000000	56.000000	1.018379e+03
	958	585	239.500000	56.250000	1.014407e+03
	962	587	240.500000	56.750000	1.014732e+03
	976	587	244.000000	56.750000	1.017077e+03
	934	589	233.500000	57.250000	1.015213e+03
	1000	589	250.000000	57.250000	1.018359e+03
	948	590	237.000000	57.500000	1.012042e+03
	989	590	247.250000	57.500000	1.017701e+03
	860	591	215.000000	57.750000	1.003794e+03
	918	591	229.500000	57.750000	1.011956e+03
	856	592	214.000000	58.000000	1.003762e+03
	921	593	230.250000	58.250000	1.012543e+03
	890	594	222.500000	58.500000	1.005411e+03
	942	594	235.500000	58.500000	1.011122e+03
	711	595	177.750000	58.750000	1.015847e+03
	927	595	231.750000	58.750000	1.011322e+03
	839	596	209.750000	59.000000	1.002632e+03
	902	596	225.500000	59.000000	1.007141e+03
	921	596	230.250000	59.000000	1.012011e+03
	954	596	238.500000	59.000000	1.019551e+03
	977	596	244.250000	59.000000	1.017406e+03
	962	597	240.500000	59.250000	1.020754e+03
	919	598	229.750000	59.500000	1.009831e+03
	967	598	241.750000	59.500000	1.021147e+03
	702	599	175.500000	59.750000	1.015611e+03
	907	599	226.750000	59.750000	1.009597e+03
	898	600	224.500000	60.000000	1.007881e+03
	937	600	234.250000	60.000000	1.014347e+03
