2014	10	30	162	21
	666	420	166.500000	15.000000	1.011834e+03
	714	424	178.500000	16.000000	1.013386e+03
	671	425	167.750000	16.250000	1.011764e+03
	673	427	168.250000	16.750000	1.011789e+03
	816	435	204.000000	18.750000	1.016376e+03
	681	436	170.250000	19.000000	1.011979e+03
	815	440	203.750000	20.000000	1.016604e+03
	820	441	205.000000	20.250000	1.018686e+03
	684	445	171.000000	21.250000	1.012379e+03
	960	455	240.000000	23.750000	1.015741e+03
	709	456	177.250000	24.000000	1.014959e+03
	998	456	249.500000	24.000000	1.011794e+03
	996	458	249.000000	24.500000	1.011919e+03
	963	464	240.750000	26.000000	1.015544e+03
	996	464	249.000000	26.000000	1.011911e+03
	993	467	248.250000	26.750000	1.011771e+03
	700	468	175.000000	27.000000	1.014724e+03
	988	468	247.000000	27.000000	1.012326e+03
	990	472	247.500000	28.000000	1.012026e+03
	999	474	249.750000	28.500000	1.010581e+03
	994	476	248.500000	29.000000	1.010951e+03
	986	477	246.500000	29.250000	1.011966e+03
	997	477	249.250000	29.250000	1.010854e+03
	992	478	248.000000	29.500000	1.011326e+03
	984	480	246.000000	30.000000	1.012231e+03
	992	482	248.000000	30.500000	1.011374e+03
	709	483	177.250000	30.750000	1.012254e+03
	982	483	245.500000	30.750000	1.012241e+03
	975	484	243.750000	31.000000	1.014334e+03
	987	487	246.750000	31.750000	1.011574e+03
	991	487	247.750000	31.750000	1.012094e+03
	714	488	178.500000	32.000000	1.011424e+03
	996	488	249.000000	32.000000	1.012746e+03
	960	489	240.000000	32.250000	1.014419e+03
	992	489	248.000000	32.250000	1.012114e+03
	978	491	244.500000	32.750000	1.012151e+03
	973	492	243.250000	33.000000	1.013511e+03
	988	492	247.000000	33.000000	1.011456e+03
	993	492	248.250000	33.000000	1.011776e+03
	959	494	239.750000	33.500000	1.014016e+03
	982	494	245.500000	33.500000	1.012166e+03
	985	494	246.250000	33.500000	1.012296e+03
	971	495	242.750000	33.750000	1.012574e+03
	983	496	245.750000	34.000000	1.012256e+03
	966	497	241.500000	34.250000	1.012974e+03
	979	497	244.750000	34.250000	1.012914e+03
	971	498	242.750000	34.500000	1.012919e+03
	982	499	245.500000	34.750000	1.012749e+03
	952	500	238.000000	35.000000	1.013529e+03
	976	500	244.000000	35.000000	1.012934e+03
	964	501	241.000000	35.250000	1.010726e+03
	984	502	246.000000	35.500000	1.013791e+03
	962	503	240.500000	35.750000	1.010994e+03
	971	503	242.750000	35.750000	1.013451e+03
	975	503	243.750000	35.750000	1.013269e+03
	960	505	240.000000	36.250000	1.010806e+03
	983	505	245.750000	36.250000	1.013634e+03
	706	506	176.500000	36.500000	1.019419e+03
	972	506	243.000000	36.500000	1.013476e+03
	975	506	243.750000	36.500000	1.013386e+03
	989	506	247.250000	36.500000	1.015511e+03
	959	507	239.750000	36.750000	1.010919e+03
	985	508	246.250000	37.000000	1.014386e+03
	708	509	177.000000	37.250000	1.019409e+03
	967	509	241.750000	37.250000	1.014369e+03
	972	509	243.000000	37.250000	1.014194e+03
	956	510	239.000000	37.500000	1.011031e+03
	999	510	249.750000	37.500000	1.019041e+03
	709	511	177.250000	37.750000	1.019396e+03
	986	511	246.500000	37.750000	1.015649e+03
	969	512	242.250000	38.000000	1.013944e+03
	954	515	238.500000	38.750000	1.011294e+03
	962	515	240.500000	38.750000	1.012741e+03
	991	515	247.750000	38.750000	1.016489e+03
	967	516	241.750000	39.000000	1.012559e+03
	948	517	237.000000	39.250000	1.011426e+03
	992	517	248.000000	39.250000	1.016636e+03
	715	518	178.750000	39.500000	1.018981e+03
	952	518	238.000000	39.500000	1.010859e+03
	968	518	242.000000	39.500000	1.012876e+03
	1000	518	250.000000	39.500000	1.020134e+03
	948	519	237.000000	39.750000	1.011361e+03
	959	519	239.750000	39.750000	1.012064e+03
	987	519	246.750000	39.750000	1.017471e+03
	979	520	244.750000	40.000000	1.015394e+03
	993	520	248.250000	40.000000	1.016859e+03
	950	521	237.500000	40.250000	1.011139e+03
	968	522	242.000000	40.500000	1.013704e+03
	955	524	238.750000	41.000000	1.011141e+03
	978	524	244.500000	41.000000	1.015016e+03
	993	524	248.250000	41.000000	1.018111e+03
	950	527	237.500000	41.750000	1.009989e+03
	973	528	243.250000	42.000000	1.013366e+03
	977	529	244.250000	42.250000	1.014036e+03
	948	530	237.000000	42.500000	1.008921e+03
	970	530	242.500000	42.500000	1.012951e+03
	963	531	240.750000	42.750000	1.011891e+03
	990	532	247.500000	43.000000	1.018266e+03
	950	533	237.500000	43.250000	1.009294e+03
	955	533	238.750000	43.250000	1.010426e+03
	976	533	244.000000	43.250000	1.014639e+03
	973	534	243.250000	43.500000	1.014099e+03
	951	535	237.750000	43.750000	1.009211e+03
	955	537	238.750000	44.250000	1.009056e+03
	958	539	239.500000	44.750000	1.010341e+03
	989	540	247.250000	45.000000	1.019764e+03
	951	541	237.750000	45.250000	1.009521e+03
	965	542	241.250000	45.500000	1.011144e+03
	997	542	249.250000	45.500000	1.020709e+03
	1000	542	250.000000	45.500000	1.021344e+03
	894	543	223.500000	45.750000	1.000946e+03
	970	543	242.500000	45.750000	1.013214e+03
	949	546	237.250000	46.500000	1.008506e+03
	984	546	246.000000	46.500000	1.017124e+03
	950	548	237.500000	47.000000	1.008401e+03
	974	549	243.500000	47.250000	1.014801e+03
	941	553	235.250000	48.250000	1.006011e+03
	946	553	236.500000	48.250000	1.006299e+03
	987	553	246.750000	48.250000	1.018674e+03
	963	555	240.750000	48.750000	1.014551e+03
	955	558	238.750000	49.500000	1.010249e+03
	984	558	246.000000	49.500000	1.017841e+03
	938	560	234.500000	50.000000	1.005279e+03
	963	560	240.750000	50.000000	1.013304e+03
	970	561	242.500000	50.250000	1.017271e+03
	976	561	244.000000	50.250000	1.019249e+03
	955	562	238.750000	50.500000	1.010196e+03
	973	564	243.250000	51.000000	1.018299e+03
	970	566	242.500000	51.500000	1.017546e+03
	910	567	227.500000	51.750000	9.976537e+02
	945	567	236.250000	51.750000	1.003176e+03
	978	568	244.500000	52.000000	1.012474e+03
	914	570	228.500000	52.500000	9.975262e+02
	972	572	243.000000	53.000000	1.011494e+03
	939	574	234.750000	53.500000	1.000504e+03
	725	575	181.250000	53.750000	9.799562e+02
	965	576	241.250000	54.000000	1.008186e+03
	960	578	240.000000	54.500000	1.008104e+03
	913	579	228.250000	54.750000	9.940963e+02
	913	580	228.250000	55.000000	9.940963e+02
	912	582	228.000000	55.500000	9.944213e+02
	805	583	201.250000	55.750000	1.007724e+03
	925	583	231.250000	55.750000	9.991562e+02
	903	585	225.750000	56.250000	9.973038e+02
	915	586	228.750000	56.500000	9.963738e+02
	804	588	201.000000	57.000000	1.008159e+03
	902	588	225.500000	57.000000	9.972288e+02
	912	589	228.000000	57.250000	9.959012e+02
	910	591	227.500000	57.750000	9.961937e+02
	916	591	229.000000	57.750000	9.962438e+02
	898	592	224.500000	58.000000	9.968438e+02
	824	593	206.000000	58.250000	1.001926e+03
	894	594	223.500000	58.500000	9.966588e+02
	912	595	228.000000	58.750000	9.954113e+02
	933	596	233.250000	59.000000	1.001219e+03
	880	597	220.000000	59.250000	9.918488e+02
	890	598	222.500000	59.500000	9.949537e+02
	904	598	226.000000	59.500000	9.957338e+02
	975	598	243.750000	59.500000	1.014764e+03
	874	599	218.500000	59.750000	9.928513e+02
	864	600	216.000000	60.000000	9.924612e+02
	870	600	217.500000	60.000000	9.927838e+02
