2015	2	23	186	12
	739	420	184.750000	15.000000	1.012103e+03
	914	420	228.500000	15.000000	1.009448e+03
	713	421	178.250000	15.250000	1.011418e+03
	921	421	230.250000	15.250000	1.009546e+03
	749	424	187.250000	16.000000	1.011866e+03
	719	425	179.750000	16.250000	1.011563e+03
	749	425	187.250000	16.250000	1.011866e+03
	750	425	187.500000	16.250000	1.011866e+03
	774	425	193.500000	16.250000	1.012456e+03
	721	426	180.250000	16.500000	1.011613e+03
	760	426	190.000000	16.500000	1.012093e+03
	761	426	190.250000	16.500000	1.012093e+03
	725	428	181.250000	17.000000	1.011743e+03
	896	428	224.000000	17.000000	1.010223e+03
	909	428	227.250000	17.000000	1.009321e+03
	727	429	181.750000	17.250000	1.011788e+03
	729	430	182.250000	17.500000	1.011823e+03
	732	431	183.000000	17.750000	1.011806e+03
	903	432	225.750000	18.000000	1.010206e+03
	734	433	183.500000	18.250000	1.011731e+03
	991	433	247.750000	18.250000	1.012163e+03
	698	435	174.500000	18.750000	1.013666e+03
	739	436	184.750000	19.000000	1.011696e+03
	814	438	203.500000	19.500000	1.013976e+03
	918	438	229.500000	19.500000	1.010516e+03
	747	439	186.750000	19.750000	1.011356e+03
	812	439	203.000000	19.750000	1.014043e+03
	815	440	203.750000	20.000000	1.013946e+03
	821	440	205.250000	20.000000	1.015131e+03
	819	441	204.750000	20.250000	1.014933e+03
	746	442	186.500000	20.500000	1.011358e+03
	817	442	204.250000	20.500000	1.014801e+03
	753	443	188.250000	20.750000	1.011186e+03
	756	444	189.000000	21.000000	1.011156e+03
	817	444	204.250000	21.000000	1.015166e+03
	937	449	234.250000	22.250000	1.014656e+03
	1000	451	250.000000	22.750000	1.011638e+03
	768	455	192.000000	23.750000	1.011591e+03
	778	455	194.500000	23.750000	1.012913e+03
	780	456	195.000000	24.000000	1.013028e+03
	780	461	195.000000	25.250000	1.012873e+03
	962	461	240.500000	25.250000	1.016123e+03
	777	462	194.250000	25.500000	1.013088e+03
	967	465	241.750000	26.250000	1.016011e+03
	786	466	196.500000	26.500000	1.013966e+03
	981	469	245.250000	27.250000	1.015701e+03
	959	472	239.750000	28.000000	1.015553e+03
	988	475	247.000000	28.750000	1.014123e+03
	995	476	248.750000	29.000000	1.013601e+03
	999	481	249.750000	30.250000	1.014073e+03
	787	482	196.750000	30.500000	1.007578e+03
	975	482	243.750000	30.500000	1.014426e+03
	982	484	245.500000	31.000000	1.010203e+03
	978	488	244.500000	32.000000	1.010021e+03
	718	489	179.500000	32.250000	9.974456e+02
	984	491	246.000000	32.750000	1.010328e+03
	977	492	244.250000	33.000000	1.010278e+03
	966	493	241.500000	33.250000	1.011706e+03
	986	493	246.500000	33.250000	1.010396e+03
	971	496	242.750000	34.000000	1.012561e+03
	983	496	245.750000	34.000000	1.010056e+03
	729	499	182.250000	34.750000	9.945031e+02
	963	500	240.750000	35.000000	1.012133e+03
	996	500	249.000000	35.000000	1.010356e+03
	985	501	246.250000	35.250000	1.009831e+03
	955	502	238.750000	35.500000	1.011408e+03
	990	502	247.500000	35.500000	1.010841e+03
	972	503	243.000000	35.750000	1.013096e+03
	960	504	240.000000	36.000000	1.011183e+03
	976	504	244.000000	36.000000	1.013131e+03
	960	505	240.000000	36.250000	1.011183e+03
	979	505	244.750000	36.250000	1.014851e+03
	984	505	246.000000	36.250000	1.012496e+03
	972	507	243.000000	36.750000	1.013818e+03
	954	508	238.500000	37.000000	1.011853e+03
	986	508	246.500000	37.000000	1.014688e+03
	956	510	239.000000	37.500000	1.011583e+03
	959	511	239.750000	37.750000	1.011511e+03
	956	512	239.000000	38.000000	1.011571e+03
	969	512	242.250000	38.000000	1.016803e+03
	992	515	248.000000	38.750000	1.021328e+03
	996	515	249.000000	38.750000	1.024761e+03
	758	516	189.500000	39.000000	9.914331e+02
	786	517	196.500000	39.250000	9.969706e+02
	986	518	246.500000	39.500000	1.025151e+03
	991	518	247.750000	39.500000	1.021411e+03
	763	520	190.750000	40.000000	9.915981e+02
	996	522	249.000000	40.500000	1.027223e+03
	964	530	241.000000	42.500000	1.029206e+03
	997	530	249.250000	42.500000	1.033151e+03
	971	531	242.750000	42.750000	1.029108e+03
	984	531	246.000000	42.750000	1.029938e+03
	991	532	247.750000	43.000000	1.031331e+03
	788	533	197.000000	43.250000	1.000516e+03
	977	533	244.250000	43.250000	1.028938e+03
	984	533	246.000000	43.250000	1.029901e+03
	1000	533	250.000000	43.250000	1.033533e+03
	969	536	242.250000	44.000000	1.030353e+03
	988	536	247.000000	44.000000	1.031801e+03
	957	537	239.250000	44.250000	1.031536e+03
	996	537	249.000000	44.250000	1.035098e+03
	993	538	248.250000	44.500000	1.034111e+03
	958	539	239.500000	44.750000	1.032031e+03
	969	540	242.250000	45.000000	1.030991e+03
	996	541	249.000000	45.250000	1.035166e+03
	960	543	240.000000	45.750000	1.032033e+03
	975	543	243.750000	45.750000	1.033108e+03
	987	544	246.750000	46.000000	1.033786e+03
	968	545	242.000000	46.250000	1.031593e+03
	990	545	247.500000	46.250000	1.035853e+03
	1000	545	250.000000	46.250000	1.032441e+03
	981	546	245.250000	46.500000	1.033778e+03
	952	547	238.000000	46.750000	1.028773e+03
	960	549	240.000000	47.250000	1.032696e+03
	999	549	249.750000	47.250000	1.026553e+03
	983	550	245.750000	47.500000	1.035656e+03
	945	551	236.250000	47.750000	1.028203e+03
	953	553	238.250000	48.250000	1.029668e+03
	990	553	247.500000	48.250000	1.025706e+03
	877	554	219.250000	48.500000	1.019941e+03
	952	555	238.000000	48.750000	1.029513e+03
	965	555	241.250000	48.750000	1.032053e+03
	958	556	239.500000	49.000000	1.028946e+03
	964	557	241.000000	49.250000	1.031953e+03
	937	558	234.250000	49.500000	1.028663e+03
	749	559	187.250000	49.750000	1.015376e+03
	750	559	187.500000	49.750000	1.015376e+03
	936	559	234.000000	49.750000	1.028663e+03
	946	559	236.500000	49.750000	1.029253e+03
	750	560	187.500000	50.000000	1.015376e+03
	754	561	188.500000	50.250000	1.015373e+03
	975	561	243.750000	50.250000	1.030543e+03
	985	561	246.250000	50.250000	1.020456e+03
	951	562	237.750000	50.500000	1.029003e+03
	983	563	245.750000	50.750000	1.020308e+03
	945	564	236.250000	51.000000	1.026196e+03
	970	564	242.500000	51.000000	1.032698e+03
	990	564	247.500000	51.000000	1.020541e+03
	987	565	246.750000	51.250000	1.020746e+03
	942	566	235.500000	51.500000	1.026418e+03
	980	567	245.000000	51.750000	1.021071e+03
	936	568	234.000000	52.000000	1.025881e+03
	934	571	233.500000	52.750000	1.027273e+03
	941	571	235.250000	52.750000	1.025848e+03
	974	571	243.500000	52.750000	1.021981e+03
	958	572	239.500000	53.000000	1.029828e+03
	954	573	238.500000	53.250000	1.029886e+03
	934	574	233.500000	53.500000	1.027071e+03
	929	575	232.250000	53.750000	1.027116e+03
	952	575	238.000000	53.750000	1.029753e+03
	967	575	241.750000	53.750000	1.022818e+03
	940	577	235.000000	54.250000	1.028858e+03
	969	577	242.250000	54.250000	1.023133e+03
	964	578	241.000000	54.500000	1.022883e+03
	921	579	230.250000	54.750000	1.028403e+03
	913	580	228.250000	55.000000	1.028533e+03
	945	580	236.250000	55.000000	1.029691e+03
	925	581	231.250000	55.250000	1.029061e+03
	932	581	233.000000	55.250000	1.028846e+03
	966	582	241.500000	55.500000	1.022368e+03
	931	583	232.750000	55.750000	1.028158e+03
	959	583	239.750000	55.750000	1.023523e+03
	920	586	230.000000	56.500000	1.027753e+03
	937	586	234.250000	56.500000	1.025438e+03
	966	588	241.500000	57.000000	1.019738e+03
	939	589	234.750000	57.250000	1.026426e+03
	950	590	237.500000	57.500000	1.018666e+03
	970	590	242.500000	57.500000	1.019861e+03
	992	590	248.000000	57.500000	1.015896e+03
	728	591	182.000000	57.750000	1.000561e+03
	924	591	231.000000	57.750000	1.025531e+03
	956	591	239.000000	57.750000	1.018923e+03
	962	591	240.500000	57.750000	1.019441e+03
	951	593	237.750000	58.250000	1.019151e+03
	912	594	228.000000	58.500000	1.023251e+03
	970	594	242.500000	58.500000	1.019903e+03
	944	595	236.000000	58.750000	1.017928e+03
	982	595	245.500000	58.750000	1.017901e+03
	962	596	240.500000	59.000000	1.020153e+03
	967	596	241.750000	59.000000	1.020148e+03
	971	597	242.750000	59.250000	1.020083e+03
	841	599	210.250000	59.750000	1.012283e+03
	874	599	218.500000	59.750000	1.016511e+03
	941	599	235.250000	59.750000	1.018358e+03
	830	600	207.500000	60.000000	1.010991e+03
	921	600	230.250000	60.000000	1.019588e+03
