2015	6	16	185	15
	973	430	243.250000	17.500000	1.011962e+03
	982	436	245.500000	19.000000	1.011797e+03
	802	437	200.500000	19.250000	1.013364e+03
	814	438	203.500000	19.500000	1.013164e+03
	815	440	203.750000	20.000000	1.013057e+03
	820	441	205.000000	20.250000	1.014052e+03
	817	442	204.250000	20.500000	1.013972e+03
	817	444	204.250000	21.000000	1.014264e+03
	972	456	243.000000	24.000000	1.013074e+03
	996	464	249.000000	26.000000	1.009992e+03
	999	464	249.750000	26.000000	1.009994e+03
	754	465	188.500000	26.250000	1.015804e+03
	990	465	247.500000	26.250000	1.012399e+03
	998	466	249.500000	26.500000	1.009962e+03
	979	467	244.750000	26.750000	1.013147e+03
	998	467	249.500000	26.750000	1.009962e+03
	988	468	247.000000	27.000000	1.012402e+03
	981	469	245.250000	27.250000	1.013049e+03
	782	470	195.500000	27.500000	1.016199e+03
	783	470	195.750000	27.500000	1.016199e+03
	787	472	196.750000	28.000000	1.016234e+03
	979	472	244.750000	28.000000	1.013152e+03
	984	473	246.000000	28.250000	1.012757e+03
	662	474	165.500000	28.500000	1.011279e+03
	760	474	190.000000	28.500000	1.015764e+03
	988	475	247.000000	28.750000	1.010004e+03
	993	475	248.250000	28.750000	1.010119e+03
	802	477	200.500000	29.250000	1.016562e+03
	989	478	247.250000	29.500000	1.009669e+03
	837	483	209.250000	30.750000	1.017602e+03
	982	483	245.500000	30.750000	1.007712e+03
	838	485	209.500000	31.250000	1.017612e+03
	976	485	244.000000	31.250000	1.011484e+03
	757	486	189.250000	31.500000	1.014322e+03
	761	487	190.250000	31.750000	1.014229e+03
	980	487	245.000000	31.750000	1.007942e+03
	822	488	205.500000	32.000000	1.017614e+03
	974	488	243.500000	32.000000	1.011192e+03
	995	489	248.750000	32.250000	1.010717e+03
	831	490	207.750000	32.500000	1.017749e+03
	973	490	243.250000	32.500000	1.011134e+03
	978	491	244.500000	32.750000	1.007837e+03
	988	492	247.000000	33.000000	1.009209e+03
	977	493	244.250000	33.250000	1.007664e+03
	992	493	248.000000	33.250000	1.009582e+03
	971	495	242.750000	33.750000	1.010849e+03
	982	495	245.500000	33.750000	1.008132e+03
	967	496	241.750000	34.000000	1.011267e+03
	828	497	207.000000	34.250000	1.017507e+03
	832	497	208.000000	34.250000	1.017482e+03
	845	497	211.250000	34.250000	1.017369e+03
	962	497	240.500000	34.250000	1.011477e+03
	978	497	244.500000	34.250000	1.008029e+03
	983	497	245.750000	34.250000	1.007987e+03
	828	498	207.000000	34.500000	1.017507e+03
	966	498	241.500000	34.500000	1.011137e+03
	960	499	240.000000	34.750000	1.011064e+03
	982	499	245.500000	34.750000	1.008182e+03
	740	500	185.000000	35.000000	1.014899e+03
	846	500	211.500000	35.000000	1.017344e+03
	969	500	242.250000	35.000000	1.010222e+03
	976	500	244.000000	35.000000	1.008609e+03
	959	501	239.750000	35.250000	1.011089e+03
	963	501	240.750000	35.250000	1.011084e+03
	995	502	248.750000	35.500000	1.013404e+03
	849	503	212.250000	35.750000	1.017352e+03
	975	503	243.750000	35.750000	1.008617e+03
	962	504	240.500000	36.000000	1.011204e+03
	963	504	240.750000	36.000000	1.011204e+03
	981	504	245.250000	36.000000	1.007829e+03
	972	506	243.000000	36.500000	1.007612e+03
	982	506	245.500000	36.500000	1.007274e+03
	976	507	244.000000	36.750000	1.009622e+03
	1000	507	250.000000	36.750000	1.013872e+03
	961	508	240.250000	37.000000	1.011302e+03
	996	509	249.000000	37.250000	1.011642e+03
	980	511	245.000000	37.750000	1.009587e+03
	986	511	246.500000	37.750000	1.010764e+03
	793	512	198.250000	38.000000	1.009344e+03
	958	513	239.500000	38.250000	1.012052e+03
	977	514	244.250000	38.500000	1.010299e+03
	957	515	239.250000	38.750000	1.012242e+03
	1000	515	250.000000	38.750000	1.011264e+03
	986	517	246.500000	39.250000	1.010117e+03
	989	517	247.250000	39.250000	1.009229e+03
	979	518	244.750000	39.500000	1.011924e+03
	952	519	238.000000	39.750000	1.011814e+03
	966	519	241.500000	39.750000	1.013382e+03
	946	520	236.500000	40.000000	1.013339e+03
	969	520	242.250000	40.000000	1.013524e+03
	988	520	247.000000	40.000000	1.010142e+03
	992	520	248.000000	40.000000	1.010982e+03
	754	521	188.500000	40.250000	1.014202e+03
	967	522	241.750000	40.500000	1.013739e+03
	985	523	246.250000	40.750000	1.010487e+03
	988	523	247.000000	40.750000	1.010342e+03
	750	524	187.500000	41.000000	1.014194e+03
	965	524	241.250000	41.000000	1.013734e+03
	968	524	242.000000	41.000000	1.013639e+03
	991	524	247.750000	41.000000	1.010452e+03
	840	525	210.000000	41.250000	1.013684e+03
	854	525	213.500000	41.250000	1.013972e+03
	843	526	210.750000	41.500000	1.013752e+03
	1000	526	250.000000	41.500000	1.014524e+03
	846	527	211.500000	41.750000	1.013807e+03
	961	528	240.250000	42.000000	1.016007e+03
	973	528	243.250000	42.000000	1.013962e+03
	986	530	246.500000	42.500000	1.012624e+03
	980	531	245.000000	42.750000	1.012272e+03
	951	532	237.750000	43.000000	1.016742e+03
	969	532	242.250000	43.000000	1.013532e+03
	977	532	244.250000	43.000000	1.012334e+03
	990	532	247.500000	43.000000	1.012697e+03
	964	534	241.000000	43.500000	1.015097e+03
	972	536	243.000000	44.000000	1.012352e+03
	956	537	239.000000	44.250000	1.016192e+03
	963	539	240.750000	44.750000	1.015674e+03
	996	539	249.000000	44.750000	1.015879e+03
	975	545	243.750000	46.250000	1.013672e+03
	959	546	239.750000	46.500000	1.013392e+03
	972	546	243.000000	46.500000	1.013079e+03
	696	547	174.000000	46.750000	1.009774e+03
	963	547	240.750000	46.750000	1.012592e+03
	968	547	242.000000	46.750000	1.012852e+03
	984	547	246.000000	46.750000	1.015322e+03
	992	548	248.000000	47.000000	1.016069e+03
	993	548	248.250000	47.000000	1.016069e+03
	981	549	245.250000	47.250000	1.015062e+03
	947	551	236.750000	47.750000	1.017499e+03
	1000	551	250.000000	47.750000	1.015672e+03
	984	554	246.000000	48.500000	1.015569e+03
	945	556	236.250000	49.000000	1.016717e+03
	986	557	246.500000	49.250000	1.015284e+03
	976	558	244.000000	49.500000	1.016127e+03
	939	560	234.750000	50.000000	1.016124e+03
	975	560	243.750000	50.000000	1.016154e+03
	945	561	236.250000	50.250000	1.015822e+03
	996	561	249.000000	50.250000	1.015742e+03
	949	562	237.250000	50.500000	1.015642e+03
	963	562	240.750000	50.500000	1.013917e+03
	960	563	240.000000	50.750000	1.013784e+03
	954	565	238.500000	51.250000	1.013402e+03
	960	565	240.000000	51.250000	1.013787e+03
	875	566	218.750000	51.500000	1.015054e+03
	881	569	220.250000	52.250000	1.015479e+03
	979	569	244.750000	52.250000	1.012979e+03
	950	571	237.500000	52.750000	1.013434e+03
	976	572	244.000000	53.000000	1.012979e+03
	952	573	238.000000	53.250000	1.013469e+03
	972	573	243.000000	53.250000	1.013252e+03
	774	574	193.500000	53.500000	1.024602e+03
	950	575	237.500000	53.750000	1.013542e+03
	968	575	242.000000	53.750000	1.013557e+03
	961	577	240.250000	54.250000	1.013887e+03
	785	579	196.250000	54.750000	1.022977e+03
	980	579	245.000000	54.750000	1.012567e+03
	945	580	236.250000	55.000000	1.013117e+03
	941	581	235.250000	55.250000	1.013059e+03
	988	581	247.000000	55.250000	1.012527e+03
	996	581	249.000000	55.250000	1.012559e+03
	1000	581	250.000000	55.250000	1.012617e+03
	992	582	248.000000	55.500000	1.012559e+03
	924	585	231.000000	56.250000	1.014312e+03
	924	586	231.000000	56.500000	1.014312e+03
	814	587	203.500000	56.750000	1.018412e+03
	920	587	230.000000	56.750000	1.014857e+03
	915	588	228.750000	57.000000	1.015287e+03
	825	589	206.250000	57.250000	1.017644e+03
	884	590	221.000000	57.500000	1.013807e+03
	820	591	205.000000	57.750000	1.017342e+03
	930	591	232.500000	57.750000	1.016459e+03
	914	592	228.500000	58.000000	1.015617e+03
	824	593	206.000000	58.250000	1.016989e+03
	906	593	226.500000	58.250000	1.015314e+03
	896	594	224.000000	58.500000	1.014227e+03
	943	594	235.750000	58.500000	1.020749e+03
	978	594	244.500000	58.500000	1.018427e+03
	886	595	221.500000	58.750000	1.013704e+03
	869	596	217.250000	59.000000	1.015544e+03
	827	598	206.750000	59.500000	1.016537e+03
	832	598	208.000000	59.500000	1.016647e+03
	845	599	211.250000	59.750000	1.016104e+03
	877	599	219.250000	59.750000	1.014769e+03
	903	599	225.750000	59.750000	1.016632e+03
	834	600	208.500000	60.000000	1.016667e+03
