2015	6	21	205	18
	692	420	173.000000	15.000000	1.011829e+03
	961	438	240.250000	19.500000	1.013602e+03
	970	439	242.500000	19.750000	1.013712e+03
	810	440	202.500000	20.000000	1.015412e+03
	815	440	203.750000	20.000000	1.014504e+03
	820	441	205.000000	20.250000	1.015659e+03
	980	442	245.000000	20.500000	1.013647e+03
	821	443	205.250000	20.750000	1.015794e+03
	975	445	243.750000	21.250000	1.013812e+03
	991	446	247.750000	21.500000	1.013929e+03
	974	447	243.500000	21.750000	1.013814e+03
	972	448	243.000000	22.000000	1.013807e+03
	993	448	248.250000	22.000000	1.013912e+03
	958	449	239.500000	22.250000	1.014167e+03
	979	451	244.750000	22.750000	1.013987e+03
	962	454	240.500000	23.500000	1.014019e+03
	976	454	244.000000	23.500000	1.014002e+03
	977	454	244.250000	23.500000	1.014002e+03
	952	456	238.000000	24.000000	1.014292e+03
	976	456	244.000000	24.000000	1.014014e+03
	949	457	237.250000	24.250000	1.014207e+03
	977	458	244.250000	24.500000	1.014044e+03
	998	458	249.500000	24.500000	1.013409e+03
	982	459	245.500000	24.750000	1.014014e+03
	996	464	249.000000	26.000000	1.012674e+03
	972	465	243.000000	26.250000	1.014489e+03
	993	467	248.250000	26.750000	1.012207e+03
	988	468	247.000000	27.000000	1.013792e+03
	975	470	243.750000	27.500000	1.014494e+03
	986	470	246.500000	27.500000	1.013954e+03
	1000	470	250.000000	27.500000	1.012304e+03
	976	472	244.000000	28.000000	1.014514e+03
	990	472	247.500000	28.000000	1.012409e+03
	998	473	249.500000	28.250000	1.012462e+03
	988	475	247.000000	28.750000	1.012059e+03
	994	475	248.500000	28.750000	1.012054e+03
	972	476	243.000000	29.000000	1.014622e+03
	865	479	216.250000	29.750000	1.018417e+03
	974	479	243.500000	29.750000	1.014657e+03
	985	479	246.250000	29.750000	1.010602e+03
	999	481	249.750000	30.250000	1.013582e+03
	982	482	245.500000	30.500000	1.009732e+03
	973	483	243.250000	30.750000	1.014829e+03
	981	484	245.250000	31.000000	1.009812e+03
	988	484	247.000000	31.000000	1.010632e+03
	875	486	218.750000	31.500000	1.018082e+03
	979	488	244.750000	32.000000	1.009242e+03
	995	489	248.750000	32.250000	1.011944e+03
	978	491	244.500000	32.750000	1.009267e+03
	988	492	247.000000	33.000000	1.010494e+03
	992	493	248.000000	33.250000	1.010959e+03
	998	493	249.500000	33.250000	1.012214e+03
	982	495	245.500000	33.750000	1.009807e+03
	766	497	191.500000	34.250000	1.024929e+03
	978	497	244.500000	34.250000	1.009342e+03
	961	498	240.250000	34.500000	1.014052e+03
	992	498	248.000000	34.500000	1.012557e+03
	975	500	243.750000	35.000000	1.008042e+03
	981	500	245.250000	35.000000	1.009742e+03
	990	500	247.500000	35.000000	1.012467e+03
	963	501	240.750000	35.250000	1.012327e+03
	995	502	248.750000	35.500000	1.010267e+03
	970	503	242.500000	35.750000	1.008007e+03
	974	503	243.500000	35.750000	1.007562e+03
	963	504	240.750000	36.000000	1.012357e+03
	980	504	245.000000	36.000000	1.007279e+03
	990	504	247.500000	36.000000	1.011732e+03
	960	505	240.000000	36.250000	1.012654e+03
	972	506	243.000000	36.500000	1.006667e+03
	982	506	245.500000	36.500000	1.006974e+03
	977	507	244.250000	36.750000	1.008042e+03
	984	508	246.000000	37.000000	1.008137e+03
	994	508	248.500000	37.000000	1.009167e+03
	1000	508	250.000000	37.000000	1.009267e+03
	972	510	243.000000	37.500000	1.008569e+03
	997	510	249.250000	37.500000	1.008489e+03
	986	511	246.500000	37.750000	1.009514e+03
	968	512	242.000000	38.000000	1.008852e+03
	980	512	245.000000	38.000000	1.008617e+03
	977	514	244.250000	38.500000	1.007697e+03
	997	514	249.250000	38.500000	1.006819e+03
	967	515	241.750000	38.750000	1.008654e+03
	1000	515	250.000000	38.750000	1.006302e+03
	951	517	237.750000	39.250000	1.012094e+03
	972	517	243.000000	39.250000	1.009634e+03
	989	518	247.250000	39.500000	1.005654e+03
	966	519	241.500000	39.750000	1.008602e+03
	969	520	242.250000	40.000000	1.008832e+03
	987	520	246.750000	40.000000	1.005319e+03
	666	521	166.500000	40.250000	1.004907e+03
	713	521	178.250000	40.250000	1.013142e+03
	950	522	237.500000	40.500000	1.011474e+03
	991	522	247.750000	40.500000	1.005497e+03
	972	523	243.000000	40.750000	1.008462e+03
	976	524	244.000000	41.000000	1.009227e+03
	738	525	184.500000	41.250000	1.011497e+03
	985	525	246.250000	41.250000	1.006427e+03
	958	526	239.500000	41.500000	1.010199e+03
	967	526	241.750000	41.500000	1.008444e+03
	999	526	249.750000	41.500000	1.006102e+03
	950	527	237.500000	41.750000	1.010442e+03
	991	527	247.750000	41.750000	1.006509e+03
	966	529	241.500000	42.250000	1.007864e+03
	973	529	243.250000	42.250000	1.007527e+03
	948	530	237.000000	42.500000	1.011302e+03
	969	531	242.250000	42.750000	1.006699e+03
	981	531	245.250000	42.750000	1.004849e+03
	986	531	246.500000	42.750000	1.004767e+03
	689	532	172.250000	43.000000	1.012594e+03
	957	533	239.250000	43.250000	1.008247e+03
	964	533	241.000000	43.250000	1.007804e+03
	974	534	243.500000	43.500000	1.006294e+03
	968	535	242.000000	43.750000	1.007227e+03
	997	535	249.250000	43.750000	1.008487e+03
	972	536	243.000000	44.000000	1.006224e+03
	956	537	239.000000	44.250000	1.008809e+03
	984	538	246.000000	44.500000	1.007372e+03
	980	540	245.000000	45.000000	1.007967e+03
	877	541	219.250000	45.250000	1.007867e+03
	983	541	245.750000	45.250000	1.007719e+03
	959	542	239.750000	45.500000	1.009774e+03
	993	543	248.250000	45.750000	1.006307e+03
	966	545	241.500000	46.250000	1.008684e+03
	984	545	246.000000	46.250000	1.007779e+03
	989	545	247.250000	46.250000	1.007454e+03
	954	546	238.500000	46.500000	1.010404e+03
	969	546	242.250000	46.500000	1.008489e+03
	972	546	243.000000	46.500000	1.008564e+03
	976	546	244.000000	46.500000	1.008622e+03
	992	547	248.000000	46.750000	1.006967e+03
	954	548	238.500000	47.000000	1.010609e+03
	947	550	236.750000	47.500000	1.011669e+03
	974	550	243.500000	47.500000	1.008994e+03
	981	550	245.250000	47.500000	1.008579e+03
	989	551	247.250000	47.750000	1.008819e+03
	734	553	183.500000	48.250000	1.007364e+03
	955	553	238.750000	48.250000	1.011074e+03
	982	553	245.500000	48.250000	1.008647e+03
	943	555	235.750000	48.750000	1.012572e+03
	958	555	239.500000	48.750000	1.011332e+03
	984	555	246.000000	48.750000	1.009032e+03
	780	556	195.000000	49.000000	1.006124e+03
	940	556	235.000000	49.000000	1.012924e+03
	950	556	237.500000	49.000000	1.011652e+03
	937	558	234.250000	49.500000	1.013037e+03
	944	560	236.000000	50.000000	1.013274e+03
	930	561	232.500000	50.250000	1.013857e+03
	739	563	184.750000	50.750000	1.006719e+03
	953	563	238.250000	50.750000	1.014437e+03
	950	564	237.500000	51.000000	1.014337e+03
	977	564	244.250000	51.000000	1.012564e+03
	934	565	233.500000	51.250000	1.013942e+03
	773	567	193.250000	51.750000	1.006309e+03
	941	568	235.250000	52.000000	1.014289e+03
	967	568	241.750000	52.000000	1.012857e+03
	972	568	243.000000	52.000000	1.012687e+03
	929	569	232.250000	52.250000	1.014482e+03
	978	569	244.500000	52.250000	1.012269e+03
	935	570	233.750000	52.500000	1.014192e+03
	965	570	241.250000	52.500000	1.012799e+03
	913	571	228.250000	52.750000	1.016844e+03
	940	571	235.000000	52.750000	1.014214e+03
	978	572	244.500000	53.000000	1.012187e+03
	911	574	227.750000	53.500000	1.017072e+03
	936	574	234.000000	53.500000	1.014702e+03
	931	575	232.750000	53.750000	1.014869e+03
	961	575	240.250000	53.750000	1.013462e+03
	921	577	230.250000	54.250000	1.015284e+03
	928	577	232.000000	54.250000	1.014862e+03
	981	579	245.250000	54.750000	1.010724e+03
	911	581	227.750000	55.250000	1.016674e+03
	981	584	245.250000	56.000000	1.010877e+03
	941	585	235.250000	56.250000	1.013167e+03
	800	586	200.000000	56.500000	1.016212e+03
	941	586	235.250000	56.500000	1.013167e+03
	973	586	243.250000	56.500000	1.010647e+03
	908	587	227.000000	56.750000	1.017004e+03
	969	587	242.250000	56.750000	1.010657e+03
	964	588	241.000000	57.000000	1.010077e+03
	846	590	211.500000	57.500000	1.019922e+03
	904	590	226.000000	57.500000	1.017389e+03
	974	590	243.500000	57.500000	1.010437e+03
	678	591	169.500000	57.750000	1.015439e+03
	690	591	172.500000	57.750000	1.015327e+03
	826	591	206.500000	57.750000	1.019424e+03
	898	591	224.500000	57.750000	1.017924e+03
	938	591	234.500000	57.750000	1.013217e+03
	972	592	243.000000	58.000000	1.010304e+03
	690	593	172.500000	58.250000	1.015342e+03
	966	593	241.500000	58.250000	1.010162e+03
	967	593	241.750000	58.250000	1.010162e+03
	976	593	244.000000	58.250000	1.010419e+03
	977	593	244.250000	58.250000	1.010419e+03
	918	594	229.500000	58.500000	1.014044e+03
	954	594	238.500000	58.500000	1.010669e+03
	819	595	204.750000	58.750000	1.018182e+03
	940	595	235.000000	58.750000	1.012202e+03
	813	596	203.250000	59.000000	1.019037e+03
	859	597	214.750000	59.250000	1.020689e+03
	984	598	246.000000	59.500000	1.009912e+03
	747	599	186.750000	59.750000	1.015172e+03
	932	599	233.000000	59.750000	1.011124e+03
	689	600	172.250000	60.000000	1.015252e+03
	838	600	209.500000	60.000000	1.020357e+03
	928	600	232.000000	60.000000	1.010827e+03
