2015	8	29	209	15
	734	420	183.500000	15.000000	1.005792e+03
	663	421	165.750000	15.250000	1.009564e+03
	901	421	225.250000	15.250000	1.010369e+03
	671	423	167.750000	15.750000	1.009394e+03
	855	424	213.750000	16.000000	9.849219e+02
	667	426	166.750000	16.500000	1.009239e+03
	988	428	247.000000	17.000000	1.011754e+03
	743	431	185.750000	17.750000	9.968144e+02
	955	431	238.750000	17.750000	1.011947e+03
	704	432	176.000000	18.000000	1.008329e+03
	994	432	248.500000	18.000000	1.011647e+03
	812	436	203.000000	19.000000	1.010079e+03
	815	436	203.750000	19.000000	1.010054e+03
	819	436	204.750000	19.000000	1.010054e+03
	684	437	171.000000	19.250000	1.009324e+03
	788	437	197.000000	19.250000	1.010057e+03
	684	438	171.000000	19.500000	1.009324e+03
	814	438	203.500000	19.500000	1.010077e+03
	815	440	203.750000	20.000000	1.010062e+03
	820	441	205.000000	20.250000	1.010872e+03
	817	442	204.250000	20.500000	1.010762e+03
	821	443	205.250000	20.750000	1.010969e+03
	814	445	203.500000	21.250000	1.011044e+03
	660	446	165.000000	21.500000	1.010319e+03
	685	446	171.250000	21.500000	1.009652e+03
	802	446	200.500000	21.500000	1.010899e+03
	818	446	204.500000	21.500000	1.011159e+03
	705	451	176.250000	22.750000	1.009929e+03
	705	452	176.250000	23.000000	1.009929e+03
	685	454	171.250000	23.500000	1.009707e+03
	701	454	175.250000	23.500000	1.010062e+03
	851	455	212.750000	23.750000	1.011779e+03
	997	455	249.250000	23.750000	1.011087e+03
	692	456	173.000000	24.000000	1.009772e+03
	995	456	248.750000	24.000000	1.011059e+03
	895	457	223.750000	24.250000	1.014652e+03
	708	460	177.000000	25.000000	1.010174e+03
	709	460	177.250000	25.000000	1.010174e+03
	993	460	248.250000	25.000000	1.011014e+03
	708	461	177.000000	25.250000	1.010174e+03
	702	462	175.500000	25.500000	1.010327e+03
	992	462	248.000000	25.500000	1.010949e+03
	684	464	171.000000	26.000000	1.009392e+03
	698	464	174.500000	26.000000	1.010079e+03
	996	464	249.000000	26.000000	1.009774e+03
	990	465	247.500000	26.250000	1.010744e+03
	686	466	171.500000	26.500000	1.009404e+03
	995	466	248.750000	26.500000	1.009804e+03
	988	467	247.000000	26.750000	1.011109e+03
	995	467	248.750000	26.750000	1.009804e+03
	981	469	245.250000	27.250000	1.011747e+03
	693	470	173.250000	27.500000	1.009239e+03
	992	470	248.000000	27.500000	1.009734e+03
	985	471	246.250000	27.750000	1.011664e+03
	997	471	249.250000	27.750000	1.009997e+03
	742	473	185.500000	28.250000	1.011574e+03
	984	473	246.000000	28.250000	1.011662e+03
	698	474	174.500000	28.500000	1.009367e+03
	699	474	174.750000	28.500000	1.009367e+03
	726	474	181.500000	28.500000	1.009894e+03
	919	474	229.750000	28.500000	1.016014e+03
	699	475	174.750000	28.750000	1.009367e+03
	703	475	175.750000	28.750000	1.009384e+03
	745	475	186.250000	28.750000	1.011552e+03
	982	475	245.500000	28.750000	1.011624e+03
	988	475	247.000000	28.750000	1.009479e+03
	992	475	248.000000	28.750000	1.009594e+03
	979	477	244.750000	29.250000	1.011459e+03
	923	478	230.750000	29.500000	1.016334e+03
	977	478	244.250000	29.500000	1.011464e+03
	989	478	247.250000	29.500000	1.009297e+03
	713	480	178.250000	30.000000	1.009562e+03
	925	480	231.250000	30.000000	1.016312e+03
	984	480	246.000000	30.000000	1.008629e+03
	710	481	177.500000	30.250000	1.009579e+03
	707	482	176.750000	30.500000	1.009569e+03
	714	482	178.500000	30.500000	1.009557e+03
	982	482	245.500000	30.500000	1.008124e+03
	928	484	232.000000	31.000000	1.016367e+03
	975	484	243.750000	31.000000	1.011274e+03
	973	486	243.250000	31.500000	1.011302e+03
	930	487	232.500000	31.750000	1.016347e+03
	1000	487	250.000000	31.750000	1.015217e+03
	979	488	244.750000	32.000000	1.008202e+03
	971	490	242.750000	32.500000	1.011509e+03
	984	491	246.000000	32.750000	1.008829e+03
	977	492	244.250000	33.000000	1.007822e+03
	988	492	247.000000	33.000000	1.009267e+03
	969	493	242.250000	33.250000	1.011479e+03
	965	494	241.250000	33.500000	1.011799e+03
	981	494	245.250000	33.500000	1.008207e+03
	991	494	247.750000	33.500000	1.009792e+03
	681	496	170.250000	34.000000	1.011294e+03
	681	497	170.250000	34.250000	1.011294e+03
	961	497	240.250000	34.250000	1.011504e+03
	979	497	244.750000	34.250000	1.008937e+03
	982	499	245.500000	34.750000	1.009062e+03
	969	500	242.250000	35.000000	1.012092e+03
	975	500	243.750000	35.000000	1.010179e+03
	996	500	249.000000	35.000000	1.017282e+03
	944	501	236.000000	35.250000	1.015274e+03
	964	501	241.000000	35.250000	1.012814e+03
	955	502	238.750000	35.500000	1.014129e+03
	975	503	243.750000	35.750000	1.009407e+03
	962	504	240.500000	36.000000	1.012797e+03
	990	504	247.500000	36.000000	1.015817e+03
	951	505	237.750000	36.250000	1.015097e+03
	982	505	245.500000	36.250000	1.008839e+03
	996	505	249.000000	36.250000	1.016452e+03
	972	506	243.000000	36.500000	1.008394e+03
	962	507	240.500000	36.750000	1.012962e+03
	989	507	247.250000	36.750000	1.015057e+03
	1000	507	250.000000	36.750000	1.017334e+03
	994	508	248.500000	37.000000	1.016202e+03
	681	510	170.250000	37.500000	1.012112e+03
	995	510	248.750000	37.500000	1.016169e+03
	986	511	246.500000	37.750000	1.014667e+03
	970	512	242.500000	38.000000	1.011502e+03
	947	513	236.750000	38.250000	1.014259e+03
	997	513	249.250000	38.250000	1.017072e+03
	1000	513	250.000000	38.250000	1.016604e+03
	960	514	240.000000	38.500000	1.016717e+03
	977	514	244.250000	38.500000	1.012444e+03
	967	516	241.750000	39.000000	1.010634e+03
	998	517	249.500000	39.250000	1.016997e+03
	990	518	247.500000	39.500000	1.012939e+03
	966	519	241.500000	39.750000	1.009744e+03
	951	522	237.750000	40.500000	1.011589e+03
	985	523	246.250000	40.750000	1.010412e+03
	955	524	238.750000	41.000000	1.011694e+03
	971	524	242.750000	41.000000	1.009959e+03
	978	524	244.500000	41.000000	1.010777e+03
	988	524	247.000000	41.000000	1.010077e+03
	967	525	241.750000	41.250000	1.009679e+03
	957	526	239.250000	41.500000	1.011309e+03
	982	526	245.500000	41.500000	1.010774e+03
	997	526	249.250000	41.500000	1.015807e+03
	973	528	243.250000	42.000000	1.010124e+03
	967	530	241.750000	42.500000	1.008209e+03
	964	533	241.000000	43.250000	1.007132e+03
	975	533	243.750000	43.250000	1.006209e+03
	993	535	248.250000	43.750000	1.012059e+03
	972	536	243.000000	44.000000	1.004702e+03
	969	539	242.250000	44.750000	1.005172e+03
	991	541	247.750000	45.250000	1.012137e+03
	994	543	248.500000	45.750000	1.011182e+03
	966	545	241.500000	46.250000	9.991769e+02
	976	545	244.000000	46.250000	1.002932e+03
	959	546	239.750000	46.500000	1.000227e+03
	984	546	246.000000	46.500000	1.007284e+03
	996	546	249.000000	46.500000	1.010839e+03
	968	547	242.000000	46.750000	9.994394e+02
	932	549	233.000000	47.250000	9.889369e+02
	964	549	241.000000	47.250000	9.993169e+02
	995	550	248.750000	47.500000	1.007544e+03
	983	551	245.750000	47.750000	1.005729e+03
	992	552	248.000000	48.000000	1.007974e+03
	962	553	240.500000	48.250000	9.995894e+02
	982	553	245.500000	48.250000	1.005702e+03
	989	554	247.250000	48.500000	1.007389e+03
	1000	554	250.000000	48.500000	1.008069e+03
	931	555	232.750000	48.750000	9.887693e+02
	963	555	240.750000	48.750000	9.997668e+02
	978	557	244.500000	49.250000	1.005632e+03
	920	558	230.000000	49.500000	9.903019e+02
	985	558	246.250000	49.500000	1.006679e+03
	929	559	232.250000	49.750000	9.897944e+02
	991	559	247.750000	49.750000	1.006324e+03
	958	560	239.500000	50.000000	9.992269e+02
	986	561	246.500000	50.250000	1.006249e+03
	933	563	233.250000	50.750000	9.903219e+02
	975	563	243.750000	50.750000	1.006407e+03
	989	563	247.250000	50.750000	1.006347e+03
	943	565	235.750000	51.250000	9.970294e+02
	983	565	245.750000	51.250000	1.005742e+03
	944	567	236.000000	51.750000	9.965094e+02
	939	570	234.750000	52.500000	9.961869e+02
	985	570	246.250000	52.500000	1.006622e+03
	986	570	246.500000	52.500000	1.006622e+03
	938	573	234.500000	53.250000	9.964294e+02
	912	574	228.000000	53.500000	9.916744e+02
	970	574	242.500000	53.500000	1.004502e+03
	911	576	227.750000	54.000000	9.916443e+02
	893	578	223.250000	54.500000	9.895894e+02
	925	583	231.250000	55.750000	9.971094e+02
	805	585	201.250000	56.250000	1.003477e+03
	828	589	207.000000	57.250000	9.996719e+02
	916	591	229.000000	57.750000	9.957419e+02
	822	592	205.500000	58.000000	9.985793e+02
	978	592	244.500000	58.000000	1.003154e+03
	864	593	216.000000	58.250000	9.933119e+02
	942	593	235.500000	58.250000	1.000579e+03
	952	593	238.000000	58.250000	1.001349e+03
	985	593	246.250000	58.250000	1.003749e+03
	810	594	202.500000	58.500000	9.981094e+02
	890	594	222.500000	58.500000	9.933469e+02
	803	595	200.750000	58.750000	9.985619e+02
	939	595	234.750000	58.750000	1.001447e+03
	992	595	248.000000	58.750000	1.004027e+03
	797	596	199.250000	59.000000	9.985069e+02
	914	596	228.500000	59.000000	9.955369e+02
	961	596	240.250000	59.000000	1.001864e+03
	971	596	242.750000	59.000000	1.002667e+03
	954	597	238.500000	59.250000	1.001274e+03
	998	597	249.500000	59.250000	1.004302e+03
	913	598	228.250000	59.500000	9.955919e+02
	841	599	210.250000	59.750000	9.967419e+02
	879	599	219.750000	59.750000	9.946869e+02
	832	600	208.000000	60.000000	9.984069e+02
