2015	6	2	169	18
	990	421	247.500000	15.250000	1.012924e+03
	969	422	242.250000	15.500000	1.011514e+03
	946	431	236.500000	17.750000	9.904437e+02
	818	435	204.500000	18.750000	1.016351e+03
	786	436	196.500000	19.000000	1.016451e+03
	777	437	194.250000	19.250000	1.016304e+03
	814	438	203.500000	19.500000	1.016304e+03
	815	440	203.750000	20.000000	1.016396e+03
	820	441	205.000000	20.250000	1.017734e+03
	817	442	204.250000	20.500000	1.017591e+03
	817	444	204.250000	21.000000	1.017921e+03
	999	457	249.750000	24.250000	1.011421e+03
	998	461	249.500000	25.250000	1.011486e+03
	993	462	248.250000	25.500000	1.010854e+03
	666	464	166.500000	26.000000	1.017986e+03
	996	464	249.000000	26.000000	1.011386e+03
	999	464	249.750000	26.000000	1.011579e+03
	995	466	248.750000	26.500000	1.011436e+03
	730	467	182.500000	26.750000	1.019359e+03
	988	467	247.000000	26.750000	1.010759e+03
	995	470	248.750000	27.500000	1.011496e+03
	1000	471	250.000000	27.750000	1.010651e+03
	986	472	246.500000	28.000000	1.012246e+03
	990	472	247.500000	28.000000	1.011644e+03
	999	474	249.750000	28.500000	1.010441e+03
	988	475	247.000000	28.750000	1.011451e+03
	995	475	248.750000	28.750000	1.010711e+03
	986	477	246.500000	29.250000	1.010831e+03
	997	477	249.250000	29.250000	1.010754e+03
	984	480	246.000000	30.000000	1.010756e+03
	982	482	245.500000	30.500000	1.010901e+03
	976	484	244.000000	31.000000	1.014084e+03
	987	485	246.750000	31.250000	1.010116e+03
	991	487	247.750000	31.750000	1.010949e+03
	1000	487	250.000000	31.750000	1.012911e+03
	679	488	169.750000	32.000000	1.016256e+03
	680	488	170.000000	32.000000	1.016256e+03
	691	488	172.750000	32.000000	1.016411e+03
	974	488	243.500000	32.000000	1.014526e+03
	979	488	244.750000	32.000000	1.010166e+03
	663	489	165.750000	32.250000	1.015954e+03
	666	489	166.500000	32.250000	1.016021e+03
	837	489	209.250000	32.250000	1.023731e+03
	978	491	244.500000	32.750000	1.010099e+03
	981	491	245.250000	32.750000	1.010291e+03
	868	492	217.000000	33.000000	1.023719e+03
	986	492	246.500000	33.000000	1.010136e+03
	869	493	217.250000	33.250000	1.023719e+03
	976	493	244.000000	33.250000	1.010439e+03
	992	493	248.000000	33.250000	1.010264e+03
	982	495	245.500000	33.750000	1.009874e+03
	979	497	244.750000	34.250000	1.010421e+03
	983	497	245.750000	34.250000	1.009879e+03
	992	498	248.000000	34.500000	1.011889e+03
	961	499	240.250000	34.750000	1.013906e+03
	899	500	224.750000	35.000000	1.024841e+03
	975	500	243.750000	35.000000	1.010769e+03
	981	500	245.250000	35.000000	1.009856e+03
	989	501	247.250000	35.250000	1.011626e+03
	963	502	240.750000	35.500000	1.014741e+03
	995	502	248.750000	35.500000	1.010529e+03
	960	504	240.000000	36.000000	1.014561e+03
	960	505	240.000000	36.250000	1.014561e+03
	963	505	240.750000	36.250000	1.014549e+03
	982	505	245.500000	36.250000	1.008986e+03
	989	505	247.250000	36.250000	1.010896e+03
	962	507	240.500000	36.750000	1.014694e+03
	972	507	243.000000	36.750000	1.009104e+03
	980	508	245.000000	37.000000	1.009956e+03
	985	508	246.250000	37.000000	1.009769e+03
	994	508	248.500000	37.000000	1.010741e+03
	1000	508	250.000000	37.000000	1.010596e+03
	977	510	244.250000	37.500000	1.009979e+03
	997	510	249.250000	37.500000	1.010341e+03
	986	511	246.500000	37.750000	1.010329e+03
	980	512	245.000000	38.000000	1.009904e+03
	982	514	245.500000	38.500000	1.010251e+03
	962	515	240.500000	38.750000	1.014194e+03
	999	515	249.750000	38.750000	1.008364e+03
	967	516	241.750000	39.000000	1.014114e+03
	989	517	247.250000	39.250000	1.008284e+03
	955	518	238.750000	39.500000	1.015524e+03
	960	518	240.000000	39.500000	1.014689e+03
	952	519	238.000000	39.750000	1.015461e+03
	969	520	242.250000	40.000000	1.014476e+03
	992	520	248.000000	40.000000	1.009144e+03
	951	522	237.750000	40.500000	1.015684e+03
	956	523	239.000000	40.750000	1.015084e+03
	973	523	243.250000	40.750000	1.013646e+03
	964	524	241.000000	41.000000	1.014526e+03
	980	524	245.000000	41.000000	1.012664e+03
	988	526	247.000000	41.500000	1.011099e+03
	999	526	249.750000	41.500000	1.008999e+03
	992	527	248.000000	41.750000	1.010784e+03
	973	528	243.250000	42.000000	1.013656e+03
	969	530	242.250000	42.500000	1.013804e+03
	1000	530	250.000000	42.500000	1.009316e+03
	959	531	239.750000	42.750000	1.014969e+03
	977	531	244.250000	42.750000	1.012129e+03
	984	532	246.000000	43.000000	1.011381e+03
	963	533	240.750000	43.250000	1.014596e+03
	989	535	247.250000	43.750000	1.011424e+03
	956	536	239.000000	44.000000	1.015701e+03
	972	536	243.000000	44.000000	1.012386e+03
	976	537	244.000000	44.250000	1.013426e+03
	977	537	244.250000	44.250000	1.013426e+03
	998	539	249.500000	44.750000	1.011789e+03
	984	540	246.000000	45.000000	1.010579e+03
	972	541	243.000000	45.250000	1.013524e+03
	993	543	248.250000	45.750000	1.009821e+03
	786	544	196.500000	46.000000	9.941262e+02
	989	544	247.250000	46.000000	1.009844e+03
	944	548	236.000000	47.000000	1.016909e+03
	991	550	247.750000	47.500000	1.008864e+03
	995	550	248.750000	47.500000	1.009034e+03
	949	551	237.250000	47.750000	1.015516e+03
	696	552	174.000000	48.000000	9.887137e+02
	983	553	245.750000	48.250000	1.011131e+03
	945	556	236.250000	49.000000	1.013984e+03
	963	556	240.750000	49.000000	1.008521e+03
	986	556	246.500000	49.000000	1.011129e+03
	938	560	234.500000	50.000000	1.013356e+03
	992	560	248.000000	50.000000	1.012574e+03
	978	561	244.500000	50.250000	1.010524e+03
	997	561	249.250000	50.250000	1.012634e+03
	929	563	232.250000	50.750000	1.014221e+03
	959	564	239.750000	51.000000	1.007851e+03
	965	565	241.250000	51.250000	1.007119e+03
	970	566	242.500000	51.500000	1.008394e+03
	963	568	240.750000	52.000000	1.006724e+03
	974	570	243.500000	52.500000	1.008426e+03
	963	571	240.750000	52.750000	1.006576e+03
	911	572	227.750000	53.000000	1.011576e+03
	968	572	242.000000	53.000000	1.007136e+03
	909	574	227.250000	53.500000	1.011774e+03
	954	575	238.500000	53.750000	1.005201e+03
	962	576	240.500000	54.000000	1.006104e+03
	783	578	195.750000	54.500000	1.004764e+03
	938	579	234.500000	54.750000	1.006876e+03
	909	581	227.250000	55.250000	1.010794e+03
	943	581	235.750000	55.250000	1.006481e+03
	950	582	237.500000	55.500000	1.006481e+03
	939	583	234.750000	55.750000	1.006494e+03
	908	588	227.000000	57.000000	1.009926e+03
	900	589	225.000000	57.250000	1.009726e+03
	996	589	249.000000	57.250000	1.017769e+03
	936	590	234.000000	57.500000	1.005964e+03
	828	591	207.000000	57.750000	1.007241e+03
	936	591	234.000000	57.750000	1.005964e+03
	926	592	231.500000	58.000000	1.006119e+03
	948	592	237.000000	58.000000	1.003819e+03
	944	593	236.000000	58.250000	1.004336e+03
	822	596	205.500000	59.000000	1.005146e+03
	872	596	218.000000	59.000000	1.009816e+03
	937	596	234.250000	59.000000	1.004666e+03
	889	597	222.250000	59.250000	1.009159e+03
	776	598	194.000000	59.500000	1.003051e+03
	843	598	210.750000	59.500000	1.008709e+03
	863	598	215.750000	59.500000	1.009669e+03
	864	598	216.000000	59.500000	1.009669e+03
	883	598	220.750000	59.500000	1.009806e+03
	928	598	232.000000	59.500000	1.004644e+03
	933	598	233.250000	59.500000	1.004606e+03
	834	599	208.500000	59.750000	1.006764e+03
	868	599	217.000000	59.750000	1.009774e+03
	805	600	201.250000	60.000000	1.003404e+03
	908	600	227.000000	60.000000	1.005516e+03
	909	600	227.250000	60.000000	1.005516e+03
	936	600	234.000000	60.000000	1.004766e+03
