2015	1	31	170	9
	661	434	165.250000	18.500000	1.010622e+03
	820	436	205.000000	19.000000	1.015497e+03
	660	438	165.000000	19.500000	1.010644e+03
	661	438	165.250000	19.500000	1.010644e+03
	669	438	167.250000	19.500000	1.010509e+03
	814	438	203.500000	19.500000	1.015594e+03
	812	439	203.000000	19.750000	1.015679e+03
	660	440	165.000000	20.000000	1.010644e+03
	815	440	203.750000	20.000000	1.015574e+03
	821	440	205.250000	20.000000	1.015937e+03
	674	442	168.500000	20.500000	1.010374e+03
	817	442	204.250000	20.500000	1.016027e+03
	821	443	205.250000	20.750000	1.016094e+03
	817	444	204.250000	21.000000	1.016134e+03
	671	445	167.750000	21.250000	1.009604e+03
	815	445	203.750000	21.250000	1.016197e+03
	775	452	193.750000	23.000000	1.016662e+03
	776	452	194.000000	23.000000	1.016662e+03
	781	452	195.250000	23.000000	1.016732e+03
	996	452	249.000000	23.000000	1.013182e+03
	805	453	201.250000	23.250000	1.016834e+03
	669	454	167.250000	23.500000	1.010454e+03
	789	454	197.250000	23.500000	1.016404e+03
	756	455	189.000000	23.750000	1.016889e+03
	844	455	211.000000	23.750000	1.016777e+03
	845	455	211.250000	23.750000	1.016777e+03
	749	456	187.250000	24.000000	1.016989e+03
	838	456	209.500000	24.000000	1.016744e+03
	821	457	205.250000	24.250000	1.016762e+03
	990	457	247.500000	24.250000	1.012972e+03
	759	458	189.750000	24.500000	1.016929e+03
	842	458	210.500000	24.500000	1.016737e+03
	844	461	211.000000	25.250000	1.016739e+03
	846	462	211.500000	25.500000	1.016719e+03
	848	463	212.000000	25.750000	1.016724e+03
	991	463	247.750000	25.750000	1.012627e+03
	850	465	212.500000	26.250000	1.016732e+03
	995	465	248.750000	26.250000	1.011577e+03
	672	468	168.000000	27.000000	1.009294e+03
	992	468	248.000000	27.000000	1.011334e+03
	986	469	246.500000	27.250000	1.012459e+03
	828	470	207.000000	27.500000	1.015589e+03
	995	470	248.750000	27.500000	1.011397e+03
	992	476	248.000000	29.000000	1.010559e+03
	980	477	245.000000	29.250000	1.011452e+03
	983	482	245.750000	30.500000	1.009442e+03
	993	482	248.250000	30.500000	1.009949e+03
	999	482	249.750000	30.500000	1.009582e+03
	976	483	244.000000	30.750000	1.011129e+03
	995	484	248.750000	31.000000	1.009902e+03
	971	486	242.750000	31.500000	1.011217e+03
	725	488	181.250000	32.000000	1.019787e+03
	979	489	244.750000	32.250000	1.009602e+03
	678	490	169.500000	32.500000	1.008859e+03
	969	490	242.250000	32.500000	1.011172e+03
	992	490	248.000000	32.500000	1.010007e+03
	978	491	244.500000	32.750000	1.009692e+03
	984	492	246.000000	33.000000	1.009812e+03
	989	492	247.250000	33.000000	1.010039e+03
	968	493	242.000000	33.250000	1.010949e+03
	993	493	248.250000	33.250000	1.010137e+03
	716	494	179.000000	33.500000	1.019732e+03
	961	497	240.250000	34.250000	1.009997e+03
	966	498	241.500000	34.500000	1.011137e+03
	973	498	243.250000	34.500000	1.010914e+03
	993	498	248.250000	34.500000	1.010434e+03
	996	500	249.000000	35.000000	1.009409e+03
	972	501	243.000000	35.250000	1.010609e+03
	985	501	246.250000	35.250000	1.011147e+03
	955	502	238.750000	35.500000	1.011962e+03
	992	502	248.000000	35.500000	1.010439e+03
	987	503	246.750000	35.750000	1.010989e+03
	966	504	241.500000	36.000000	1.012009e+03
	1000	504	250.000000	36.000000	1.010109e+03
	958	505	239.500000	36.250000	1.012274e+03
	984	505	246.000000	36.250000	1.011304e+03
	963	507	240.750000	36.750000	1.012402e+03
	952	508	238.000000	37.000000	1.012672e+03
	988	509	247.000000	37.250000	1.012162e+03
	961	510	240.250000	37.500000	1.012062e+03
	956	511	239.000000	37.750000	1.012009e+03
	1000	511	250.000000	37.750000	1.013847e+03
	991	512	247.750000	38.000000	1.012744e+03
	958	513	239.500000	38.250000	1.011577e+03
	1000	516	250.000000	39.000000	1.013689e+03
	984	518	246.000000	39.500000	1.016362e+03
	995	518	248.750000	39.500000	1.013344e+03
	953	519	238.250000	39.750000	1.014767e+03
	969	519	242.250000	39.750000	1.019872e+03
	995	521	248.750000	40.250000	1.013252e+03
	986	522	246.500000	40.500000	1.016644e+03
	999	522	249.750000	40.500000	1.012589e+03
	964	524	241.000000	41.000000	1.022507e+03
	992	525	248.000000	41.250000	1.015249e+03
	968	527	242.000000	41.750000	1.023027e+03
	979	527	244.750000	41.750000	1.021967e+03
	957	529	239.250000	42.250000	1.022764e+03
	962	529	240.500000	42.250000	1.023437e+03
	968	531	242.000000	42.750000	1.022324e+03
	950	532	237.500000	43.000000	1.020614e+03
	962	532	240.500000	43.000000	1.023574e+03
	973	533	243.250000	43.250000	1.020964e+03
	955	535	238.750000	43.750000	1.022612e+03
	963	535	240.750000	43.750000	1.021814e+03
	970	535	242.500000	43.750000	1.021607e+03
	981	535	245.250000	43.750000	1.016384e+03
	986	535	246.500000	43.750000	1.016412e+03
	996	535	249.000000	43.750000	1.014942e+03
	951	536	237.750000	44.000000	1.021277e+03
	969	537	242.250000	44.250000	1.021139e+03
	958	538	239.500000	44.500000	1.023339e+03
	992	538	248.000000	44.500000	1.015622e+03
	951	539	237.750000	44.750000	1.021279e+03
	972	540	243.000000	45.000000	1.021524e+03
	822	541	205.500000	45.250000	9.540444e+02
	996	541	249.000000	45.250000	1.016294e+03
	987	542	246.750000	45.500000	1.019409e+03
	982	543	245.500000	45.750000	1.023479e+03
	951	544	237.750000	46.000000	1.022342e+03
	969	544	242.250000	46.000000	1.023619e+03
	1000	544	250.000000	46.000000	1.015039e+03
	694	545	173.500000	46.250000	1.024174e+03
	987	545	246.750000	46.250000	1.019734e+03
	992	545	248.000000	46.250000	1.018027e+03
	955	547	238.750000	46.750000	1.020509e+03
	998	548	249.500000	47.000000	1.014687e+03
	985	549	246.250000	47.250000	1.021314e+03
	990	549	247.500000	47.250000	1.018059e+03
	946	551	236.500000	47.750000	1.023264e+03
	989	551	247.250000	47.750000	1.017742e+03
	948	554	237.000000	48.500000	1.024262e+03
	943	555	235.750000	48.750000	1.024127e+03
	952	555	238.000000	48.750000	1.024104e+03
	960	555	240.000000	48.750000	1.022224e+03
	935	556	233.750000	49.000000	1.024402e+03
	938	557	234.500000	49.250000	1.024367e+03
	998	557	249.500000	49.250000	1.022784e+03
	945	559	236.250000	49.750000	1.024149e+03
	967	559	241.750000	49.750000	1.023499e+03
	952	560	238.000000	50.000000	1.024927e+03
	975	561	243.750000	50.250000	1.020734e+03
	972	565	243.000000	51.250000	1.022419e+03
	920	567	230.000000	51.750000	1.024449e+03
	963	570	240.750000	52.500000	1.026229e+03
	974	578	243.500000	54.500000	1.038789e+03
	669	580	167.250000	55.000000	1.008357e+03
	956	583	239.000000	55.750000	1.041369e+03
	941	588	235.250000	57.000000	1.034217e+03
	906	589	226.500000	57.250000	1.028347e+03
	922	589	230.500000	57.250000	1.034637e+03
	999	589	249.750000	57.250000	1.046349e+03
	944	590	236.000000	57.500000	1.033347e+03
	985	590	246.250000	57.500000	1.044442e+03
	986	590	246.500000	57.500000	1.044442e+03
	924	591	231.000000	57.750000	1.035397e+03
	960	591	240.000000	57.750000	1.042622e+03
	976	591	244.000000	57.750000	1.043889e+03
	990	591	247.500000	57.750000	1.044687e+03
	942	592	235.500000	58.000000	1.033444e+03
	886	594	221.500000	58.500000	1.028949e+03
	890	594	222.500000	58.500000	1.028804e+03
	954	597	238.500000	59.250000	1.043417e+03
	980	597	245.000000	59.250000	1.043077e+03
	796	598	199.000000	59.500000	1.031652e+03
	879	599	219.750000	59.750000	1.030479e+03
	938	599	234.500000	59.750000	1.041052e+03
	951	599	237.750000	59.750000	1.043202e+03
	824	600	206.000000	60.000000	1.031492e+03
	896	600	224.000000	60.000000	1.039577e+03
	968	600	242.000000	60.000000	1.043674e+03
