2015	3	30	183	3
	999	425	249.750000	16.250000	1.014923e+03
	935	426	233.750000	16.500000	1.016381e+03
	945	428	236.250000	17.000000	1.016183e+03
	942	429	235.500000	17.250000	1.016338e+03
	987	432	246.750000	18.000000	1.015591e+03
	955	436	238.750000	19.000000	1.016138e+03
	812	437	203.000000	19.250000	1.017981e+03
	972	438	243.000000	19.500000	1.016018e+03
	973	438	243.250000	19.500000	1.016018e+03
	960	439	240.000000	19.750000	1.016161e+03
	815	440	203.750000	20.000000	1.017448e+03
	819	441	204.750000	20.250000	1.019163e+03
	813	442	203.250000	20.500000	1.017891e+03
	962	446	240.500000	21.500000	1.016001e+03
	964	447	241.000000	21.750000	1.016023e+03
	972	450	243.000000	22.500000	1.015456e+03
	978	455	244.500000	23.750000	1.015121e+03
	995	456	248.750000	24.000000	1.014796e+03
	992	457	248.000000	24.250000	1.014811e+03
	973	458	243.250000	24.500000	1.015158e+03
	1000	458	250.000000	24.500000	1.013966e+03
	979	460	244.750000	25.000000	1.014953e+03
	994	460	248.500000	25.000000	1.014736e+03
	992	462	248.000000	25.500000	1.014748e+03
	996	464	249.000000	26.000000	1.013386e+03
	989	465	247.250000	26.250000	1.014376e+03
	995	466	248.750000	26.500000	1.013391e+03
	983	468	245.750000	27.000000	1.014198e+03
	980	470	245.000000	27.500000	1.014473e+03
	985	470	246.250000	27.500000	1.013593e+03
	995	470	248.750000	27.500000	1.013338e+03
	997	471	249.250000	27.750000	1.013283e+03
	845	472	211.250000	28.000000	1.024091e+03
	990	472	247.500000	28.000000	1.012938e+03
	984	473	246.000000	28.250000	1.014091e+03
	983	475	245.750000	28.750000	1.014066e+03
	988	475	247.000000	28.750000	1.012738e+03
	987	476	246.750000	29.000000	1.012738e+03
	993	476	248.250000	29.000000	1.012876e+03
	980	477	245.000000	29.250000	1.013981e+03
	997	477	249.250000	29.250000	1.013418e+03
	851	478	212.750000	29.500000	1.024103e+03
	989	478	247.250000	29.500000	1.012636e+03
	985	479	246.250000	29.750000	1.012253e+03
	976	482	244.000000	30.500000	1.015398e+03
	983	482	245.750000	30.500000	1.012166e+03
	1000	482	250.000000	30.500000	1.015301e+03
	973	483	243.250000	30.750000	1.015718e+03
	975	485	243.750000	31.250000	1.015436e+03
	666	487	166.500000	31.750000	1.027158e+03
	963	487	240.750000	31.750000	1.015598e+03
	1000	487	250.000000	31.750000	1.015223e+03
	669	488	167.250000	32.000000	1.027126e+03
	964	488	241.000000	32.000000	1.015598e+03
	973	488	243.250000	32.000000	1.015573e+03
	697	489	174.250000	32.250000	1.029276e+03
	973	490	243.250000	32.500000	1.015631e+03
	978	491	244.500000	32.750000	1.010848e+03
	985	491	246.250000	32.750000	1.011376e+03
	755	492	188.750000	33.000000	1.031213e+03
	963	492	240.750000	33.000000	1.015366e+03
	988	492	247.000000	33.000000	1.011266e+03
	992	493	248.000000	33.250000	1.011616e+03
	982	495	245.500000	33.750000	1.011088e+03
	970	496	242.500000	34.000000	1.015033e+03
	962	497	240.500000	34.250000	1.014928e+03
	965	497	241.250000	34.250000	1.015088e+03
	979	497	244.750000	34.250000	1.011666e+03
	990	499	247.500000	34.750000	1.015518e+03
	970	500	242.500000	35.000000	1.012803e+03
	975	500	243.750000	35.000000	1.011641e+03
	996	502	249.000000	35.500000	1.014298e+03
	974	503	243.500000	35.750000	1.011508e+03
	956	504	239.000000	36.000000	1.014948e+03
	962	504	240.500000	36.000000	1.013886e+03
	990	504	247.500000	36.000000	1.014806e+03
	995	504	248.750000	36.000000	1.014443e+03
	982	505	245.500000	36.250000	1.011591e+03
	972	506	243.000000	36.500000	1.011506e+03
	988	507	247.000000	36.750000	1.014293e+03
	980	508	245.000000	37.000000	1.013108e+03
	994	508	248.500000	37.000000	1.014416e+03
	957	509	239.250000	37.250000	1.014793e+03
	881	510	220.250000	37.500000	1.017758e+03
	997	510	249.250000	37.500000	1.014153e+03
	956	511	239.000000	37.750000	1.014943e+03
	980	511	245.000000	37.750000	1.014026e+03
	985	511	246.250000	37.750000	1.014681e+03
	969	512	242.250000	38.000000	1.013208e+03
	976	513	244.000000	38.250000	1.014116e+03
	1000	515	250.000000	38.750000	1.014508e+03
	967	516	241.750000	39.000000	1.015146e+03
	972	516	243.000000	39.000000	1.015273e+03
	989	517	247.250000	39.250000	1.016018e+03
	952	518	238.000000	39.500000	1.013796e+03
	977	518	244.250000	39.500000	1.015221e+03
	966	519	241.500000	39.750000	1.015293e+03
	723	520	180.750000	40.000000	1.023561e+03
	957	521	239.250000	40.250000	1.016673e+03
	961	521	240.250000	40.250000	1.016551e+03
	951	522	237.750000	40.500000	1.014086e+03
	973	523	243.250000	40.750000	1.016383e+03
	965	524	241.250000	41.000000	1.016836e+03
	978	524	244.500000	41.000000	1.016731e+03
	970	525	242.500000	41.250000	1.016823e+03
	950	527	237.500000	41.750000	1.018218e+03
	988	528	247.000000	42.000000	1.018868e+03
	954	529	238.500000	42.250000	1.017608e+03
	966	529	241.500000	42.250000	1.017833e+03
	991	529	247.750000	42.250000	1.019258e+03
	948	530	237.000000	42.500000	1.019623e+03
	955	531	238.750000	42.750000	1.017856e+03
	963	531	240.750000	42.750000	1.018176e+03
	981	531	245.250000	42.750000	1.018533e+03
	977	532	244.250000	43.000000	1.018618e+03
	984	532	246.000000	43.000000	1.018446e+03
	957	533	239.250000	43.250000	1.017206e+03
	967	535	241.750000	43.750000	1.018408e+03
	973	535	243.250000	43.750000	1.018651e+03
	990	536	247.500000	44.000000	1.017263e+03
	948	537	237.000000	44.250000	1.020516e+03
	956	537	239.000000	44.250000	1.018841e+03
	777	538	194.250000	44.500000	1.012853e+03
	776	539	194.000000	44.750000	1.012853e+03
	986	539	246.500000	44.750000	1.019696e+03
	771	541	192.750000	45.250000	1.013086e+03
	991	541	247.750000	45.250000	1.018753e+03
	949	542	237.250000	45.500000	1.020503e+03
	974	543	243.500000	45.750000	1.019051e+03
	995	544	248.750000	46.000000	1.017503e+03
	660	545	165.000000	46.250000	1.009778e+03
	950	546	237.500000	46.500000	1.021133e+03
	959	546	239.750000	46.500000	1.018141e+03
	963	546	240.750000	46.500000	1.017803e+03
	986	548	246.500000	47.000000	1.019266e+03
	753	549	188.250000	47.250000	1.012536e+03
	901	550	225.250000	47.500000	1.002821e+03
	982	551	245.500000	47.750000	1.018413e+03
	949	552	237.250000	48.000000	1.020103e+03
	972	553	243.000000	48.250000	1.018906e+03
	983	553	245.750000	48.250000	1.018156e+03
	947	554	236.750000	48.500000	1.019963e+03
	978	554	244.500000	48.500000	1.018661e+03
	945	556	236.250000	49.000000	1.020021e+03
	974	556	243.500000	49.000000	1.018201e+03
	966	557	241.500000	49.250000	1.017566e+03
	970	557	242.500000	49.250000	1.018353e+03
	962	558	240.500000	49.500000	1.016821e+03
	962	563	240.500000	50.750000	1.015823e+03
	977	563	244.250000	50.750000	1.014256e+03
	955	565	238.750000	51.250000	1.014821e+03
	827	568	206.750000	52.000000	9.899131e+02
	952	568	238.000000	52.000000	1.015023e+03
	938	572	234.500000	53.000000	1.017278e+03
	949	572	237.250000	53.000000	1.015268e+03
	963	572	240.750000	53.000000	1.015013e+03
	679	574	169.750000	53.500000	1.000461e+03
	997	574	249.250000	53.500000	1.006611e+03
	726	575	181.500000	53.750000	1.005693e+03
	720	577	180.000000	54.250000	1.005311e+03
	717	578	179.250000	54.500000	1.005093e+03
	950	578	237.500000	54.500000	1.014281e+03
	998	579	249.500000	54.750000	1.006316e+03
	710	580	177.500000	55.000000	1.004676e+03
	817	581	204.250000	55.250000	9.907806e+02
	818	583	204.500000	55.750000	9.907356e+02
	933	584	233.250000	56.000000	1.014086e+03
	813	587	203.250000	56.750000	9.914706e+02
	991	588	247.750000	57.000000	1.004111e+03
	983	589	245.750000	57.250000	1.004538e+03
	938	590	234.500000	57.500000	1.009651e+03
	976	590	244.000000	57.500000	1.004748e+03
	812	591	203.000000	57.750000	9.911431e+02
	988	591	247.000000	57.750000	1.004098e+03
	820	592	205.000000	58.000000	9.916356e+02
	828	593	207.000000	58.250000	9.909231e+02
	963	593	240.750000	58.250000	1.005398e+03
	955	594	238.750000	58.500000	1.005306e+03
	894	595	223.500000	58.750000	1.008523e+03
	975	596	243.750000	59.000000	1.006141e+03
	958	597	239.500000	59.250000	1.005096e+03
	825	598	206.250000	59.500000	9.932332e+02
	834	599	208.500000	59.750000	9.938531e+02
