2015	1	3	197	18
	839	435	209.750000	18.750000	1.002954e+03
	819	437	204.750000	19.250000	9.994144e+02
	821	439	205.250000	19.750000	1.000482e+03
	836	440	209.000000	20.000000	1.000477e+03
	807	445	201.750000	21.250000	1.003492e+03
	829	450	207.250000	22.500000	9.983318e+02
	830	452	207.500000	23.000000	9.983569e+02
	1000	453	250.000000	23.250000	1.019324e+03
	859	455	214.750000	23.750000	1.007162e+03
	839	456	209.750000	24.000000	9.967844e+02
	994	461	248.500000	25.250000	1.021199e+03
	660	462	165.000000	25.500000	1.013824e+03
	992	464	248.000000	26.000000	1.021492e+03
	956	465	239.000000	26.250000	1.023497e+03
	831	466	207.750000	26.500000	9.947419e+02
	834	466	208.500000	26.500000	9.948918e+02
	990	466	247.500000	26.500000	1.021639e+03
	962	470	240.500000	27.500000	1.023802e+03
	836	471	209.000000	27.750000	9.961819e+02
	830	472	207.500000	28.000000	9.958369e+02
	937	472	234.250000	28.000000	1.024134e+03
	965	472	241.250000	28.000000	1.023797e+03
	986	472	246.500000	28.000000	1.023137e+03
	966	473	241.500000	28.250000	1.023797e+03
	838	475	209.500000	28.750000	9.959519e+02
	943	475	235.750000	28.750000	1.024119e+03
	943	476	235.750000	29.000000	1.024119e+03
	944	476	236.000000	29.000000	1.024119e+03
	950	476	237.500000	29.000000	1.024039e+03
	983	476	245.750000	29.000000	1.023537e+03
	975	477	243.750000	29.250000	1.023802e+03
	981	477	245.250000	29.250000	1.023607e+03
	928	479	232.000000	29.750000	1.024504e+03
	740	480	185.000000	30.000000	1.015559e+03
	985	480	246.250000	30.000000	1.024164e+03
	967	481	241.750000	30.250000	1.023952e+03
	970	481	242.500000	30.250000	1.023989e+03
	838	483	209.500000	30.750000	9.941594e+02
	924	483	231.000000	30.750000	1.024617e+03
	977	484	244.250000	31.000000	1.023122e+03
	990	484	247.500000	31.000000	1.024532e+03
	998	484	249.500000	31.000000	1.022627e+03
	963	485	240.750000	31.250000	1.023837e+03
	976	486	244.000000	31.500000	1.023169e+03
	711	487	177.750000	31.750000	1.011812e+03
	975	489	243.750000	32.250000	1.022984e+03
	989	489	247.250000	32.250000	1.024897e+03
	689	490	172.250000	32.500000	1.006209e+03
	963	492	240.750000	33.000000	1.023814e+03
	983	492	245.750000	33.000000	1.025079e+03
	973	493	243.250000	33.250000	1.023704e+03
	816	494	204.000000	33.500000	9.989543e+02
	718	495	179.500000	33.750000	1.011409e+03
	817	497	204.250000	34.250000	9.989694e+02
	968	497	242.000000	34.250000	1.023829e+03
	973	497	243.250000	34.250000	1.022657e+03
	989	498	247.250000	34.500000	1.024367e+03
	996	498	249.000000	34.500000	1.021534e+03
	724	499	181.000000	34.750000	1.011867e+03
	948	499	237.000000	34.750000	1.024367e+03
	957	499	239.250000	34.750000	1.024187e+03
	963	499	240.750000	34.750000	1.023504e+03
	727	500	181.750000	35.000000	1.011779e+03
	987	500	246.750000	35.000000	1.023852e+03
	954	501	238.500000	35.250000	1.024322e+03
	972	501	243.000000	35.250000	1.025154e+03
	979	501	244.750000	35.250000	1.024012e+03
	993	501	248.250000	35.250000	1.020952e+03
	949	502	237.250000	35.500000	1.024332e+03
	952	503	238.000000	35.750000	1.024272e+03
	988	503	247.000000	35.750000	1.023862e+03
	736	505	184.000000	36.250000	1.011479e+03
	951	505	237.750000	36.250000	1.024182e+03
	977	505	244.250000	36.250000	1.023377e+03
	956	506	239.000000	36.500000	1.024562e+03
	986	506	246.500000	36.500000	1.024262e+03
	992	506	248.000000	36.500000	1.020812e+03
	1000	506	250.000000	36.500000	1.021769e+03
	966	508	241.500000	37.000000	1.020067e+03
	975	509	243.750000	37.250000	1.023037e+03
	953	510	238.250000	37.500000	1.024522e+03
	965	510	241.250000	37.500000	1.020277e+03
	991	510	247.750000	37.500000	1.019652e+03
	916	511	229.000000	37.750000	1.025084e+03
	995	512	248.750000	38.000000	1.018262e+03
	961	513	240.250000	38.250000	1.020317e+03
	984	513	246.000000	38.250000	1.021424e+03
	990	513	247.500000	38.250000	1.023339e+03
	759	514	189.750000	38.500000	1.012054e+03
	974	514	243.500000	38.500000	1.021762e+03
	960	515	240.000000	38.750000	1.020654e+03
	971	515	242.750000	38.750000	1.023179e+03
	760	516	190.000000	39.000000	1.012114e+03
	996	516	249.000000	39.000000	1.022157e+03
	805	517	201.250000	39.250000	9.943344e+02
	983	517	245.750000	39.250000	1.020857e+03
	746	518	186.500000	39.500000	1.010352e+03
	958	518	239.500000	39.500000	1.021139e+03
	1000	519	250.000000	39.750000	1.019972e+03
	948	520	237.000000	40.000000	1.022634e+03
	989	521	247.250000	40.250000	1.027112e+03
	761	522	190.250000	40.500000	1.012337e+03
	955	522	238.750000	40.500000	1.021724e+03
	965	522	241.250000	40.500000	1.029202e+03
	969	522	242.250000	40.500000	1.029274e+03
	999	522	249.750000	40.500000	1.018687e+03
	958	524	239.500000	41.000000	1.023814e+03
	982	524	245.500000	41.000000	1.026544e+03
	948	525	237.000000	41.250000	1.022462e+03
	952	526	238.000000	41.500000	1.022749e+03
	963	527	240.750000	41.750000	1.025084e+03
	979	527	244.750000	41.750000	1.026129e+03
	985	527	246.250000	41.750000	1.026357e+03
	971	528	242.750000	42.000000	1.026724e+03
	950	529	237.500000	42.250000	1.024392e+03
	957	530	239.250000	42.500000	1.024664e+03
	977	530	244.250000	42.500000	1.027929e+03
	974	531	243.500000	42.750000	1.027724e+03
	950	532	237.500000	43.000000	1.024327e+03
	956	532	239.000000	43.000000	1.025084e+03
	960	532	240.000000	43.000000	1.025747e+03
	966	532	241.500000	43.000000	1.026289e+03
	991	532	247.750000	43.000000	1.030784e+03
	751	533	187.750000	43.250000	1.010574e+03
	984	535	246.000000	43.750000	1.024517e+03
	956	536	239.000000	44.000000	1.024072e+03
	941	537	235.250000	44.250000	1.024179e+03
	966	537	241.500000	44.250000	1.026272e+03
	957	538	239.250000	44.500000	1.024397e+03
	958	538	239.500000	44.500000	1.024397e+03
	954	539	238.500000	44.750000	1.024467e+03
	997	540	249.250000	45.000000	1.026932e+03
	998	540	249.500000	45.000000	1.026932e+03
	963	541	240.750000	45.250000	1.025637e+03
	978	541	244.500000	45.250000	1.028124e+03
	724	542	181.000000	45.500000	1.016537e+03
	977	544	244.250000	46.000000	1.027594e+03
	987	544	246.750000	46.000000	1.025257e+03
	969	545	242.250000	46.250000	1.026359e+03
	954	546	238.500000	46.500000	1.025139e+03
	984	546	246.000000	46.500000	1.026432e+03
	953	548	238.250000	47.000000	1.025409e+03
	982	548	245.500000	47.000000	1.026874e+03
	956	549	239.000000	47.250000	1.025674e+03
	975	549	243.750000	47.250000	1.028564e+03
	979	551	244.750000	47.750000	1.027767e+03
	947	553	236.750000	48.250000	1.024942e+03
	866	554	216.500000	48.500000	1.006999e+03
	976	554	244.000000	48.500000	1.028062e+03
	733	555	183.250000	48.750000	1.016152e+03
	964	555	241.000000	48.750000	1.026132e+03
	733	556	183.250000	49.000000	1.016152e+03
	945	556	236.250000	49.000000	1.025099e+03
	951	556	237.750000	49.000000	1.025407e+03
	973	556	243.250000	49.000000	1.027159e+03
	959	557	239.750000	49.250000	1.024524e+03
	1000	557	250.000000	49.250000	1.040292e+03
	939	559	234.750000	49.750000	1.024547e+03
	960	559	240.000000	49.750000	1.024934e+03
	952	561	238.000000	50.250000	1.025949e+03
	965	561	241.250000	50.250000	1.024809e+03
	910	563	227.500000	50.750000	1.020099e+03
	945	563	236.250000	50.750000	1.024569e+03
	940	564	235.000000	51.000000	1.025354e+03
	970	565	242.500000	51.250000	1.023992e+03
	983	565	245.750000	51.250000	1.041994e+03
	746	566	186.500000	51.500000	1.016059e+03
	920	570	230.000000	52.500000	1.020667e+03
	958	570	239.500000	52.500000	1.029264e+03
	866	574	216.500000	53.500000	1.016257e+03
	914	574	228.500000	53.500000	1.020462e+03
	914	576	228.500000	54.000000	1.020489e+03
	979	578	244.750000	54.500000	1.045699e+03
	966	582	241.500000	55.500000	1.047589e+03
	802	583	200.500000	55.750000	1.025062e+03
	964	587	241.000000	56.750000	1.046719e+03
	943	588	235.750000	57.000000	1.045687e+03
	942	590	235.500000	57.500000	1.045602e+03
	970	590	242.500000	57.500000	1.046172e+03
	992	591	248.000000	57.750000	1.042217e+03
	822	592	205.500000	58.000000	1.025684e+03
	930	592	232.500000	58.000000	1.045982e+03
	940	592	235.000000	58.000000	1.045362e+03
	922	593	230.500000	58.250000	1.044519e+03
	890	594	222.500000	58.500000	1.026012e+03
	937	594	234.250000	58.500000	1.046024e+03
	916	595	229.000000	58.750000	1.044519e+03
	946	595	236.500000	58.750000	1.045259e+03
	984	597	246.000000	59.250000	1.041472e+03
	794	599	198.500000	59.750000	1.028809e+03
	879	599	219.750000	59.750000	1.027712e+03
	941	599	235.250000	59.750000	1.046474e+03
	950	599	237.500000	59.750000	1.044987e+03
	800	600	200.000000	60.000000	1.028287e+03
	824	600	206.000000	60.000000	1.028452e+03
	872	600	218.000000	60.000000	1.028189e+03
	971	600	242.750000	60.000000	1.043424e+03
