2015	2	3	201	6
	685	420	171.250000	15.000000	1.008448e+03
	706	421	176.500000	15.250000	1.008298e+03
	689	422	172.250000	15.500000	1.008418e+03
	679	424	169.750000	16.000000	1.008573e+03
	694	424	173.500000	16.000000	1.008443e+03
	800	425	200.000000	16.250000	1.010623e+03
	802	426	200.500000	16.500000	1.010621e+03
	693	427	173.250000	16.750000	1.008476e+03
	703	427	175.750000	16.750000	1.008346e+03
	673	433	168.250000	18.250000	1.008798e+03
	682	433	170.500000	18.250000	1.008611e+03
	683	433	170.750000	18.250000	1.008611e+03
	687	435	171.750000	18.750000	1.008561e+03
	814	438	203.500000	19.500000	1.010616e+03
	845	438	211.250000	19.500000	1.012216e+03
	845	439	211.250000	19.750000	1.012216e+03
	689	440	172.250000	20.000000	1.008488e+03
	690	440	172.500000	20.000000	1.008488e+03
	820	440	205.000000	20.000000	1.010101e+03
	816	441	204.000000	20.250000	1.010253e+03
	868	441	217.000000	20.250000	1.014133e+03
	709	442	177.250000	20.500000	1.008243e+03
	821	443	205.250000	20.750000	1.010268e+03
	997	443	249.250000	20.750000	1.015488e+03
	688	444	172.000000	21.000000	1.008331e+03
	691	445	172.750000	21.250000	1.008226e+03
	836	445	209.000000	21.250000	1.011566e+03
	997	454	249.250000	23.500000	1.015566e+03
	841	455	210.250000	23.750000	1.010713e+03
	995	456	248.750000	24.000000	1.015656e+03
	989	465	247.250000	26.250000	1.014511e+03
	890	468	222.500000	27.000000	1.017408e+03
	890	470	222.500000	27.500000	1.017403e+03
	986	472	246.500000	28.000000	1.015053e+03
	997	472	249.250000	28.000000	1.013323e+03
	795	473	198.750000	28.250000	9.987206e+02
	814	475	203.500000	28.750000	9.946356e+02
	982	476	245.500000	29.000000	1.015708e+03
	980	477	245.000000	29.250000	1.015848e+03
	995	477	248.750000	29.250000	1.013078e+03
	992	482	248.000000	30.500000	1.014608e+03
	804	483	201.000000	30.750000	1.001223e+03
	989	483	247.250000	30.750000	1.014463e+03
	975	485	243.750000	31.250000	1.017101e+03
	927	489	231.750000	32.250000	1.021148e+03
	979	489	244.750000	32.250000	1.016228e+03
	973	490	243.250000	32.500000	1.017428e+03
	861	491	215.250000	32.750000	1.006176e+03
	928	491	232.000000	32.750000	1.021128e+03
	932	491	233.000000	32.750000	1.021196e+03
	935	491	233.750000	32.750000	1.021208e+03
	972	492	243.000000	33.000000	1.017373e+03
	977	492	244.250000	33.000000	1.016121e+03
	986	492	246.500000	33.000000	1.016211e+03
	989	492	247.250000	33.000000	1.016086e+03
	933	493	233.250000	33.250000	1.021218e+03
	993	493	248.250000	33.250000	1.016106e+03
	971	495	242.750000	33.750000	1.017261e+03
	911	496	227.750000	34.000000	1.019963e+03
	961	497	240.250000	34.250000	1.016766e+03
	966	497	241.500000	34.250000	1.017421e+03
	982	497	245.500000	34.250000	1.016316e+03
	982	498	245.500000	34.500000	1.016316e+03
	988	498	247.000000	34.500000	1.016683e+03
	958	499	239.500000	34.750000	1.017313e+03
	967	499	241.750000	34.750000	1.017858e+03
	985	499	246.250000	34.750000	1.016516e+03
	805	500	201.250000	35.000000	1.002411e+03
	972	500	243.000000	35.000000	1.017593e+03
	975	500	243.750000	35.000000	1.017496e+03
	996	500	249.000000	35.000000	1.018176e+03
	731	502	182.750000	35.500000	9.891731e+02
	955	502	238.750000	35.500000	1.017938e+03
	974	503	243.500000	35.750000	1.017473e+03
	994	503	248.500000	35.750000	1.018058e+03
	725	505	181.250000	36.250000	9.910131e+02
	979	505	244.750000	36.250000	1.017351e+03
	989	505	247.250000	36.250000	1.017621e+03
	972	506	243.000000	36.500000	1.017226e+03
	982	506	245.500000	36.500000	1.017351e+03
	992	507	248.000000	36.750000	1.017923e+03
	961	508	240.250000	37.000000	1.019201e+03
	979	508	244.750000	37.000000	1.017546e+03
	998	508	249.500000	37.000000	1.018116e+03
	968	509	242.000000	37.250000	1.018161e+03
	703	511	175.750000	37.750000	9.798557e+02
	978	511	244.500000	37.750000	1.017443e+03
	985	511	246.250000	37.750000	1.017523e+03
	994	511	248.500000	37.750000	1.017973e+03
	968	512	242.000000	38.000000	1.018323e+03
	1000	513	250.000000	38.250000	1.017268e+03
	692	514	173.000000	38.500000	9.927957e+02
	948	514	237.000000	38.500000	1.019603e+03
	996	514	249.000000	38.500000	1.017231e+03
	965	515	241.250000	38.750000	1.019041e+03
	999	515	249.750000	38.750000	1.017401e+03
	955	516	238.750000	39.000000	1.019856e+03
	689	517	172.250000	39.250000	9.925756e+02
	988	517	247.000000	39.250000	1.016241e+03
	987	520	246.750000	40.000000	1.015876e+03
	992	520	248.000000	40.000000	1.017068e+03
	1000	520	250.000000	40.000000	1.016208e+03
	913	521	228.250000	40.250000	1.014691e+03
	986	522	246.500000	40.500000	1.015926e+03
	999	522	249.750000	40.500000	1.016503e+03
	916	523	229.000000	40.750000	1.014833e+03
	973	523	243.250000	40.750000	1.019893e+03
	674	524	168.500000	41.000000	9.874681e+02
	955	524	238.750000	41.000000	1.020936e+03
	964	524	241.000000	41.000000	1.019731e+03
	995	525	248.750000	41.250000	1.016753e+03
	928	526	232.000000	41.500000	1.016121e+03
	999	526	249.750000	41.500000	1.015281e+03
	951	527	237.750000	41.750000	1.019466e+03
	982	527	245.500000	41.750000	1.017586e+03
	992	528	248.000000	42.000000	1.017713e+03
	972	529	243.000000	42.250000	1.018631e+03
	986	529	246.500000	42.250000	1.016981e+03
	948	530	237.000000	42.500000	1.018346e+03
	980	530	245.000000	42.500000	1.017326e+03
	1000	530	250.000000	42.500000	1.014091e+03
	969	531	242.250000	42.750000	1.017681e+03
	942	532	235.500000	43.000000	1.017616e+03
	975	532	243.750000	43.000000	1.016866e+03
	946	533	236.500000	43.250000	1.018046e+03
	957	533	239.250000	43.250000	1.018036e+03
	963	533	240.750000	43.250000	1.017898e+03
	956	536	239.000000	44.000000	1.017948e+03
	995	536	248.750000	44.000000	1.015711e+03
	959	539	239.750000	44.750000	1.017403e+03
	988	539	247.000000	44.750000	1.013278e+03
	992	540	248.000000	45.000000	1.014123e+03
	948	543	237.000000	45.750000	1.018221e+03
	959	545	239.750000	46.250000	1.015356e+03
	975	545	243.750000	46.250000	1.015121e+03
	948	546	237.000000	46.500000	1.018176e+03
	972	546	243.000000	46.500000	1.014941e+03
	968	547	242.000000	46.750000	1.014871e+03
	965	548	241.250000	47.000000	1.014891e+03
	969	549	242.250000	47.250000	1.014998e+03
	816	550	204.000000	47.500000	9.834182e+02
	983	550	245.750000	47.500000	1.010703e+03
	991	550	247.750000	47.500000	1.006358e+03
	949	552	237.250000	48.000000	1.016296e+03
	988	552	247.000000	48.000000	1.008373e+03
	959	553	239.750000	48.250000	1.013256e+03
	967	555	241.750000	48.750000	1.014248e+03
	945	556	236.250000	49.000000	1.015018e+03
	960	556	240.000000	49.000000	1.012881e+03
	999	557	249.750000	49.250000	1.016108e+03
	941	558	235.250000	49.500000	1.014866e+03
	977	558	244.250000	49.500000	1.011048e+03
	936	561	234.000000	50.250000	1.014298e+03
	958	561	239.500000	50.250000	1.012083e+03
	955	562	238.750000	50.500000	1.011583e+03
	978	563	244.500000	50.750000	1.009673e+03
	952	564	238.000000	51.000000	1.011533e+03
	948	565	237.000000	51.250000	1.012013e+03
	958	565	239.500000	51.250000	1.012838e+03
	945	566	236.250000	51.500000	1.011768e+03
	970	566	242.500000	51.500000	1.011323e+03
	975	566	243.750000	51.500000	1.010513e+03
	985	567	246.250000	51.750000	1.024006e+03
	971	568	242.750000	52.000000	1.011136e+03
	939	569	234.750000	52.250000	1.011768e+03
	983	569	245.750000	52.250000	1.024118e+03
	933	570	233.250000	52.500000	1.012301e+03
	963	571	240.750000	52.750000	1.011318e+03
	979	572	244.750000	53.000000	1.024391e+03
	907	573	226.750000	53.250000	1.007553e+03
	915	574	228.750000	53.500000	1.006638e+03
	974	574	243.500000	53.500000	1.024013e+03
	992	580	248.000000	55.000000	1.023863e+03
	985	581	246.250000	55.250000	1.024218e+03
	943	584	235.750000	56.000000	1.024076e+03
	936	588	234.000000	57.000000	1.025128e+03
	807	589	201.750000	57.250000	1.009773e+03
	906	589	226.500000	57.250000	1.011911e+03
	924	590	231.000000	57.500000	1.022466e+03
	972	590	243.000000	57.500000	1.023218e+03
	980	591	245.000000	57.750000	1.022178e+03
	952	592	238.000000	58.000000	1.023341e+03
	992	592	248.000000	58.000000	1.021418e+03
	818	593	204.500000	58.250000	1.008511e+03
	942	593	235.500000	58.250000	1.021143e+03
	886	594	221.500000	58.500000	1.011188e+03
	923	594	230.750000	58.500000	1.023561e+03
	928	594	232.000000	58.500000	1.023608e+03
	890	595	222.500000	58.750000	1.011088e+03
	872	596	218.000000	59.000000	1.011251e+03
	931	596	232.750000	59.000000	1.027143e+03
	956	596	239.000000	59.000000	1.024166e+03
	981	596	245.250000	59.000000	1.021098e+03
	916	597	229.000000	59.250000	1.022848e+03
	871	598	217.750000	59.500000	1.011238e+03
	907	598	226.750000	59.500000	1.022521e+03
	952	598	238.000000	59.500000	1.024458e+03
	970	598	242.500000	59.500000	1.022916e+03
	853	599	213.250000	59.750000	1.011198e+03
	941	599	235.250000	59.750000	1.025413e+03
	896	600	224.000000	60.000000	1.016146e+03
