2015	2	15	208	0
	762	420	190.500000	15.000000	1.008381e+03
	765	420	191.250000	15.000000	1.008379e+03
	769	420	192.250000	15.000000	1.008394e+03
	770	420	192.500000	15.000000	1.008394e+03
	996	421	249.000000	15.250000	1.011604e+03
	756	422	189.000000	15.500000	1.008364e+03
	778	423	194.500000	15.750000	1.008371e+03
	719	424	179.750000	16.000000	1.009776e+03
	761	424	190.250000	16.000000	1.008356e+03
	762	424	190.500000	16.000000	1.008356e+03
	768	424	192.000000	16.000000	1.008351e+03
	776	426	194.000000	16.500000	1.008354e+03
	784	426	196.000000	16.500000	1.008421e+03
	772	427	193.000000	16.750000	1.008309e+03
	777	428	194.250000	17.000000	1.008364e+03
	778	428	194.500000	17.000000	1.008364e+03
	988	428	247.000000	17.000000	1.012224e+03
	715	429	178.750000	17.250000	1.009881e+03
	782	429	195.500000	17.250000	1.008336e+03
	834	429	208.500000	17.250000	1.007491e+03
	830	430	207.500000	17.500000	1.007536e+03
	835	431	208.750000	17.750000	1.007499e+03
	992	432	248.000000	18.000000	1.012401e+03
	993	432	248.250000	18.000000	1.012401e+03
	820	438	205.000000	19.500000	1.003161e+03
	988	438	247.000000	19.500000	1.012581e+03
	818	441	204.500000	20.250000	1.003371e+03
	980	443	245.000000	20.750000	1.012514e+03
	816	444	204.000000	21.000000	1.003459e+03
	981	445	245.250000	21.250000	1.012536e+03
	818	446	204.500000	21.500000	1.003374e+03
	991	446	247.750000	21.500000	1.012744e+03
	804	448	201.000000	22.000000	1.004701e+03
	821	448	205.250000	22.000000	1.003274e+03
	977	450	244.250000	22.500000	1.012696e+03
	709	453	177.250000	23.250000	1.006241e+03
	753	454	188.250000	23.500000	1.010491e+03
	999	458	249.750000	24.500000	1.014081e+03
	994	459	248.500000	24.750000	1.013301e+03
	836	460	209.000000	25.000000	1.000869e+03
	993	460	248.250000	25.000000	1.013301e+03
	991	464	247.750000	26.000000	1.013586e+03
	741	467	185.250000	26.750000	1.010036e+03
	936	467	234.000000	26.750000	1.015201e+03
	975	467	243.750000	26.750000	1.014441e+03
	988	467	247.000000	26.750000	1.013904e+03
	842	468	210.500000	27.000000	9.986387e+02
	737	470	184.250000	27.500000	1.010039e+03
	985	470	246.250000	27.500000	1.013934e+03
	735	471	183.750000	27.750000	1.010039e+03
	736	471	184.000000	27.750000	1.010039e+03
	975	474	243.750000	28.500000	1.015139e+03
	983	474	245.750000	28.500000	1.014554e+03
	998	474	249.500000	28.500000	1.014424e+03
	981	476	245.250000	29.000000	1.014809e+03
	997	476	249.250000	29.000000	1.014449e+03
	977	481	244.250000	30.250000	1.015586e+03
	964	482	241.000000	30.500000	1.015874e+03
	993	482	248.250000	30.500000	1.015041e+03
	696	484	174.000000	31.000000	9.953613e+02
	965	484	241.250000	31.000000	1.015831e+03
	1000	487	250.000000	31.750000	1.015666e+03
	743	488	185.750000	32.000000	1.009299e+03
	983	488	245.750000	32.000000	1.013721e+03
	984	488	246.000000	32.000000	1.013721e+03
	985	488	246.250000	32.000000	1.013721e+03
	973	490	243.250000	32.500000	1.014816e+03
	993	490	248.250000	32.500000	1.013396e+03
	697	491	174.250000	32.750000	9.964587e+02
	739	492	184.750000	33.000000	1.009489e+03
	799	492	199.750000	33.000000	9.856863e+02
	988	492	247.000000	33.000000	1.013209e+03
	993	493	248.250000	33.250000	1.013296e+03
	982	495	245.500000	33.750000	1.013674e+03
	970	496	242.500000	34.000000	1.014296e+03
	966	497	241.500000	34.250000	1.014684e+03
	983	497	245.750000	34.250000	1.013544e+03
	959	498	239.750000	34.500000	1.016086e+03
	1000	498	250.000000	34.500000	1.015411e+03
	729	499	182.250000	34.750000	1.008491e+03
	967	499	241.750000	34.750000	1.015219e+03
	982	499	245.500000	34.750000	1.013826e+03
	972	500	243.000000	35.000000	1.015119e+03
	996	501	249.000000	35.250000	1.015859e+03
	963	502	240.750000	35.500000	1.015659e+03
	957	503	239.250000	35.750000	1.016099e+03
	975	503	243.750000	35.750000	1.014386e+03
	689	504	172.250000	36.000000	9.916437e+02
	980	504	245.000000	36.000000	1.014156e+03
	986	504	246.500000	36.000000	1.015184e+03
	991	504	247.750000	36.000000	1.015426e+03
	956	505	239.000000	36.250000	1.016169e+03
	960	505	240.000000	36.250000	1.015836e+03
	997	505	249.250000	36.250000	1.016359e+03
	972	506	243.000000	36.500000	1.014229e+03
	988	506	247.000000	36.500000	1.014879e+03
	954	507	238.500000	36.750000	1.016386e+03
	959	507	239.750000	36.750000	1.016256e+03
	979	508	244.750000	37.000000	1.014049e+03
	985	508	246.250000	37.000000	1.014241e+03
	968	509	242.000000	37.250000	1.015436e+03
	998	509	249.500000	37.250000	1.016741e+03
	952	510	238.000000	37.500000	1.016636e+03
	956	510	239.000000	37.500000	1.016699e+03
	972	510	243.000000	37.500000	1.015031e+03
	981	511	245.250000	37.750000	1.014171e+03
	970	513	242.500000	38.250000	1.015201e+03
	976	513	244.000000	38.250000	1.014019e+03
	997	513	249.250000	38.250000	1.016359e+03
	1000	513	250.000000	38.250000	1.016056e+03
	949	514	237.250000	38.500000	1.016779e+03
	960	514	240.000000	38.500000	1.018856e+03
	987	514	246.750000	38.500000	1.013116e+03
	967	516	241.750000	39.000000	1.016421e+03
	684	517	171.000000	39.250000	9.881663e+02
	733	518	183.250000	39.500000	1.011144e+03
	961	518	240.250000	39.500000	1.017246e+03
	997	518	249.250000	39.500000	1.017344e+03
	952	519	238.000000	39.750000	1.016419e+03
	681	520	170.250000	40.000000	9.876063e+02
	945	520	236.250000	40.000000	1.017509e+03
	969	520	242.250000	40.000000	1.016911e+03
	982	520	245.500000	40.000000	1.015691e+03
	988	520	247.000000	40.000000	1.015564e+03
	992	520	248.000000	40.000000	1.016486e+03
	957	521	239.250000	40.250000	1.017529e+03
	999	521	249.750000	40.250000	1.014886e+03
	951	522	237.750000	40.500000	1.016664e+03
	972	522	243.000000	40.500000	1.017124e+03
	960	523	240.000000	40.750000	1.018031e+03
	964	524	241.000000	41.000000	1.018051e+03
	980	524	245.000000	41.000000	1.016374e+03
	945	526	236.250000	41.500000	1.018864e+03
	967	526	241.750000	41.500000	1.018411e+03
	823	527	205.750000	41.750000	9.815812e+02
	958	527	239.500000	41.750000	1.019409e+03
	973	527	243.250000	41.750000	1.017866e+03
	992	527	248.000000	41.750000	1.017404e+03
	967	530	241.750000	42.500000	1.018976e+03
	987	530	246.750000	42.500000	1.016829e+03
	1000	530	250.000000	42.500000	1.014676e+03
	990	533	247.500000	43.250000	1.016646e+03
	660	535	165.000000	43.750000	9.825887e+02
	987	535	246.750000	43.750000	1.016754e+03
	993	535	248.250000	43.750000	1.016919e+03
	998	535	249.500000	43.750000	1.016504e+03
	969	536	242.250000	44.000000	1.019364e+03
	984	538	246.000000	44.500000	1.015154e+03
	992	541	248.000000	45.250000	1.014894e+03
	997	541	249.250000	45.250000	1.015064e+03
	994	543	248.500000	45.750000	1.015246e+03
	959	546	239.750000	46.500000	1.023714e+03
	968	547	242.000000	46.750000	1.024369e+03
	961	548	240.250000	47.000000	1.023694e+03
	983	549	245.750000	47.250000	1.019926e+03
	946	550	236.500000	47.500000	1.028301e+03
	960	552	240.000000	48.000000	1.024034e+03
	969	553	242.250000	48.250000	1.023376e+03
	983	553	245.750000	48.250000	1.020876e+03
	946	554	236.500000	48.500000	1.029034e+03
	972	554	243.000000	48.500000	1.023244e+03
	949	556	237.250000	49.000000	1.029074e+03
	916	557	229.000000	49.250000	1.032199e+03
	970	557	242.500000	49.250000	1.023794e+03
	937	558	234.250000	49.500000	1.028874e+03
	945	558	236.250000	49.500000	1.029001e+03
	960	558	240.000000	49.500000	1.026104e+03
	977	559	244.250000	49.750000	1.021339e+03
	942	560	235.500000	50.000000	1.029021e+03
	958	560	239.500000	50.000000	1.026626e+03
	981	560	245.250000	50.000000	1.021109e+03
	977	561	244.250000	50.250000	1.021296e+03
	950	562	237.500000	50.500000	1.027579e+03
	970	562	242.500000	50.500000	1.024831e+03
	755	563	188.750000	50.750000	9.970588e+02
	983	563	245.750000	50.750000	1.019344e+03
	948	564	237.000000	51.000000	1.027024e+03
	960	564	240.000000	51.000000	1.026671e+03
	945	565	236.250000	51.250000	1.028371e+03
	980	565	245.000000	51.250000	1.018414e+03
	956	567	239.000000	51.750000	1.028489e+03
	980	569	245.000000	52.250000	1.019069e+03
	945	570	236.250000	52.500000	1.028096e+03
	956	571	239.000000	52.750000	1.028509e+03
	963	571	240.750000	52.750000	1.026149e+03
	943	584	235.750000	56.000000	1.023021e+03
	978	587	244.500000	56.750000	1.016391e+03
	992	588	248.000000	57.000000	1.014516e+03
	808	589	202.000000	57.250000	1.007624e+03
	938	589	234.500000	57.250000	1.023021e+03
	992	589	248.000000	57.250000	1.014516e+03
	968	590	242.000000	57.500000	1.016674e+03
	928	591	232.000000	57.750000	1.024999e+03
	956	591	239.000000	57.750000	1.017256e+03
	964	591	241.000000	57.750000	1.016699e+03
	1000	591	250.000000	57.750000	1.015579e+03
	952	592	238.000000	58.000000	1.017194e+03
	893	593	223.250000	58.250000	1.023169e+03
	946	595	236.500000	58.750000	1.016871e+03
	982	595	245.500000	58.750000	1.017221e+03
	834	597	208.500000	59.250000	1.004989e+03
	956	597	239.000000	59.250000	1.018464e+03
	966	597	241.500000	59.250000	1.019929e+03
	928	599	232.000000	59.750000	1.019651e+03
	941	599	235.250000	59.750000	1.017099e+03
	971	599	242.750000	59.750000	1.020121e+03
	800	600	200.000000	60.000000	1.006856e+03
	922	600	230.500000	60.000000	1.018821e+03
