2014	12	23	129	21
	823	422	205.750000	15.500000	2.650251e+01
	826	424	206.500000	16.000000	1.466839e+01
	816	440	204.000000	20.000000	1.626955e+01
	818	441	204.500000	20.250000	1.908284e+01
	1000	452	250.000000	23.000000	1.576051e+01
	824	459	206.000000	24.750000	2.871067e+01
	826	462	206.500000	25.500000	4.165004e+01
	989	467	247.250000	26.750000	1.759670e+01
	833	469	208.250000	27.250000	2.916028e+01
	660	471	165.000000	27.750000	1.868087e+01
	836	471	209.000000	27.750000	2.046774e+01
	662	472	165.500000	28.000000	1.846036e+01
	664	473	166.000000	28.250000	1.923110e+01
	666	474	166.500000	28.500000	1.771150e+01
	668	475	167.000000	28.750000	1.854459e+01
	670	476	167.500000	29.000000	2.027975e+01
	672	477	168.000000	29.250000	2.161482e+01
	674	478	168.500000	29.500000	2.262031e+01
	839	478	209.750000	29.500000	3.019935e+01
	676	479	169.000000	29.750000	2.625433e+01
	680	481	170.000000	30.250000	3.153987e+01
	975	483	243.750000	30.750000	2.578421e+01
	844	484	211.000000	31.000000	3.519784e+01
	689	486	172.250000	31.500000	3.234406e+01
	848	487	212.000000	31.750000	2.771443e+01
	692	488	173.000000	32.000000	3.360011e+01
	695	490	173.750000	32.500000	3.321949e+01
	851	490	212.750000	32.500000	3.472813e+01
	699	493	174.750000	33.250000	3.062684e+01
	854	494	213.500000	33.500000	3.480901e+01
	857	496	214.250000	34.000000	3.214550e+01
	704	497	176.000000	34.250000	2.776775e+01
	983	499	245.750000	34.750000	1.668832e+01
	862	500	215.500000	35.000000	2.586363e+01
	957	500	239.250000	35.000000	2.515397e+01
	711	502	177.750000	35.500000	2.155375e+01
	868	505	217.000000	36.250000	2.615981e+01
	874	510	218.500000	37.500000	2.834743e+01
	882	514	220.500000	38.500000	2.949415e+01
	886	516	221.500000	39.000000	2.897555e+01
	946	516	236.500000	39.000000	1.973356e+01
	945	519	236.250000	39.750000	2.156444e+01
	952	521	238.000000	40.250000	1.749359e+01
	715	523	178.750000	40.750000	1.520764e+01
	733	523	183.250000	40.750000	2.018183e+01
	698	526	174.500000	41.500000	3.967771e+01
	906	526	226.500000	41.500000	1.917253e+01
	736	527	184.000000	41.750000	2.684245e+01
	739	529	184.750000	42.250000	3.646428e+01
	746	533	186.500000	43.250000	6.990038e+01
	697	534	174.250000	43.500000	3.416928e+01
	750	535	187.500000	43.750000	5.619081e+01
	753	536	188.250000	44.000000	4.510267e+01
	756	537	189.000000	44.250000	3.645443e+01
	759	538	189.750000	44.500000	3.048457e+01
	764	540	191.000000	45.000000	2.753415e+01
	692	542	173.000000	45.500000	5.618588e+01
	767	542	191.750000	45.500000	2.880066e+01
	770	544	192.500000	46.000000	2.869214e+01
	940	545	235.000000	46.250000	1.466070e+01
	673	546	168.250000	46.500000	7.834223e+01
	957	546	239.250000	46.500000	1.664447e+01
	962	546	240.500000	46.500000	1.732440e+01
	683	547	170.750000	46.750000	3.614182e+01
	775	550	193.750000	47.500000	2.474118e+01
	947	550	236.750000	47.500000	4.337032e+01
	950	552	237.500000	48.000000	3.434468e+01
	777	553	194.250000	48.250000	2.434938e+01
	778	555	194.500000	48.750000	2.471829e+01
	948	556	237.000000	49.000000	2.956943e+01
	940	558	235.000000	49.500000	2.166475e+01
	939	560	234.750000	50.000000	1.739046e+01
	775	570	193.750000	52.500000	3.871503e+01
	674	571	168.500000	52.750000	1.896038e+01
	679	571	169.750000	52.750000	1.921679e+01
	692	571	173.000000	52.750000	2.231244e+01
	894	571	223.500000	52.750000	3.376280e+01
	913	571	228.250000	52.750000	1.648113e+01
	671	572	167.750000	53.000000	2.098853e+01
	684	572	171.000000	53.000000	2.011518e+01
	688	572	172.000000	53.000000	2.137856e+01
	664	573	166.000000	53.250000	1.829177e+01
	770	573	192.500000	53.250000	4.311332e+01
	902	573	225.500000	53.250000	2.162664e+01
	908	573	227.000000	53.250000	2.173282e+01
	921	573	230.250000	53.250000	1.909379e+01
	660	574	165.000000	53.500000	1.707366e+01
	702	574	175.500000	53.500000	2.806779e+01
	697	575	174.250000	53.750000	2.964410e+01
	707	575	176.750000	53.750000	2.716351e+01
	774	575	193.500000	53.750000	4.460574e+01
	923	575	230.750000	53.750000	1.981612e+01
	694	576	173.500000	54.000000	2.910380e+01
	764	576	191.000000	54.000000	4.130203e+01
	761	577	190.250000	54.250000	3.869254e+01
	715	578	178.750000	54.500000	3.317986e+01
	773	578	193.250000	54.500000	2.344242e+01
	911	578	227.750000	54.500000	2.978473e+01
	915	578	228.750000	54.500000	2.220646e+01
	711	579	177.750000	54.750000	3.466115e+01
	757	579	189.250000	54.750000	3.778442e+01
	786	579	196.500000	54.750000	1.641579e+01
	895	579	223.750000	54.750000	3.244585e+01
	907	579	226.750000	54.750000	4.694044e+01
	902	580	225.500000	55.000000	5.476989e+01
	912	580	228.000000	55.000000	3.764311e+01
	910	582	227.500000	55.500000	3.767373e+01
	686	583	171.500000	55.750000	3.675219e+01
	742	584	185.500000	56.000000	3.048340e+01
	804	585	201.000000	56.250000	1.977941e+01
	734	586	183.500000	56.500000	2.882037e+01
	697	587	174.250000	56.750000	3.202954e+01
	891	587	222.750000	56.750000	1.570995e+01
	702	588	175.500000	57.000000	2.794759e+01
	723	588	180.750000	57.000000	2.882411e+01
	711	589	177.750000	57.250000	2.646672e+01
	717	589	179.250000	57.250000	2.783786e+01
	893	589	223.250000	57.250000	1.676319e+01
	971	590	242.750000	57.500000	1.557877e+01
	979	590	244.750000	57.500000	1.621171e+01
	820	592	205.000000	58.000000	1.114973e+01
	954	593	238.500000	58.250000	1.777671e+01
	823	594	205.750000	58.500000	1.645676e+01
	958	594	239.500000	58.500000	1.352089e+01
	885	595	221.250000	58.750000	4.577726e+01
	890	595	222.500000	58.750000	7.040287e-01
	949	596	237.250000	59.000000	1.771261e+01
	945	598	236.250000	59.500000	1.803317e+01
	870	600	217.500000	60.000000	2.148532e+01
