2014	10	3	70	3
	816	440	204.000000	20.000000	1.873705e+01
	998	478	249.500000	29.500000	1.704013e+01
	989	485	247.250000	31.250000	2.026406e+01
	988	487	247.000000	31.750000	1.793362e+01
	974	488	243.500000	32.000000	1.673673e+01
	781	495	195.250000	33.750000	2.034396e+01
	786	496	196.500000	34.000000	1.829053e+01
	792	497	198.000000	34.250000	1.562104e+01
	795	498	198.750000	34.500000	1.505392e+01
	983	499	245.750000	34.750000	1.820315e+01
	959	500	239.750000	35.000000	1.652654e+01
	816	506	204.000000	36.500000	1.641048e+01
	832	523	208.000000	40.750000	5.557884e+01
	864	526	216.000000	41.500000	1.701446e+01
	876	538	219.000000	44.500000	3.633280e+01
	740	545	185.000000	46.250000	1.342568e+01
	888	548	222.000000	47.000000	2.309959e+01
	732	551	183.000000	47.750000	2.709646e+01
	729	553	182.250000	48.250000	3.136003e+01
	932	555	233.000000	48.750000	1.716548e+01
	787	557	196.750000	49.250000	1.584919e+01
	827	557	206.750000	49.250000	1.504233e+01
	722	558	180.500000	49.500000	2.916199e+01
	783	558	195.750000	49.500000	1.533826e+01
	830	558	207.500000	49.500000	1.535725e+01
	719	559	179.750000	49.750000	3.382750e+01
	833	559	208.250000	49.750000	1.679171e+01
	929	559	232.250000	49.750000	1.593489e+01
	716	560	179.000000	50.000000	3.440266e+01
	766	560	191.500000	50.000000	1.510825e+01
	897	560	224.250000	50.000000	1.939447e+01
	713	561	178.250000	50.250000	3.418012e+01
	761	561	190.250000	50.250000	1.652680e+01
	838	561	209.500000	50.250000	1.613310e+01
	756	562	189.000000	50.500000	1.496905e+01
	898	562	224.500000	50.500000	1.954053e+01
	708	564	177.000000	51.000000	3.271923e+01
	900	565	225.000000	51.250000	1.831768e+01
	924	565	231.000000	51.250000	1.525509e+01
	836	567	209.000000	51.750000	2.519477e+01
	923	567	230.750000	51.750000	1.662239e+01
	839	568	209.750000	52.000000	3.428326e+01
	903	568	225.750000	52.000000	1.672494e+01
	922	569	230.500000	52.250000	2.210921e+01
	904	572	226.000000	53.000000	2.010936e+01
	919	572	229.750000	53.000000	2.607797e+01
	842	573	210.500000	53.250000	6.756236e+01
	913	575	228.250000	53.750000	2.683491e+01
	833	576	208.250000	54.000000	2.848577e+01
	911	578	227.750000	54.500000	3.909168e+01
	800	581	200.000000	55.250000	1.727941e+01
	904	581	226.000000	55.250000	6.771755e+01
	900	583	225.000000	55.750000	6.850925e+01
	800	584	200.000000	56.000000	2.372873e+01
	840	585	210.000000	56.250000	6.224777e+01
	952	585	238.000000	56.250000	1.509922e+01
	892	586	223.000000	56.500000	4.360093e+01
	887	587	221.750000	56.750000	3.986403e+01
	845	588	211.250000	57.000000	6.364918e+01
	875	589	218.750000	57.250000	3.625620e+01
	824	590	206.000000	57.500000	2.389971e+01
	892	590	223.000000	57.500000	1.823392e+01
	859	591	214.750000	57.750000	4.194594e+01
	864	591	216.000000	57.750000	4.022733e+01
	952	591	238.000000	57.750000	1.905081e+01
	889	592	222.250000	58.000000	3.250369e+00
	819	594	204.750000	58.500000	1.759270e+01
	945	595	236.250000	58.750000	1.701629e+01
	797	600	199.250000	60.000000	1.443290e+01
	837	600	209.250000	60.000000	3.406395e+01
