2014	12	15	130	0
	809	436	202.250000	19.000000	1.291589e+01
	812	438	203.000000	19.500000	2.482786e+01
	815	439	203.750000	19.750000	3.976084e+01
	904	470	226.000000	27.500000	1.633170e+01
	906	471	226.500000	27.750000	1.747483e+01
	909	473	227.250000	28.250000	1.682077e+01
	914	477	228.500000	29.250000	2.114833e+01
	918	480	229.500000	30.000000	1.815029e+01
	676	485	169.000000	31.250000	1.252252e+01
	924	485	231.000000	31.250000	1.616687e+01
	680	489	170.000000	32.250000	2.509267e+01
	685	491	171.250000	32.750000	1.912599e+01
	931	492	232.750000	33.000000	1.729400e+01
	691	494	172.750000	33.500000	2.900336e+01
	934	496	233.500000	34.000000	1.822055e+01
	699	499	174.750000	34.750000	2.752017e+01
	936	499	234.000000	34.750000	1.564157e+01
	704	502	176.000000	35.500000	2.723307e+01
	938	502	234.500000	35.500000	1.601004e+01
	707	504	176.750000	36.000000	2.760889e+01
	940	505	235.000000	36.250000	1.330487e+01
	713	508	178.250000	37.000000	2.588919e+01
	942	516	235.500000	39.000000	3.209634e+01
	940	519	235.000000	39.750000	4.791273e+01
	939	521	234.750000	40.250000	4.607593e+01
	756	523	189.000000	40.750000	2.711741e+01
	769	523	192.250000	40.750000	2.815521e+01
	938	523	234.500000	40.750000	4.986246e+01
	752	524	188.000000	41.000000	2.714762e+01
	786	524	196.500000	41.000000	2.262860e+01
	747	525	186.750000	41.250000	2.505350e+01
	937	525	234.250000	41.250000	5.103804e+01
	741	526	185.250000	41.500000	2.254328e+01
	738	527	184.500000	41.750000	2.065769e+01
	735	528	183.750000	42.000000	1.863370e+01
	935	528	233.750000	42.000000	5.771198e+01
	729	529	182.250000	42.250000	1.611614e+01
	934	530	233.500000	42.500000	5.807449e+01
	700	536	175.000000	44.000000	2.294736e+01
	718	536	179.500000	44.000000	3.135183e+01
	926	536	231.500000	44.000000	6.235978e+01
	713	538	178.250000	44.500000	4.059453e+01
	707	540	176.750000	45.000000	4.419325e+01
	923	540	230.750000	45.000000	4.676351e+01
	692	541	173.000000	45.250000	7.377267e+01
	704	541	176.000000	45.250000	4.869083e+01
	948	541	237.000000	45.250000	2.495634e+01
	911	549	227.750000	47.250000	5.467189e+01
	950	550	237.500000	47.500000	1.967770e+01
	909	552	227.250000	48.000000	4.456644e+01
	946	552	236.500000	48.000000	2.810286e+01
	908	554	227.000000	48.500000	3.705719e+01
	661	555	165.250000	48.750000	1.783003e+01
	848	555	212.000000	48.750000	4.481183e+01
	907	556	226.750000	49.000000	3.244182e+01
	942	557	235.500000	49.250000	1.702300e+01
	845	559	211.250000	49.750000	5.033399e+01
	905	560	226.250000	50.000000	3.607080e+01
	937	560	234.250000	50.000000	2.087928e+01
	844	561	211.000000	50.250000	4.984134e+01
	904	562	226.000000	50.500000	4.083877e+01
	933	562	233.250000	50.500000	1.901775e+01
	841	565	210.250000	51.250000	4.703387e+01
	876	565	219.000000	51.250000	1.948656e+01
	902	565	225.500000	51.250000	4.432243e+01
	901	567	225.250000	51.750000	4.251962e+01
	868	568	217.000000	52.000000	1.652915e+01
	838	569	209.500000	52.250000	4.363804e+01
	663	570	165.750000	52.500000	1.598617e+01
	865	570	216.250000	52.500000	1.500745e+01
	899	570	224.750000	52.500000	3.734694e+01
	897	573	224.250000	53.250000	3.255693e+01
	773	574	193.250000	53.500000	1.882408e+01
	832	574	208.000000	53.500000	3.524019e+01
	912	574	228.000000	53.500000	1.542607e+01
	770	575	192.500000	53.750000	3.896281e+00
	660	576	165.000000	54.000000	2.632169e+01
	829	576	207.250000	54.000000	2.948075e+01
	664	577	166.000000	54.250000	2.536959e+01
	826	577	206.500000	54.250000	2.830146e+01
	894	577	223.500000	54.250000	3.166481e+01
	667	578	166.750000	54.500000	2.455532e+01
	676	578	169.000000	54.500000	1.516903e+01
	681	578	170.250000	54.500000	1.591318e+01
	685	578	171.250000	54.500000	1.661049e+01
	692	578	173.000000	54.500000	1.531771e+01
	696	578	174.000000	54.500000	1.467339e+01
	785	578	196.250000	54.500000	2.333030e+01
	673	579	168.250000	54.750000	1.584024e+01
	822	579	205.500000	54.750000	2.442097e+01
	893	579	223.250000	54.750000	3.276154e+01
	794	581	198.500000	55.250000	1.751501e+01
	814	581	203.500000	55.250000	2.401065e+01
	771	582	192.750000	55.500000	5.271889e+01
	810	582	202.500000	55.500000	2.796289e+01
	891	582	222.750000	55.500000	3.118409e+01
	760	583	190.000000	55.750000	3.663855e+01
	806	583	201.500000	55.750000	3.339734e+01
	753	585	188.250000	56.250000	3.568511e+01
	796	585	199.000000	56.250000	2.077900e+01
	889	585	222.250000	56.250000	3.018558e+01
	747	587	186.750000	56.750000	3.522953e+01
	789	587	197.250000	56.750000	3.379970e+01
	886	588	221.500000	57.000000	3.237226e+01
	741	589	185.250000	57.250000	3.467589e+01
	815	589	203.750000	57.250000	2.044075e+01
	820	590	205.000000	57.500000	1.895067e+01
	712	591	178.000000	57.750000	3.623512e+01
	830	591	207.500000	57.750000	3.308902e+01
	834	591	208.500000	57.750000	2.678768e+01
	825	592	206.250000	58.000000	2.350350e+01
	888	592	222.000000	58.000000	5.257292e+00
	898	592	224.500000	58.000000	1.721017e+01
	952	592	238.000000	58.000000	2.069180e+01
	725	594	181.250000	58.500000	2.450024e+01
	818	594	204.500000	58.500000	1.004835e+01
	948	594	237.000000	58.500000	2.197114e+01
	834	595	208.500000	58.750000	1.894238e+01
	717	596	179.250000	59.000000	2.273973e+01
	826	596	206.500000	59.000000	3.594691e+01
	839	596	209.750000	59.000000	1.293642e+01
	713	597	178.250000	59.250000	2.354633e+01
	819	597	204.750000	59.250000	2.890611e+01
	868	598	217.000000	59.500000	4.139832e+01
	699	599	174.750000	59.750000	5.563040e+01
	705	599	176.250000	59.750000	2.850329e+01
	832	599	208.000000	59.750000	1.555966e+01
	862	599	215.500000	59.750000	4.119752e+01
	836	600	209.000000	60.000000	2.553770e+01
	853	600	213.250000	60.000000	2.623116e+01
