2015	1	30	77	21
	663	445	165.750000	21.250000	2.250930e+01
	667	456	166.750000	24.000000	1.619094e+01
	842	462	210.500000	25.500000	1.543179e+01
	845	464	211.250000	26.000000	1.674098e+01
	849	467	212.250000	26.750000	1.548110e+01
	666	468	166.500000	27.000000	4.104570e+01
	852	469	213.000000	27.250000	1.771072e+01
	856	473	214.000000	28.250000	4.035283e+01
	857	475	214.250000	28.750000	4.279420e+01
	859	478	214.750000	29.500000	3.933582e+01
	677	479	169.250000	29.750000	2.463455e+01
	861	481	215.250000	30.250000	4.020871e+01
	862	483	215.500000	30.750000	3.754449e+01
	863	485	215.750000	31.250000	3.524094e+01
	864	487	216.000000	31.750000	3.466723e+01
	676	488	169.000000	32.000000	1.512495e+01
	865	490	216.250000	32.500000	3.706876e+01
	687	491	171.750000	32.750000	4.751773e+01
	680	493	170.000000	33.250000	1.806213e+01
	866	493	216.500000	33.250000	3.802162e+01
	867	496	216.750000	34.000000	3.895741e+01
	680	497	170.000000	34.250000	5.275196e+01
	804	497	201.000000	34.250000	1.874830e+01
	868	499	217.000000	34.750000	4.037117e+01
	983	499	245.750000	34.750000	1.523197e+01
	666	500	166.500000	35.000000	2.557444e+01
	869	506	217.250000	36.500000	3.814338e+01
	671	509	167.750000	37.250000	1.603541e+01
	944	510	236.000000	37.500000	1.578295e+01
	672	512	168.000000	38.000000	2.306068e+01
	674	516	168.500000	39.000000	2.569932e+01
	868	517	217.000000	39.250000	3.146510e+01
	823	518	205.750000	39.500000	2.556148e+01
	675	519	168.750000	39.750000	2.859269e+01
	867	520	216.750000	40.000000	2.613552e+01
	952	521	238.000000	40.250000	3.165437e+01
	677	522	169.250000	40.500000	3.059490e+01
	866	522	216.500000	40.500000	2.205921e+01
	944	523	236.000000	40.750000	2.095119e+01
	675	524	168.750000	41.000000	9.680718e+00
	679	525	169.750000	41.250000	2.998076e+01
	851	527	212.750000	41.750000	3.920741e+01
	677	528	169.250000	42.000000	1.439454e+01
	680	529	170.000000	42.250000	2.617990e+01
	821	529	205.250000	42.250000	2.988272e+01
	835	529	208.750000	42.250000	9.652037e+01
	858	529	214.500000	42.250000	4.568776e+01
	801	531	200.250000	42.750000	2.627499e+01
	817	531	204.250000	42.750000	4.649965e+01
	943	531	235.750000	42.750000	2.049357e+01
	824	533	206.000000	43.250000	2.066035e+01
	682	537	170.500000	44.250000	2.607068e+01
	844	540	211.000000	45.000000	1.935980e+01
	847	541	211.750000	45.250000	2.056746e+01
	859	541	214.750000	45.250000	1.569061e+01
	850	542	212.500000	45.500000	2.083010e+01
	668	554	167.000000	48.500000	2.898039e+01
	660	558	165.000000	49.500000	2.980568e+01
	665	562	166.250000	50.500000	4.562922e+01
	928	566	232.000000	51.500000	1.813099e+01
	919	569	229.750000	52.250000	1.547130e+01
	927	569	231.750000	52.250000	2.750524e+01
	926	571	231.500000	52.750000	2.566756e+01
	660	572	165.000000	53.000000	1.718392e+01
	923	573	230.750000	53.250000	2.818589e+01
	778	577	194.500000	54.250000	1.755073e+01
	781	579	195.250000	54.750000	1.396647e+01
	787	581	196.750000	55.250000	2.042420e+01
	660	588	165.000000	57.000000	4.129994e+01
	662	591	165.500000	57.750000	3.433990e+01
	905	591	226.250000	57.750000	1.636628e+01
	669	597	167.250000	59.250000	2.512255e+01
	671	599	167.750000	59.750000	2.276038e+01
	860	599	215.000000	59.750000	1.945412e+01
	807	600	201.750000	60.000000	1.928021e+01
	836	600	209.000000	60.000000	1.696536e+01
	866	600	216.500000	60.000000	1.883256e+01
