2015	1	16	72	9
	969	423	242.250000	15.750000	4.462277e+01
	976	423	244.000000	15.750000	3.998101e+01
	823	475	205.750000	28.750000	1.547363e+01
	826	477	206.500000	29.250000	1.691003e+01
	829	479	207.250000	29.750000	1.749196e+01
	986	479	246.500000	29.750000	1.934800e+01
	832	481	208.000000	30.250000	2.244798e+01
	985	482	246.250000	30.500000	1.724077e+01
	975	484	243.750000	31.000000	1.619672e+01
	840	486	210.000000	31.500000	1.988369e+01
	992	487	248.000000	31.750000	1.328419e+01
	993	489	248.250000	32.250000	1.688630e+01
	848	491	212.000000	32.750000	2.213997e+01
	950	521	237.500000	40.250000	2.996981e+01
	941	523	235.250000	40.750000	3.357291e+01
	771	525	192.750000	41.250000	2.320813e+01
	942	527	235.500000	41.750000	4.620209e+01
	939	529	234.750000	42.250000	6.604678e+00
	943	533	235.750000	43.250000	2.077187e+01
	946	537	236.500000	44.250000	2.780017e+01
	948	540	237.000000	45.000000	3.409943e+01
	949	542	237.250000	45.500000	3.126133e+01
	960	544	240.000000	46.000000	1.743649e+01
	964	544	241.000000	46.000000	1.757631e+01
	853	545	213.250000	46.250000	3.390081e+01
	948	545	237.000000	46.250000	2.454773e+01
	962	546	240.500000	46.500000	1.736177e+01
	852	547	213.000000	46.750000	3.630198e+01
	961	548	240.250000	47.000000	1.331853e+01
	851	550	212.750000	47.500000	3.676210e+01
	947	550	236.750000	47.500000	4.067669e+01
	943	551	235.750000	47.750000	1.204692e+01
	950	551	237.500000	47.750000	3.962583e+01
	942	555	235.500000	48.750000	4.917696e+01
	948	556	237.000000	49.000000	3.472958e+01
	851	557	212.750000	49.250000	2.457763e+01
	937	557	234.250000	49.250000	5.130370e+01
	945	557	236.250000	49.250000	3.849038e+01
	941	558	235.250000	49.500000	4.135703e+01
	932	564	233.000000	51.000000	2.633124e+01
	858	566	214.500000	51.500000	3.546538e+01
	804	567	201.000000	51.750000	1.522219e+01
	772	574	193.000000	53.500000	1.714839e+01
	923	575	230.750000	53.750000	1.617396e+01
	798	577	199.500000	54.250000	1.593433e+01
	802	579	200.500000	54.750000	1.307533e+01
	996	584	249.000000	56.000000	1.709064e+01
	806	585	201.500000	56.250000	1.853511e+01
	970	586	242.500000	56.500000	1.060182e+01
	810	587	202.500000	56.750000	1.639002e+01
	826	588	206.500000	57.000000	1.956721e+01
	989	588	247.250000	57.000000	1.098887e+01
	815	589	203.750000	57.250000	2.366062e+01
	970	589	242.500000	57.250000	2.105236e+01
	829	590	207.250000	57.500000	4.004882e+01
	904	590	226.000000	57.500000	1.700676e+01
	979	590	244.750000	57.500000	2.393311e+01
	993	590	248.250000	57.500000	3.181186e+01
	812	592	203.000000	58.000000	1.277505e+01
	970	592	242.500000	58.000000	2.043578e+01
	806	593	201.500000	58.250000	3.369327e+01
	824	593	206.000000	58.250000	2.357619e+01
	893	594	223.250000	58.500000	5.000563e+01
	993	594	248.250000	58.500000	2.144613e+01
	898	595	224.500000	58.750000	1.764865e+01
	983	595	245.750000	58.750000	1.102340e+01
	826	596	206.500000	59.000000	3.447116e+01
	821	597	205.250000	59.250000	2.729682e+01
	985	597	246.250000	59.250000	2.513707e+01
	830	598	207.500000	59.500000	5.042498e+00
	983	599	245.750000	59.750000	1.971021e+01
	971	600	242.750000	60.000000	1.873190e+01
