2014	11	12	124	12
	972	444	243.000000	21.000000	2.102431e+01
	989	474	247.250000	28.500000	1.615466e+01
	984	477	246.000000	29.250000	1.623249e+01
	987	478	246.750000	29.500000	1.769633e+01
	979	481	244.750000	30.250000	1.693052e+01
	983	481	245.750000	30.250000	2.339545e+01
	984	483	246.000000	30.750000	1.749731e+01
	778	490	194.500000	32.500000	1.570386e+01
	784	493	196.000000	33.250000	2.612506e+01
	709	494	177.250000	33.500000	1.500113e+01
	704	496	176.000000	34.000000	2.672539e+01
	961	498	240.250000	34.500000	1.605835e+01
	695	500	173.750000	35.000000	1.865612e+01
	688	502	172.000000	35.500000	2.673440e+01
	683	504	170.750000	36.000000	2.390631e+01
	804	504	201.000000	36.000000	1.540391e+01
	679	506	169.750000	36.500000	3.348515e+01
	788	506	197.000000	36.500000	3.950035e+01
	789	508	197.250000	37.000000	4.315823e+01
	794	508	198.500000	37.000000	3.038387e+01
	670	510	167.500000	37.500000	4.764269e+01
	790	510	197.500000	37.500000	4.930435e+01
	666	512	166.500000	38.000000	4.974729e+01
	791	512	197.750000	38.000000	6.261785e+01
	662	513	165.500000	38.250000	4.928471e+01
	796	514	199.000000	38.500000	2.427425e+00
	793	515	198.250000	38.750000	9.191096e+01
	908	515	227.000000	38.750000	1.664753e+01
	790	517	197.500000	39.250000	-1.341260e+00
	794	517	198.500000	39.250000	6.922811e+01
	907	517	226.750000	39.250000	1.954595e+01
	791	519	197.750000	39.750000	-4.459554e-01
	906	519	226.500000	39.750000	2.232333e+01
	796	520	199.000000	40.000000	6.937204e+01
	873	521	218.250000	40.250000	1.615234e+01
	905	521	226.250000	40.250000	2.307199e+01
	797	522	199.250000	40.500000	7.479098e+01
	864	522	216.000000	40.500000	1.885462e+01
	798	524	199.500000	41.000000	7.318621e+01
	903	524	225.750000	41.000000	1.779289e+01
	990	525	247.500000	41.250000	1.745391e+01
	866	526	216.500000	41.500000	2.745041e+01
	800	527	200.000000	41.750000	7.136136e+01
	804	527	201.000000	41.750000	-3.236240e+00
	857	527	214.250000	41.750000	1.670469e+01
	864	528	216.000000	42.000000	2.306892e+01
	801	529	200.250000	42.250000	6.816559e+01
	855	529	213.750000	42.250000	1.809314e+01
	873	529	218.250000	42.250000	2.883611e+01
	863	530	215.750000	42.500000	2.377391e+01
	853	531	213.250000	42.750000	1.672080e+01
	862	532	215.500000	43.000000	2.477766e+01
	802	533	200.500000	43.250000	6.618086e+01
	856	533	214.000000	43.250000	1.514299e+01
	894	534	223.500000	43.500000	1.909941e+01
	803	536	200.750000	44.000000	5.923363e+01
	892	536	223.000000	44.000000	2.609794e+01
	946	536	236.500000	44.000000	1.999372e+01
	854	537	213.500000	44.250000	2.335683e+01
	957	540	239.250000	45.000000	1.566686e+01
	948	541	237.000000	45.250000	3.825214e+01
	953	542	238.250000	45.500000	1.687487e+01
	798	543	199.500000	45.750000	3.488636e+00
	802	543	200.500000	45.750000	9.605683e+01
	882	543	220.500000	45.750000	2.155858e+01
	943	544	235.750000	46.000000	2.371916e+01
	959	545	239.750000	46.250000	4.112983e+00
	964	545	241.000000	46.250000	3.086570e+01
	860	546	215.000000	46.500000	2.913897e+01
	969	546	242.250000	46.500000	1.760249e+01
	954	547	238.500000	46.750000	3.084231e+00
	950	549	237.500000	47.250000	3.131031e+01
	801	550	200.250000	47.500000	7.510690e+01
	742	551	185.500000	47.750000	1.720821e+01
	940	552	235.000000	48.000000	1.764624e+01
	946	552	236.500000	48.000000	3.680918e+01
	744	553	186.000000	48.250000	2.026829e+01
	798	554	199.500000	48.500000	-4.212411e+00
	844	554	211.000000	48.500000	3.448767e+01
	952	556	238.000000	49.000000	1.975332e+01
	841	558	210.250000	49.500000	3.959107e+01
	937	560	234.250000	50.000000	2.195704e+01
	744	561	186.000000	50.250000	3.970488e+01
	839	561	209.750000	50.250000	4.178998e+01
	933	562	233.250000	50.500000	1.602464e+01
	733	563	183.250000	50.750000	2.698216e+01
	838	563	209.500000	50.750000	4.397248e+01
	929	563	232.250000	50.750000	1.593630e+01
	837	565	209.250000	51.250000	4.495226e+01
	836	567	209.000000	51.750000	4.438613e+01
	788	572	197.000000	53.000000	2.752656e+01
	828	573	207.000000	53.250000	1.802383e+01
	827	575	206.750000	53.750000	2.318563e+01
	779	577	194.750000	54.250000	1.984341e+01
	826	577	206.500000	54.250000	2.733945e+01
	824	580	206.000000	55.000000	3.280281e+01
	967	580	241.750000	55.000000	1.742498e+01
	823	582	205.750000	55.500000	3.392163e+01
	716	583	179.000000	55.750000	4.065067e+01
	783	583	195.750000	55.750000	1.180806e+01
	804	585	201.000000	56.250000	1.853689e+01
	779	586	194.750000	56.500000	1.916133e+01
	820	586	205.000000	56.500000	3.560320e+01
	716	589	179.000000	57.250000	5.368886e+01
	774	589	193.500000	57.250000	2.053069e+01
	816	589	204.000000	57.250000	3.388469e+01
	749	590	187.250000	57.500000	3.143527e+01
	813	591	203.250000	57.750000	2.060419e+01
	829	591	207.250000	57.750000	1.808224e+01
	768	593	192.000000	58.250000	1.277684e+01
	810	593	202.500000	58.250000	1.300322e+01
	824	593	206.000000	58.250000	2.287877e+01
	956	593	239.000000	58.250000	1.728981e+01
	707	595	176.750000	58.750000	3.205936e+01
	828	595	207.000000	58.750000	1.391252e+01
	742	596	185.500000	59.000000	1.829107e+01
	823	596	205.750000	59.000000	3.589983e+01
	705	597	176.250000	59.250000	3.165481e+01
	704	599	176.000000	59.750000	3.227365e+01
	738	599	184.500000	59.750000	1.272178e+01
	809	599	202.250000	59.750000	1.562063e+01
	671	600	167.750000	60.000000	2.006453e+01
	681	600	170.250000	60.000000	1.769035e+01
	804	600	201.000000	60.000000	3.371288e+01
